 1 -3.01335
 2 -2.97562
 3 -2.90276
 4 -3.05145
 5 -2.97219
 6 -2.98197
 7 -2.89258
 8 -3.03077
 9 -2.91265
 10 -2.91775
 11 -2.87316
 12 -3.03386
 13 -2.9492
 14 -3.00332
 15 -2.97484
 16 -3.09188
 17 -2.84333
 18 -2.84165
 19 -2.7802
 20 -2.84872
 21 -2.67713
 22 -2.61404
 23 -2.47799
 24 -2.58179
 25 -2.50219
 26 -2.47431
 27 -2.29137
 28 -2.47901
 29 -2.42427
 30 -2.51848
 31 -2.57296
 32 -2.81374
 33 -2.74078
 34 -2.73141
 35 -2.63269
 36 -2.68461
 37 -2.56018
 38 -2.64223
 39 -2.5237
 40 -2.47038
 41 -2.24902
 42 -2.36137
 43 -2.38042
 44 -2.45511
 45 -2.54497
 46 -2.42522
 47 -2.35746
 48 -2.47612
 49 -2.52746
 50 -2.47023
 51 -2.43164
 52 -2.64488
 53 -2.28149
 54 -2.16584
 55 -2.18656
 56 -2.48216
 57 -2.24092
 58 -2.01798
 59 -1.55325
 60 -1.81428
 61 -1.7621
 62 -1.89698
 63 -1.95256
 64 -2.58587
 65 -2.23185
 66 -1.84854
 67 -1.64806
 68 -2.09237
