 1 -5.61869
 2 -4.3015
 3 -4.20477
 4 -4.09696
 5 -3.49877
 6 -4.03992
 7 -4.23367
 8 -3.49277
 9 -4.36967
 10 -3.57808
 11 -3.83416
 12 -3.64377
 13 -4.48353
 14 -3.34299
 15 -3.24987
 16 -3.38288
 17 -4.12832
 18 -3.60142
 19 -3.85574
 20 -3.99419
 21 -3.55082
 22 -3.33006
 23 -3.48217
 24 -3.15269
 25 -2.90352
 26 -3.29012
 27 -3.48489
 28 -3.18195
 29 -2.89806
 30 -3.15272
 31 -3.61691
 32 -3.29074
 33 -3.7322
 34 -3.01946
 35 -3.59151
 36 -3.21342
 37 -2.97901
 38 -3.74289
 39 -3.75587
 40 -3.14705
 41 -3.48631
 42 -3.40624
 43 -3.28082
 44 -3.0775
 45 -3.65433
 46 -3.02675
 47 -3.82894
 48 -3.39133
 49 -3.57327
 50 -3.02338
 51 -3.22548
 52 -3.42876
 53 -2.75187
 54 -2.96517
 55 -3.35155
 56 -3.04333
 57 -3.01634
 58 -3.2898
 59 -3.60951
 60 -3.29192
 61 -3.79765
 62 -3.3117
 63 -3.4079
 64 -3.27416
 65 -4.28228
 66 -3.62888
 67 -3.68595
 68 -3.85627
 69 -3.21911
 70 -3.56788
 71 -3.012
 72 -3.13133
 73 -3.01908
 74 -3.42083
 75 -3.27028
 76 -3.30524
 77 -2.87447
 78 -2.68546
 79 -3.03875
 80 -2.95685
 81 -3.00143
 82 -2.98769
 83 -3.59524
 84 -3.45616
 85 -3.2976
 86 -3.29088
 87 -3.24766
 88 -2.99589
 89 -3.46269
 90 -2.92164
 91 -3.28604
 92 -3.24199
 93 -0.81225
 94 -2.66091
 95 -2.76658
 96 -2.16386
 97 -2.16068
 98 -2.52015
 99 -2.72746
 100 -2.40638
 101 -1.60261
 102 -2.98396
 103 -3.21719
 104 -2.34573
 105 -1.87063
 106 -2.95956
 107 -2.5543
 108 -2.35983
 109 -2.63693
 110 -2.5411
 111 -2.15513
 112 -2.42945
 113 -1.90226
 114 -2.76998
 115 -2.99904
 116 -2.28885
 117 -2.21807
 118 -2.51577
 119 -2.81731
 120 -2.8773
 121 -1.89072
 122 -2.72294
 123 -2.72386
 124 -2.62142
 125 -1.2207
 126 -2.05989
 127 -2.24065
 128 -1.78951
 129 -1.82548
 130 -2.70225
 131 -2.23382
 132 -2.43773
 133 -2.02133
 134 -2.44116
 135 -2.67879
 136 -2.24164
 137 -2.07071
 138 -2.47537
 139 -2.24169
 140 -1.9004
 141 -2.5652
 142 -2.77325
 143 -2.14596
 144 -1.93846
 145 -1.84828
 146 -2.30195
 147 -2.32692
 148 -1.5361
 149 -1.89049
 150 -2.29868
 151 -2.07285
 152 -1.4241
 153 -1.64765
 154 -2.03491
 155 -1.95358
 156 -0.989996
 157 -2.17249
 158 -2.01593
 159 -2.32252
 160 -1.88086
 161 -2.07506
 162 -2.33572
 163 -2.5177
 164 -1.96168
 165 -2.17972
 166 -2.07564
 167 -1.96092
 168 -2.27799
 169 -2.38197
 170 -2.27822
 171 -2.18198
 172 -1.80321
 173 -2.23991
 174 -1.98859
 175 -2.35166
 176 -1.7505
 177 -1.77829
 178 -2.696
 179 -2.56365
 180 -2.46418
 181 -2.15357
 182 -2.32205
 183 -2.38363
 184 -2.48931
 185 -3.01762
 186 -2.47612
 187 -2.71943
 188 -2.51238
 189 -3.53254
 190 -2.63026
 191 -2.51441
 192 -2.27653
 193 -2.528
 194 -2.21496
 195 -2.09804
 196 -2.0659
 197 -2.4386
 198 -2.28616
 199 -2.07445
 200 -0.591674
