 1 -4.17856
 2 -4.12116
 3 -4.01878
 4 -4.16857
 5 -4.17043
 6 -4.1543
 7 -4.05309
 8 -4.21892
 9 -4.1089
 10 -4.08618
 11 -3.96143
 12 -4.21167
 13 -4.13808
 14 -4.16439
 15 -4.15524
 16 -4.30631
 17 -4.50943
 18 -4.48691
 19 -4.40843
 20 -4.58092
 21 -4.44615
 22 -4.26426
 23 -4.1535
 24 -4.20508
 25 -4.44928
 26 -4.41282
 27 -4.22842
 28 -4.42636
 29 -3.89069
 30 -3.91119
 31 -3.94635
 32 -4.285
 33 -4.25413
 34 -4.23986
 35 -4.05322
 36 -4.15023
 37 -3.72983
 38 -3.91463
 39 -3.89703
 40 -3.87169
 41 -4.1267
 42 -3.86808
 43 -3.69576
 44 -3.98573
 45 -3.98163
 46 -3.68052
 47 -3.58513
 48 -4.0181
 49 -3.88601
 50 -3.58887
 51 -3.55577
 52 -3.97441
 53 -3.90203
 54 -3.66373
 55 -3.07903
 56 -3.34715
 57 -3.05623
 58 -3.34876
 59 -3.39487
 60 -4.25796
 61 -3.89459
 62 -3.36204
 63 -3.04398
 64 -3.58852
