 1 -5.38035
 2 -4.5986
 3 -4.90673
 4 -4.85832
 5 -5.6971
 6 -4.44069
 7 -3.7678
 8 -4.18925
 9 -3.76731
 10 -4.13748
 11 -4.28157
 12 -4.43678
 13 -3.90421
 14 -3.09404
 15 -3.81895
 16 -3.93563
 17 -4.1783
 18 -4.18541
 19 -5.23087
 20 -4.35075
 21 -4.09816
 22 -3.92701
 23 -3.30724
 24 -3.68397
 25 -3.86935
 26 -3.83017
 27 -4.32326
 28 -3.51664
 29 -3.88535
 30 -3.956
 31 -3.91604
 32 -3.63549
 33 -3.96737
 34 -3.9348
 35 -4.50042
 36 -3.51899
 37 -3.77648
 38 -4.1904
 39 -3.87538
 40 -3.91436
 41 -3.78198
 42 -4.30742
 43 -3.87502
 44 -3.31719
 45 -4.2984
 46 -3.73595
 47 -3.45242
 48 -3.93529
 49 -4.18251
 50 -4.48154
 51 -4.0396
 52 -3.47233
 53 -3.46655
 54 -3.45122
 55 -3.84347
 56 -4.10961
 57 -4.23154
 58 -4.02578
 59 -3.95017
 60 -4.13242
 61 -3.69492
 62 -3.93178
 63 -3.60167
 64 -3.47956
 65 -3.93874
 66 -4.09391
 67 -4.04493
 68 -3.84941
 69 -3.69495
 70 -3.87786
 71 -3.62223
 72 -3.60393
 73 -3.65072
 74 -3.80608
 75 -3.81576
 76 -3.45874
 77 -3.86822
 78 -3.68387
 79 -3.66503
 80 -3.79001
 81 -3.6198
 82 -3.69634
 83 -3.47402
 84 -3.59606
 85 -3.47385
 86 -3.71016
 87 -3.52917
 88 -3.74751
 89 -3.79779
 90 -3.92541
 91 -4.18503
 92 -3.76527
 93 -3.38795
 94 -3.89043
 95 -3.64483
 96 -3.89849
 97 -3.22829
 98 -3.56594
 99 -3.07423
 100 -2.70533
 101 -3.22166
 102 -3.26206
 103 -3.3628
 104 -3.95839
 105 -3.60576
 106 -2.77598
 107 -3.29532
 108 -3.34388
 109 -2.80994
 110 -3.32697
 111 -3.40026
 112 -3.55217
 113 -3.24978
 114 -3.0669
 115 -3.20795
 116 -3.22623
 117 -2.79768
 118 -3.00349
 119 -3.68094
 120 -3.58684
 121 -3.66933
 122 -4.12968
 123 -4.18443
 124 -3.48379
 125 -3.59644
 126 -3.7204
 127 -3.60653
 128 -3.46655
 129 -2.95726
 130 -3.46411
 131 -3.81485
 132 -3.64296
 133 -3.32209
 134 -3.45831
 135 -3.59868
 136 -3.3687
 137 -3.45709
 138 -4.14821
 139 -3.74995
 140 -3.68252
 141 -3.39342
 142 -3.48237
 143 -3.52509
 144 -3.99506
 145 -3.65214
 146 -3.77126
 147 -3.55586
 148 -3.30628
 149 -3.30154
 150 -3.4274
 151 -3.30206
 152 -3.40778
 153 -3.12486
 154 -3.73664
 155 -3.47593
 156 -3.76423
 157 -3.33298
 158 -3.73169
 159 -3.29421
 160 -3.73231
 161 -3.58997
 162 -3.04147
 163 -3.3967
 164 -3.29737
 165 -2.91131
 166 -3.67356
 167 -3.425
 168 -3.12471
