 1 -3.86089
 2 -3.28203
 3 -3.23303
 4 -3.51478
 5 -3.45401
 6 -3.04472
 7 -3.01133
 8 -3.4322
 9 -3.36312
 10 -3.07084
 11 -3.44597
 12 -3.74382
 13 -3.24985
 14 -4.2873
 15 -4.44758
 16 -4.18434
 17 -3.75045
 18 -3.04451
 19 -3.53976
 20 -3.59407
 21 -3.48269
 22 -3.77474
 23 -3.9563
 24 -4.03422
 25 -3.34939
 26 -3.79727
 27 -4.45042
 28 -4.23822
 29 -3.97768
 30 -3.68897
 31 -4.21591
 32 -4.10319
 33 -3.85209
 34 -3.38698
 35 -3.7594
 36 -3.71782
 37 -3.63873
 38 -3.34442
 39 -4.26183
 40 -4.49923
 41 -4.0617
 42 -3.70928
 43 -3.73935
 44 -4.13455
 45 -4.32501
 46 -3.92994
 47 -4.0316
 48 -3.46096
 49 -3.31191
 50 -3.23379
 51 -3.77071
 52 -3.38242
 53 -3.30734
 54 -3.00843
 55 -2.99027
 56 -3.01461
 57 -3.02987
 58 -3.13132
 59 -3.32991
 60 -3.11075
 61 -3.27125
 62 -3.49641
 63 -3.51624
 64 -3.52368
 65 -3.35499
 66 -3.00057
 67 -3.2469
 68 -3.50975
 69 -3.25487
 70 -3.06177
 71 -3.774
 72 -3.84652
 73 -3.36569
 74 -3.06541
 75 -3.57864
 76 -3.83145
 77 -3.87153
 78 -3.17733
 79 -3.51688
 80 -2.82054
 81 -3.01601
 82 -3.20086
 83 -4.21945
 84 -4.21829
 85 -3.63593
 86 -3.07721
 87 -3.7633
