 1 -4.95289
 2 -4.945
 3 -5.07141
 4 -4.96412
 5 -5.32268
 6 -4.96143
 7 -4.41283
 8 -4.19355
 9 -3.7569
 10 -4.12691
 11 -4.25375
 12 -4.32474
 13 -4.16297
 14 -4.14997
 15 -4.08379
 16 -4.51227
 17 -4.46817
 18 -4.38927
 19 -4.45731
 20 -4.50649
 21 -5.01373
 22 -4.94997
 23 -4.55415
 24 -5.07796
 25 -4.98497
 26 -4.77219
 27 -4.46829
 28 -4.42438
 29 -4.33528
 30 -4.48403
 31 -4.55893
 32 -4.64795
 33 -4.74648
 34 -4.76738
 35 -4.25803
 36 -4.20919
 37 -4.20915
 38 -4.40235
 39 -4.52996
 40 -4.43329
 41 -4.2235
 42 -4.54725
 43 -4.77622
 44 -4.59823
 45 -4.78212
 46 -4.60105
 47 -4.40734
 48 -4.0295
 49 -3.93766
 50 -4.14906
 51 -4.31088
 52 -4.48812
 53 -4.53953
 54 -4.64989
 55 -4.40594
 56 -4.37716
 57 -4.09495
 58 -4.4002
 59 -4.2579
 60 -4.24878
 61 -4.27099
 62 -4.44993
 63 -4.75999
 64 -5.56788
 65 -4.85394
 66 -5.13031
 67 -4.56601
 68 -4.74665
 69 -4.59472
 70 -4.48407
 71 -3.97619
 72 -4.55111
 73 -5.00808
 74 -5.01371
 75 -4.85517
 76 -5.0508
 77 -4.22843
 78 -4.19604
 79 -3.91664
 80 -3.64463
 81 -4.61345
 82 -4.01277
 83 -3.40266
 84 -4.44188
 85 -4.635
 86 -4.37594
 87 -4.42227
 88 -5.12188
 89 -4.10288
 90 -4.26474
 91 -4.6396
 92 -4.92436
 93 -4.37722
 94 -4.28506
 95 -4.25991
 96 -4.51018
 97 -5.32702
 98 -4.79837
 99 -4.25098
 100 -4.50552
 101 -4.34297
 102 -4.14553
 103 -4.12715
 104 -3.81503
 105 -4.5364
 106 -4.36795
 107 -4.4527
 108 -4.37669
 109 -4.29489
 110 -4.16377
 111 -4.30963
 112 -4.8951
 113 -4.6795
 114 -4.73839
 115 -3.22949
 116 -3.78005
 117 -2.94931
 118 -4.43045
 119 -4.24059
 120 -4.27588
 121 -4.36701
 122 -4.49562
 123 -3.8372
 124 -3.85845
 125 -4.0537
 126 -4.257
 127 -3.83666
 128 -4.28159
 129 -3.8258
 130 -4.21797
 131 -4.54923
 132 -4.66189
 133 -4.611
 134 -4.5516
 135 -5.11785
 136 -4.11804
 137 -3.95267
 138 -3.94963
 139 -4.90566
 140 -4.53489
 141 -4.37062
 142 -4.52478
 143 -5.21792
 144 -4.64616
 145 -4.36588
 146 -4.47587
 147 -3.03055
 148 -4.84214
 149 -4.80042
 150 -4.37288
 151 -4.76328
 152 -4.90084
 153 -4.03911
 154 -3.82993
 155 -3.89807
 156 -4.40557
 157 -4.25994
 158 -4.02854
 159 -4.46731
 160 -4.54875
 161 -4.64574
 162 -4.83045
 163 -3.62903
 164 -5.70779
 165 -4.71322
 166 -5.3536
 167 -5.54155
 168 -5.04099
 169 -4.32226
 170 -5.00552
 171 -5.58231
 172 -5.45689
 173 -4.5598
 174 -5.57523
 175 -5.86773
 176 -5.48954
 177 -4.69637
 178 -5.02138
 179 -5.3192
 180 -4.40415
 181 -4.29575
 182 -4.96047
 183 -4.70504
 184 -4.56923
 185 -4.2573
