 1 -6.62197
 2 -6.94735
 3 -6.82393
 4 -7.55026
 5 -7.03662
 6 -6.71425
 7 -7.53402
 8 -7.28411
 9 -6.55882
 10 -6.69123
 11 -6.60423
 12 -6.72886
 13 -6.62026
 14 -5.95961
 15 -6.25702
 16 -6.59901
 17 -6.69044
 18 -6.74689
 19 -6.35385
 20 -6.75656
 21 -6.69506
 22 -6.71447
 23 -6.36692
 24 -6.88173
 25 -6.76705
 26 -7.38871
 27 -6.23604
 28 -6.22283
 29 -6.17561
 30 -6.7751
 31 -6.77204
 32 -6.49133
 33 -6.55368
 34 -7.36041
 35 -6.64591
 36 -6.99761
 37 -7.10006
 38 -6.12659
 39 -6.37161
 40 -6.229
 41 -6.89406
 42 -6.5766
 43 -6.74998
 44 -7.39198
 45 -6.99392
 46 -6.4455
 47 -6.4108
 48 -6.45642
 49 -6.65741
 50 -6.38917
 51 -6.26411
 52 -6.40606
 53 -6.50427
 54 -5.86864
 55 -6.01578
 56 -6.1825
 57 -7.08911
 58 -5.86461
 59 -5.98982
 60 -5.87489
 61 -6.36678
 62 -6.96267
 63 -6.52966
 64 -6.41577
 65 -6.94908
 66 -6.85649
 67 -7.10161
 68 -5.68316
 69 -6.02419
 70 -5.86271
 71 -6.12862
 72 -6.27722
 73 -6.22421
 74 -5.93366
 75 -5.01948
 76 -4.73543
 77 -5.71352
 78 -5.51511
 79 -5.94
 80 -6.23328
 81 -6.34983
 82 -5.95802
 83 -6.12251
 84 -6.15724
 85 -7.06566
 86 -6.00795
 87 -6.21836
 88 -6.2839
 89 -6.47415
 90 -5.68935
 91 -5.27133
 92 -6.13302
 93 -6.20744
 94 -5.83953
 95 -6.16213
 96 -6.09423
 97 -6.38634
 98 -5.47961
 99 -7.54909
 100 -7.67331
 101 -6.24322
 102 -6.07815
 103 -6.46236
 104 -6.2047
 105 -6.24541
 106 -6.47078
 107 -6.40364
 108 -6.51909
 109 -6.93883
 110 -7.91291
 111 -7.02246
 112 -6.41037
 113 -6.4606
 114 -7.50492
 115 -5.66776
 116 -5.65926
 117 -6.17989
 118 -6.84696
 119 -5.80504
 120 -5.69944
 121 -5.75111
 122 -6.32131
 123 -6.00873
 124 -6.72785
 125 -7.33983
 126 -7.15761
 127 -5.63272
 128 -5.44641
 129 -6.26259
 130 -5.87829
 131 -5.73379
 132 -6.56253
 133 -6.57031
 134 -6.70603
 135 -5.81373
 136 -5.66199
 137 -5.7183
 138 -6.79344
 139 -6.08129
 140 -7.25614
 141 -5.06211
 142 -6.51332
 143 -5.06993
 144 -6.69146
 145 -5.38287
 146 -5.50082
 147 -5.33669
 148 -4.58843
 149 -5.33526
 150 -5.05686
 151 -6.38801
 152 -5.40682
 153 -5.58651
 154 -5.39449
 155 -5.36803
 156 -5.16755
 157 -5.95784
 158 -4.3341
 159 -5.36825
 160 -4.06601
 161 -4.81277
 162 -5.09915
 163 -5.36941
 164 -4.71322
 165 -6.72348
 166 -6.89203
 167 -5.71358
 168 -5.92117
