 1 -7.49927
 2 -7.60481
 3 -7.00147
 4 -7.8111
 5 -7.22582
 6 -7.90719
 7 -7.11438
 8 -6.79648
 9 -7.14781
 10 -6.678
 11 -5.07424
 12 -8.01661
 13 -7.11199
 14 -6.83234
 15 -7.01581
 16 -6.41855
 17 -8.02249
 18 -7.0607
 19 -6.87489
 20 -7.04733
 21 -6.72276
 22 -6.11298
 23 -7.51389
 24 -7.9682
 25 -7.66064
 26 -7.55197
 27 -8.16327
 28 -7.21999
 29 -6.84146
 30 -6.23028
 31 -6.84289
 32 -6.90356
 33 -6.84487
 34 -6.79753
 35 -7.28829
 36 -7.08316
 37 -6.73687
 38 -6.50808
 39 -6.92319
 40 -7.24869
 41 -7.33287
 42 -6.85515
 43 -7.51344
 44 -6.38632
 45 -8.41414
 46 -6.38528
 47 -7.06872
 48 -7.78379
 49 -7.07696
 50 -6.41406
 51 -6.06891
 52 -7.276
 53 -6.40116
 54 -6.62934
 55 -7.30886
 56 -6.76202
 57 -7.3038
 58 -7.32184
 59 -7.00408
 60 -8.20536
 61 -6.66976
 62 -6.42085
 63 -5.59353
 64 -6.36024
 65 -6.62361
 66 -5.22738
 67 -5.21159
 68 -6.387
 69 -5.88603
 70 -6.37228
 71 -7.34431
 72 -6.40941
 73 -5.91024
 74 -6.62203
 75 -5.68642
 76 -6.1837
 77 -6.79754
 78 -5.79162
 79 -6.26401
 80 -5.76889
 81 -5.4658
 82 -5.63931
 83 -6.03826
 84 -5.90036
 85 -5.06648
 86 -6.9233
 87 -5.71503
 88 -6.18992
 89 -6.09653
 90 -5.79702
 91 -5.72544
 92 -5.01574
 93 -5.70443
 94 -5.66853
 95 -5.93043
 96 -5.52759
 97 -5.45138
 98 -4.56505
 99 -5.6737
 100 -6.33738
 101 -6.05678
 102 -6.44579
 103 -6.2665
 104 -4.50575
 105 -6.03685
 106 -5.89315
 107 -5.66335
 108 -5.71327
 109 -5.40114
 110 -6.47088
 111 -4.97363
 112 -5.43402
 113 -5.76193
 114 -6.05417
 115 -5.7641
 116 -5.77188
 117 -5.70284
 118 -6.61236
 119 -6.46592
 120 -5.98408
 121 -5.5188
 122 -5.96788
 123 -5.92131
 124 -6.72176
 125 -5.79271
 126 -5.67949
 127 -6.54438
 128 -7.56058
 129 -5.69726
 130 -6.75196
 131 -6.70666
 132 -5.99085
 133 -5.32966
 134 -5.64689
 135 -6.7688
 136 -5.56573
 137 -5.00412
 138 -5.04727
 139 -5.78286
 140 -6.35506
 141 -4.92337
 142 -5.16172
 143 -6.44353
 144 -4.71278
 145 -5.12161
 146 -4.88435
 147 -6.0326
 148 -4.83693
 149 -5.78549
