 1 -3.20604
 2 -2.91626
 3 -2.88093
 4 -3.44948
 5 -3.11372
 6 -2.79979
 7 -2.83364
 8 -3.10242
 9 -2.95483
 10 -2.59181
 11 -3.07399
 12 -2.95516
 13 -3.41379
 14 -3.27623
 15 -2.69385
 16 -3.30704
 17 -4.37025
 18 -4.11539
 19 -4.35222
 20 -4.88155
 21 -4.25311
 22 -4.02079
 23 -6.01767
 24 -4.5478
 25 -4.72423
 26 -7.70712
 27 -8.59447
 28 -5.87019
 29 -3.94211
 30 -4.56684
 31 -6.29482
 32 -5.6523
 33 -3.86444
 34 -3.39934
 35 -3.60084
 36 -3.81099
 37 -4.04397
 38 -3.54083
 39 -3.54055
 40 -3.86238
 41 -4.0142
 42 -3.62693
 43 -3.93892
 44 -4.36798
 45 -4.27376
 46 -3.7006
 47 -3.56083
 48 -3.76115
 49 -3.7848
 50 -3.26658
 51 -3.30733
 52 -3.84361
 53 -4.07348
 54 -3.08345
 55 -2.87757
 56 -3.79447
 57 -3.47757
 58 -2.99303
 59 -2.91066
 60 -3.76842
 61 -3.68742
 62 -2.78981
 63 -2.8015
 64 -3.57321
 65 -3.52575
 66 -2.74496
 67 -3.03439
 68 -3.08718
 69 -3.0749
 70 -2.96527
 71 -3.6076
 72 -4.37405
 73 -4.88571
 74 -4.06774
 75 -3.6216
 76 -3.56707
 77 -4.0232
 78 -4.00655
 79 -3.318
 80 -4.12174
 81 -3.64708
 82 -2.3394
 83 -2.41197
 84 -2.87155
 85 -3.62068
 86 -3.19924
 87 -3.75829
 88 -3.6601
 89 -4.00615
 90 -3.37618
 91 -3.36282
 92 -3.39314
 93 -3.50734
 94 -3.40414
 95 -3.06297
 96 -3.15747
 97 -3.43408
 98 -2.68637
 99 -2.43994
 100 -3.27164
 101 -3.34816
 102 -3.1014
 103 -2.59074
 104 -3.90796
 105 -3.3882
 106 -2.45661
 107 -4.02472
 108 -3.0681
 109 -3.0973
 110 -3.9497
 111 -3.53649
 112 -4.64212
 113 -3.14911
 114 -2.90781
 115 -2.7829
 116 -4.21675
 117 -3.17025
 118 -2.94237
 119 -3.49366
 120 -3.27377
 121 -3.41496
 122 -3.12709
 123 -3.12617
 124 -3.55796
 125 -2.9942
 126 -2.62556
 127 -2.07865
 128 -3.48986
 129 -3.78614
 130 -3.56846
 131 -4.67964
 132 -3.40048
 133 -3.55727
 134 -2.97858
 135 -1.88719
 136 -3.99935
 137 -3.53524
 138 -2.85021
 139 -2.92106
 140 -3.33883
 141 -3.14543
 142 -3.67796
 143 -3.07742
 144 -3.38938
 145 -3.47635
 146 -3.15194
 147 -4.00739
 148 -4.73534
 149 -3.88165
 150 -3.22154
 151 -3.50883
 152 -4.1887
 153 -3.63845
 154 -2.95603
 155 -2.56631
 156 -3.92014
 157 -3.67004
 158 -3.50021
 159 -4.87933
 160 -3.56219
 161 -3.52266
 162 -2.6727
 163 -2.92919
 164 -3.45027
 165 -3.48646
 166 -2.91624
 167 -3.99686
 168 -3.48628
 169 -3.40609
 170 -2.90249
 171 -3.15443
 172 -2.99761
 173 -3.14219
 174 -2.96057
 175 -2.9941
 176 -3.40729
 177 -3.38773
 178 -2.84808
 179 -2.71746
 180 -3.39757
 181 -3.29687
 182 -2.80503
 183 -2.60375
 184 -3.17082
 185 -2.91983
 186 -2.24669
 187 -2.08815
 188 -2.73813
 189 -2.87669
 190 -2.51836
 191 -2.07543
 192 -4.37161
 193 -2.757
 194 -2.47187
 195 -2.19827
 196 -2.88486
 197 -3.2139
 198 -2.81393
 199 -2.4238
 200 -2.95058
