 1 -5.56335
 2 -4.89503
 3 -3.87105
 4 -5.87036
 5 -4.65844
 6 -4.50021
 7 -4.72815
 8 -4.10431
 9 -4.15975
 10 -5.03059
 11 -4.65338
 12 -2.75111
 13 -5.31922
 14 -4.63474
 15 -3.85659
 16 -4.82354
 17 -5.61331
 18 -2.76211
 19 -3.90515
 20 -4.20862
 21 -6.07033
 22 -3.76225
 23 -3.17344
 24 -4.15852
 25 -3.73236
 26 -4.46333
 27 -3.85155
 28 -3.6224
 29 -3.715
 30 -3.86689
 31 -4.21999
 32 -4.06302
 33 -4.2629
 34 -4.13289
 35 -3.83908
 36 -4.10427
 37 -4.04108
 38 -3.95858
 39 -4.20699
 40 -4.45138
 41 -4.04933
 42 -4.05864
 43 -3.59703
 44 -4.06929
 45 -4.76345
 46 -4.4353
 47 -3.9222
 48 -3.35732
 49 -3.77461
 50 -3.82169
 51 -3.38001
 52 -3.52171
 53 -3.85704
 54 -3.53411
 55 -2.99385
 56 -2.98789
 57 -3.42711
 58 -3.70757
 59 -3.9291
 60 -3.88173
 61 -3.52526
 62 -3.67324
 63 -4.0233
 64 -3.25349
 65 -3.13851
 66 -3.26205
 67 -3.42254
 68 -3.98366
 69 -3.21462
 70 -3.44895
 71 -3.34258
 72 -3.37913
 73 -3.36409
 74 -3.09448
 75 -2.81369
 76 -3.2166
 77 -3.38327
 78 -3.45246
 79 -2.7597
 80 -2.47227
 81 -3.44502
 82 -4.25414
 83 -3.16832
 84 -3.55393
 85 -2.60932
 86 -3.76972
 87 -3.41086
 88 -2.79705
 89 -2.38846
 90 -3.55256
 91 -3.12564
 92 -3.24182
 93 -3.11982
 94 -2.96619
 95 -3.13849
 96 -2.93324
 97 -2.51625
 98 -3.47554
 99 -3.15544
 100 -3.51014
 101 -2.88209
 102 -2.95578
 103 -3.61109
 104 -2.69244
 105 -3.21272
 106 -2.89623
 107 -2.92476
 108 -2.84931
 109 -3.05569
 110 -2.99516
 111 -2.60191
 112 -2.44346
 113 -2.82903
 114 -3.106
 115 -2.97677
 116 -3.31325
 117 -3.33372
 118 -3.02205
 119 -2.87197
 120 -2.71999
 121 -3.13032
 122 -3.1779
 123 -2.58027
 124 -3.28408
 125 -2.86927
 126 -3.10968
 127 -3.1074
 128 -2.67573
 129 -3.5721
 130 -2.93442
 131 -2.99377
 132 -2.74073
 133 -3.23834
 134 -2.90611
 135 -3.25099
 136 -3.43622
 137 -3.32327
 138 -3.35041
 139 -3.15918
 140 -3.28639
 141 -3.43442
 142 -3.42102
 143 -2.95336
 144 -3.02619
 145 -2.95474
 146 -3.25919
 147 -3.32242
 148 -3.17256
 149 -2.99354
 150 -3.18456
 151 -3.11578
 152 -3.24944
 153 -3.1184
 154 -3.49459
 155 -3.53293
 156 -3.2348
 157 -3.72799
 158 -3.91787
 159 -3.28938
 160 -3.32796
 161 -3.22843
 162 -3.24595
 163 -3.09548
 164 -3.36455
 165 -3.10312
 166 -3.11239
 167 -2.96078
 168 -3.12281
 169 -3.55759
 170 -3.57752
 171 -3.07778
 172 -2.92905
 173 -2.92204
 174 -3.21034
 175 -3.1712
 176 -2.90725
 177 -2.3385
 178 -2.60222
 179 -2.51309
 180 -3.08801
 181 -3.06212
 182 -3.39086
