 1 -5.95392
 2 -4.36184
 3 -5.31115
 4 -5.00872
 5 -4.40829
 6 -4.67013
 7 -3.83452
 8 -5.09485
 9 -4.29099
 10 -5.73011
 11 -5.72566
 12 -3.73345
 13 -5.03033
 14 -4.87388
 15 -4.47608
 16 -4.5568
 17 -4.53928
 18 -5.23878
 19 -3.82985
 20 -4.41968
 21 -4.6051
 22 -4.3028
 23 -4.14983
 24 -4.36095
 25 -4.7144
 26 -4.34579
 27 -4.30046
 28 -4.2604
 29 -4.65304
 30 -4.54827
 31 -4.44
 32 -4.15146
 33 -4.519
 34 -4.43124
 35 -4.62265
 36 -4.46179
 37 -4.37167
 38 -4.33129
 39 -4.07455
 40 -4.15254
 41 -4.40814
 42 -4.22834
 43 -4.06124
 44 -4.0218
 45 -4.26245
 46 -4.14594
 47 -3.96484
 48 -4.03241
 49 -3.95632
 50 -4.58127
 51 -4.29969
 52 -4.25737
 53 -4.48224
 54 -4.6976
 55 -4.25918
 56 -3.95885
 57 -4.21866
 58 -4.07993
 59 -3.87953
 60 -3.78475
 61 -4.10379
 62 -3.43103
 63 -3.82874
 64 -3.82881
 65 -3.69003
 66 -3.6718
 67 -3.72874
 68 -3.79349
 69 -3.81315
 70 -3.8444
 71 -4.16599
 72 -3.72871
 73 -3.96604
 74 -3.75007
 75 -3.80024
 76 -3.83439
 77 -3.64518
 78 -3.59971
 79 -3.38982
 80 -3.74723
 81 -3.66692
 82 -3.45537
 83 -3.1686
 84 -3.35915
 85 -3.83176
 86 -3.56268
 87 -3.53966
 88 -4.02526
 89 -3.75787
 90 -3.63941
 91 -3.79831
 92 -3.80735
 93 -4.53018
 94 -4.06932
 95 -3.29239
 96 -3.36081
 97 -3.94908
 98 -3.83317
 99 -3.8913
 100 -3.59952
 101 -3.80084
 102 -3.61908
 103 -3.23318
 104 -3.26045
 105 -3.90642
 106 -3.42183
 107 -3.22663
 108 -3.45807
 109 -3.36861
 110 -3.46435
 111 -3.41019
 112 -3.15902
 113 -3.20346
 114 -3.16594
 115 -3.29293
 116 -3.38043
 117 -3.04979
 118 -3.00022
 119 -2.91286
 120 -3.5505
 121 -3.52447
 122 -3.33546
 123 -3.15987
 124 -3.41035
 125 -3.24853
 126 -3.31122
 127 -3.1264
 128 -3.23566
 129 -3.58618
 130 -3.27497
 131 -3.38241
 132 -3.30455
 133 -3.21269
 134 -3.18592
 135 -3.16785
 136 -3.32592
 137 -3.18968
 138 -2.95612
 139 -2.87617
 140 -3.15867
 141 -3.21072
 142 -3.61774
 143 -3.70741
 144 -3.45667
 145 -3.29435
 146 -3.51688
 147 -3.29652
 148 -3.54519
 149 -3.59465
 150 -2.98342
 151 -2.78325
 152 -3.18631
 153 -3.56106
 154 -3.34543
 155 -3.03294
 156 -3.09229
 157 -3.16704
 158 -3.11538
 159 -3.18217
 160 -3.26927
 161 -3.27327
 162 -3.21049
 163 -3.1043
 164 -3.7752
 165 -3.29808
 166 -3.47415
 167 -3.23325
 168 -3.4128
 169 -3.10012
 170 -3.18174
 171 -3.21152
 172 -3.33402
 173 -3.08033
 174 -3.15741
 175 -3.10814
 176 -2.91452
 177 -3.11743
 178 -3.24008
 179 -2.92442
 180 -3.1172
 181 -3.0549
 182 -2.73175
 183 -2.58693
 184 -2.58996
 185 -2.52806
 186 -2.64607
 187 -2.81949
 188 -2.65066
 189 -2.78727
