 1 -5.30667
 2 -5.27065
 3 -5.46822
 4 -5.5523
 5 -5.74024
 6 -5.85607
 7 -5.55106
 8 -5.69599
 9 -6.32501
 10 -5.77128
 11 -5.8634
 12 -6.36946
 13 -5.60725
 14 -6.04704
 15 -5.78709
 16 -5.07983
 17 -6.29068
 18 -5.96332
 19 -5.33217
 20 -5.69579
 21 -6.00087
 22 -5.82616
 23 -5.36732
 24 -5.71332
 25 -6.08942
 26 -5.58864
 27 -6.80412
 28 -5.76972
 29 -4.66268
 30 -5.14541
 31 -5.02225
 32 -4.58876
 33 -4.70263
 34 -5.2534
 35 -5.32453
 36 -5.80949
 37 -5.39326
 38 -5.0469
 39 -4.95664
 40 -4.654
 41 -4.64912
 42 -5.05558
 43 -4.68685
 44 -4.64185
 45 -4.46404
 46 -4.86413
 47 -4.57625
 48 -4.77792
 49 -5.24074
 50 -5.24693
 51 -4.88803
 52 -5.22114
 53 -4.95004
 54 -5.06124
 55 -5.08301
 56 -5.07763
 57 -4.96072
 58 -5.16375
 59 -4.5529
 60 -4.90927
 61 -5.02563
 62 -5.0753
 63 -4.90468
 64 -4.62217
 65 -4.55549
 66 -4.61301
 67 -4.55869
 68 -4.65456
 69 -4.70497
 70 -4.48823
 71 -4.94029
 72 -4.83928
 73 -4.80002
 74 -5.0404
 75 -4.90244
 76 -4.98914
 77 -4.53391
 78 -4.73986
 79 -4.79383
 80 -4.6026
 81 -4.7
 82 -4.72805
 83 -4.57674
 84 -4.51461
 85 -4.22957
 86 -4.4155
 87 -4.30589
 88 -4.37366
 89 -4.55732
 90 -4.47325
 91 -4.56495
 92 -4.52317
 93 -4.28279
 94 -4.36951
 95 -4.62393
 96 -5.11468
 97 -4.37875
 98 -4.21913
 99 -4.423
 100 -4.50759
 101 -4.26195
 102 -4.24462
 103 -3.97119
 104 -4.46546
 105 -4.31978
 106 -4.43988
 107 -4.34216
 108 -4.24501
 109 -4.03046
 110 -4.51975
 111 -4.40203
 112 -4.07218
 113 -3.99357
 114 -4.11626
 115 -4.18953
 116 -4.31383
 117 -4.12715
 118 -4.32826
 119 -3.97579
 120 -3.61089
 121 -3.94406
 122 -4.08625
 123 -3.99859
 124 -3.73582
 125 -3.88627
 126 -4.03117
 127 -4.07655
 128 -3.80291
 129 -4.01644
 130 -3.991
 131 -4.00327
 132 -3.71052
 133 -4.07298
 134 -4.03532
 135 -3.43399
 136 -3.28274
 137 -3.49991
 138 -3.70126
 139 -3.38725
 140 -3.46172
 141 -3.77384
