 1 -3.6535
 2 -4.89266
 3 -5.04471
 4 -4.89662
 5 -5.17677
 6 -5.18596
 7 -5.40909
 8 -4.81028
 9 -3.97269
 10 -4.13699
 11 -4.6593
 12 -4.45108
 13 -4.47423
 14 -4.69985
 15 -4.35601
 16 -4.06109
 17 -4.51606
 18 -4.66434
 19 -4.3337
 20 -4.73067
 21 -4.71853
 22 -4.66022
 23 -4.2495
 24 -4.30147
 25 -4.0679
 26 -4.62596
 27 -4.48485
 28 -4.8145
 29 -4.36262
 30 -4.44544
 31 -4.36607
 32 -4.17535
 33 -4.49572
 34 -4.63638
 35 -4.49331
 36 -4.23719
 37 -4.13162
 38 -4.42273
 39 -4.14266
 40 -4.05113
 41 -4.11645
 42 -4.19562
 43 -4.40367
 44 -4.6553
 45 -4.48117
 46 -4.42415
 47 -4.22993
 48 -4.09917
 49 -4.39531
 50 -4.23978
 51 -3.87812
 52 -4.242
 53 -4.64812
 54 -3.89319
 55 -4.28298
 56 -4.66249
 57 -4.17496
 58 -4.11264
 59 -4.24721
 60 -4.00762
 61 -3.4672
 62 -3.57536
 63 -3.60849
 64 -3.70381
 65 -3.88415
 66 -4.03252
 67 -4.08504
 68 -3.94066
 69 -3.92692
 70 -3.81509
 71 -3.92388
 72 -4.20558
 73 -4.09991
 74 -4.36657
 75 -3.94521
 76 -3.7883
 77 -3.8301
 78 -3.8889
 79 -3.66124
 80 -3.43486
 81 -3.39477
 82 -3.40448
 83 -3.53455
 84 -3.64867
 85 -3.3379
 86 -3.62958
 87 -3.54823
 88 -3.23557
 89 -3.21505
 90 -3.27238
 91 -3.43238
 92 -3.40989
 93 -3.29439
 94 -3.48912
 95 -3.42616
 96 -3.05154
 97 -3.22728
 98 -3.15403
 99 -3.28791
 100 -3.20823
 101 -3.18997
 102 -3.09739
 103 -3.34701
 104 -3.46785
 105 -3.69502
 106 -3.48774
 107 -3.7849
 108 -3.12644
 109 -3.46165
 110 -3.21194
 111 -3.21757
 112 -3.18604
 113 -3.01169
 114 -3.25203
 115 -3.81413
 116 -3.56198
 117 -3.27886
 118 -3.17782
 119 -3.35213
 120 -2.92094
 121 -3.20148
 122 -3.23329
 123 -3.47011
 124 -3.02487
 125 -3.38302
 126 -3.42351
 127 -4.29305
 128 -3.50238
 129 -3.45762
 130 -2.86071
 131 -3.42384
 132 -3.18875
 133 -3.31295
 134 -3.11787
 135 -2.98873
 136 -3.07518
 137 -3.25714
 138 -3.25
 139 -3.33837
 140 -3.11053
 141 -3.06267
 142 -3.17448
 143 -3.93365
 144 -3.11688
 145 -3.15577
 146 -2.52156
 147 -2.65956
 148 -2.92262
 149 -2.95414
 150 -2.85774
 151 -2.81173
 152 -2.71385
