 1 -8.14997
 2 -8.16378
 3 -3.18118
 4 -4.711
 5 -1.84239
 6 -3.0705
 7 -3.08621
 8 -6.13684
 9 -4.4986
 10 -7.4386
 11 -5.64892
 12 -4.69155
 13 -4.71714
 14 -4.62588
 15 -4.41306
 16 -3.155
 17 -4.50451
 18 -3.57153
 19 -4.07198
 20 -4.97565
 21 -4.99658
 22 -5.2694
 23 -7.4504
 24 -5.79907
 25 -2.92121
 26 -4.11231
 27 -4.97941
 28 -4.17617
 29 -4.14568
 30 -2.34655
 31 -3.62898
 32 -3.11042
 33 -4.47485
 34 -3.92754
 35 -4.72629
 36 -4.86057
 37 -4.93551
 38 -2.39017
 39 -4.72771
 40 -3.12294
 41 -2.82435
 42 -3.22758
 43 -3.4994
 44 -1.93752
 45 -8.74307
 46 -4.5539
 47 -7.70457
 48 -6.77377
 49 -8.58876
 50 -3.40532
 51 -5.22446
 52 -6.59635
 53 -9.26004
 54 -4.20833
 55 -6.58312
 56 -7.76334
 57 -8.6749
 58 -4.04935
 59 -8.504
 60 -8.20951
 61 -10.4512
 62 -5.0244
 63 -10.4889
 64 -7.94209
 65 -8.51262
 66 -5.51828
 67 -6.86126
 68 -8.83339
 69 -7.01575
 70 -3.49905
 71 -7.20769
 72 -6.48881
 73 -9.06351
 74 -5.00653
 75 -7.74868
 76 -6.34397
 77 -8.91038
 78 -4.90348
 79 -8.26706
 80 -8.07097
 81 -7.97346
 82 -5.24696
 83 -6.14375
 84 -6.91119
