 1 -7.35292
 2 -7.11392
 3 -7.04709
 4 -8.20765
 5 -6.81997
 6 -7.49915
 7 -7.0668
 8 -7.11379
 9 -8.85848
 10 -7.82822
 11 -7.20263
 12 -8.05211
 13 -6.73377
 14 -7.07038
 15 -6.84987
 16 -7.11531
 17 -6.82563
 18 -7.14903
 19 -6.93021
 20 -7.54445
 21 -6.41863
 22 -6.52661
 23 -6.56445
 24 -6.87118
 25 -6.72849
 26 -6.7466
 27 -6.96118
 28 -7.93996
 29 -6.45357
 30 -6.72026
 31 -6.52051
 32 -6.81836
 33 -6.78256
 34 -6.73573
 35 -6.92763
 36 -7.35331
 37 -6.88794
 38 -6.27324
 39 -6.60185
 40 -7.02688
 41 -6.5882
 42 -6.7401
 43 -6.47483
 44 -7.22362
 45 -6.37246
 46 -6.38897
 47 -6.8468
 48 -7.28601
 49 -6.33545
 50 -6.96927
 51 -6.39384
 52 -7.22721
 53 -7.10603
 54 -6.27443
 55 -6.33887
 56 -6.69328
 57 -6.4085
 58 -6.65722
 59 -7.04189
 60 -6.61558
 61 -6.0057
 62 -6.18664
 63 -6.34823
 64 -6.59395
 65 -6.53133
 66 -6.30584
 67 -6.59414
 68 -7.13226
 69 -6.42633
 70 -6.25131
 71 -6.21092
 72 -6.89472
 73 -6.9089
 74 -6.33338
 75 -6.20525
 76 -6.62187
 77 -6.18941
 78 -6.64881
 79 -6.57741
 80 -7.04903
 81 -7.63363
 82 -5.96095
 83 -5.91988
 84 -6.26423
 85 -6.08921
 86 -6.58012
 87 -6.37519
 88 -6.69876
 89 -6.41093
 90 -6.26822
 91 -5.68203
 92 -6.25126
 93 -6.15812
 94 -6.90539
 95 -5.63986
 96 -7.51539
 97 -6.47895
 98 -6.01799
 99 -5.81633
 100 -6.07765
 101 -6.12479
 102 -6.27954
 103 -5.36044
 104 -6.97851
 105 -6.02155
 106 -5.99196
 107 -6.75813
 108 -6.39175
 109 -5.9393
 110 -6.83984
 111 -6.29632
 112 -6.06816
 113 -6.48089
 114 -5.44361
 115 -6.36473
 116 -6.0911
 117 -6.50262
 118 -6.23443
 119 -6.11707
 120 -6.19534
 121 -6.23995
 122 -6.13991
 123 -5.99189
 124 -6.46284
 125 -7.67906
 126 -7.06
 127 -6.85123
 128 -5.77074
 129 -6.27518
 130 -6.22846
 131 -6.80174
 132 -6.15007
 133 -6.24904
 134 -6.23166
 135 -6.35304
 136 -6.2791
 137 -5.8767
 138 -5.98077
 139 -5.33762
 140 -6.08557
 141 -6.12519
 142 -6.94229
 143 -6.93225
 144 -7.66219
 145 -6.84214
 146 -5.94813
 147 -6.13996
 148 -6.76914
 149 -6.12809
 150 -6.2438
 151 -6.8947
 152 -8.28495
 153 -7.11347
 154 -6.20849
 155 -6.30702
 156 -6.26609
 157 -6.17328
 158 -6.54009
 159 -6.17512
 160 -6.50698
 161 -6.26546
 162 -7.32543
 163 -6.02147
 164 -6.14719
 165 -5.94268
 166 -6.13893
 167 -5.86341
 168 -5.64832
 169 -6.09722
 170 -6.66605
 171 -6.02354
 172 -5.59672
 173 -5.81942
 174 -5.94247
 175 -6.35347
 176 -5.99584
 177 -6.1106
 178 -6.11866
 179 -5.84629
 180 -5.98785
 181 -6.26011
 182 -6.53784
 183 -5.83053
 184 -5.89191
 185 -6.18477
 186 -7.89963
 187 -6.14128
 188 -5.62668
 189 -5.58999
 190 -5.74979
 191 -5.76723
 192 -6.24984
