 1 -5.59768
 2 -5.686
 3 -5.97404
 4 -6.00993
 5 -6.40591
 6 -6.32725
 7 -6.10018
 8 -5.68819
 9 -5.94489
 10 -5.47593
 11 -5.87791
 12 -5.88679
 13 -6.10791
 14 -6.24158
 15 -5.95843
 16 -5.74936
 17 -5.76478
 18 -5.41766
 19 -5.65623
 20 -5.6391
 21 -5.88804
 22 -5.58481
 23 -6.03102
 24 -5.59496
 25 -5.90255
 26 -5.80536
 27 -5.70616
 28 -5.31224
 29 -5.94564
 30 -5.76156
 31 -6.43941
 32 -5.67996
 33 -6.56641
 34 -6.15642
 35 -5.80899
 36 -5.60494
 37 -5.95758
 38 -5.87804
 39 -5.60242
 40 -5.6871
 41 -6.10766
 42 -5.78244
 43 -6.1784
 44 -5.89871
 45 -6.11428
 46 -6.26157
 47 -5.83088
 48 -5.71692
 49 -5.6711
 50 -5.68134
 51 -5.74238
 52 -5.80296
 53 -6.1522
 54 -6.0784
 55 -5.93224
 56 -5.60731
 57 -5.63717
 58 -5.59697
 59 -5.672
 60 -5.71902
 61 -6.16271
 62 -6.3838
 63 -6.55023
 64 -6.71019
 65 -6.0167
 66 -5.39003
 67 -5.57487
 68 -5.00843
 69 -4.68065
 70 -4.82672
 71 -5.3442
 72 -5.61532
 73 -5.62494
 74 -7.04681
 75 -6.37257
 76 -5.78575
 77 -5.59193
 78 -6.18286
 79 -5.72199
 80 -6.14508
 81 -6.71054
 82 -7.41735
 83 -6.72149
 84 -5.22961
 85 -5.66364
 86 -5.45831
 87 -7.065
 88 -6.16626
 89 -5.43115
 90 -6.16012
 91 -7.53669
 92 -5.50281
 93 -5.32694
 94 -5.38891
 95 -6.19258
 96 -5.69315
 97 -6.08133
 98 -7.3203
 99 -6.15959
 100 -5.82499
 101 -5.60102
 102 -5.72743
 103 -6.55264
 104 -5.53137
 105 -6.7537
 106 -5.68226
 107 -6.96913
 108 -6.11895
 109 -5.93008
 110 -5.21354
 111 -6.58833
 112 -6.19431
 113 -5.47094
 114 -5.63402
 115 -5.02515
 116 -5.85895
 117 -4.98029
 118 -5.83365
 119 -6.21465
 120 -5.44063
 121 -5.79786
 122 -4.85392
 123 -4.9994
 124 -4.76193
 125 -5.75445
 126 -6.24759
 127 -5.67027
 128 -5.16025
 129 -5.31809
 130 -5.12029
 131 -6.66223
 132 -5.59017
 133 -5.50278
 134 -5.35146
 135 -5.6932
 136 -5.64695
 137 -6.52609
 138 -5.97481
 139 -6.17069
 140 -6.23134
 141 -5.40036
 142 -4.98945
 143 -5.89867
 144 -5.22092
 145 -5.91404
 146 -5.51229
 147 -5.45962
 148 -6.95869
 149 -5.90878
 150 -5.11708
 151 -5.24797
 152 -5.34161
 153 -4.78749
 154 -7.03236
 155 -5.5156
 156 -5.83785
 157 -5.7521
 158 -5.38133
 159 -5.31739
 160 -4.6745
 161 -6.38936
 162 -4.85473
 163 -5.46095
 164 -5.24835
 165 -5.55719
 166 -4.73087
 167 -5.32425
 168 -5.28475
 169 -5.99225
 170 -5.75347
 171 -5.28533
 172 -5.48348
 173 -5.59197
 174 -5.84683
 175 -5.74074
 176 -5.82814
 177 -5.83046
 178 -6.42295
 179 -5.79076
 180 -6.48922
 181 -6.21993
 182 -5.21257
 183 -5.91515
 184 -5.31098
 185 -4.59554
 186 -4.56656
