 1 -5.44341
 2 -5.78263
 3 -5.8799
 4 -6.00552
 5 -6.22293
 6 -6.14139
 7 -5.26108
 8 -5.65446
 9 -6.26862
 10 -5.85148
 11 -5.75808
 12 -6.08914
 13 -5.40406
 14 -6.0091
 15 -5.78845
 16 -5.26054
 17 -4.83015
 18 -5.80164
 19 -5.64738
 20 -5.24688
 21 -6.10206
 22 -5.65853
 23 -5.40225
 24 -5.6484
 25 -6.26576
 26 -6.61914
 27 -4.78994
 28 -5.157
 29 -5.91527
 30 -5.23476
 31 -5.50256
 32 -4.84327
 33 -4.61199
 34 -4.9276
 35 -4.82931
 36 -4.95111
 37 -4.92726
 38 -5.08721
 39 -4.79957
 40 -5.071
 41 -5.03053
 42 -4.40906
 43 -4.12313
 44 -4.51537
 45 -4.56013
 46 -4.58495
 47 -4.38972
 48 -4.78595
 49 -4.72616
 50 -5.01757
 51 -4.80099
 52 -4.98974
 53 -4.88839
 54 -3.93025
 55 -4.63226
 56 -4.84474
 57 -4.57195
 58 -4.69952
 59 -4.595
 60 -3.55194
 61 -4.86731
 62 -4.60878
 63 -5.77315
 64 -4.65517
 65 -4.79257
 66 -4.70936
 67 -4.94183
 68 -5.05598
 69 -4.93893
 70 -4.52364
 71 -4.75277
 72 -5.29355
 73 -4.29052
 74 -4.36822
 75 -4.79698
 76 -4.18944
 77 -4.27074
 78 -4.42437
 79 -5.05716
 80 -4.57847
 81 -4.3274
 82 -4.50022
 83 -4.37183
 84 -4.04179
 85 -4.66449
 86 -4.8624
 87 -4.49497
 88 -4.64379
 89 -4.63764
 90 -4.82579
 91 -4.66741
 92 -5.05542
 93 -4.6182
 94 -4.65257
 95 -4.66905
 96 -4.87646
 97 -4.52496
 98 -4.74462
 99 -4.90591
 100 -5.29717
 101 -4.59083
 102 -4.60397
 103 -4.68901
 104 -4.57927
 105 -4.51475
 106 -4.81288
 107 -4.82433
 108 -4.42028
 109 -4.5542
 110 -4.34171
 111 -4.4745
 112 -4.63411
 113 -4.85088
 114 -4.54442
 115 -4.58248
 116 -5.09934
 117 -4.94616
 118 -4.55939
 119 -4.6173
 120 -4.4061
 121 -4.30133
 122 -4.27614
 123 -4.71283
 124 -4.35616
 125 -4.35403
 126 -4.38633
 127 -4.75218
 128 -4.54044
 129 -4.54344
 130 -4.62286
 131 -4.60364
 132 -4.35495
 133 -4.52518
 134 -4.50995
 135 -4.58943
 136 -4.36771
 137 -4.24628
 138 -4.16665
 139 -4.47634
 140 -4.39504
 141 -4.09092
 142 -4.55287
 143 -4.19273
 144 -4.47024
 145 -4.29944
 146 -4.42648
 147 -4.48699
 148 -4.37771
 149 -3.915
 150 -4.04274
 151 -4.31115
 152 -4.30562
 153 -3.8299
 154 -3.69556
 155 -3.76621
 156 -3.64466
 157 -3.51923
 158 -3.16744
 159 -3.98593
