 1 -5.63542
 2 -4.75282
 3 -4.53002
 4 -5.42357
 5 -4.70176
 6 -4.96263
 7 -4.41004
 8 -5.02354
 9 -3.87688
 10 -5.63649
 11 -4.97343
 12 -4.94845
 13 -5.13411
 14 -4.52704
 15 -4.79448
 16 -5.90813
 17 -4.44017
 18 -5.77614
 19 -4.18155
 20 -5.65064
 21 -4.54453
 22 -6.10886
 23 -4.58178
 24 -5.3965
 25 -4.80695
 26 -5.58236
 27 -4.72221
 28 -4.22814
 29 -5.1552
 30 -4.66493
 31 -4.62639
 32 -4.81211
 33 -4.74798
 34 -4.44492
 35 -5.06827
 36 -4.84643
 37 -4.1105
 38 -5.09814
 39 -4.82859
 40 -4.25409
 41 -4.77148
 42 -4.83485
 43 -3.68362
 44 -3.86714
 45 -4.96036
 46 -4.2661
 47 -4.85782
 48 -4.8688
 49 -4.38346
 50 -4.27901
 51 -5.04222
 52 -4.23388
 53 -4.61283
 54 -4.02043
 55 -3.83441
 56 -4.60909
 57 -4.27635
 58 -3.76846
 59 -3.99154
 60 -5.11266
 61 -4.10085
 62 -4.51261
 63 -4.10794
 64 -3.98609
 65 -4.31222
 66 -4.36626
 67 -4.21018
 68 -4.35632
 69 -4.27679
 70 -3.77398
 71 -3.9417
 72 -4.30678
 73 -4.19221
 74 -4.12331
 75 -3.83405
 76 -4.04562
 77 -4.26289
 78 -4.32405
 79 -4.43125
 80 -4.81685
 81 -4.59238
 82 -4.08378
 83 -3.81999
 84 -4.22921
 85 -3.99579
 86 -3.75091
 87 -4.22838
 88 -3.54815
 89 -3.92911
 90 -4.41636
 91 -4.0648
 92 -3.8415
 93 -3.85817
 94 -4.71124
 95 -4.65123
 96 -4.49936
 97 -4.99812
 98 -4.44332
 99 -4.39484
 100 -4.05782
 101 -4.18656
 102 -4.35667
 103 -4.39085
 104 -3.58355
 105 -4.90482
 106 -4.15391
 107 -3.80113
 108 -3.91557
 109 -4.82951
 110 -3.4706
 111 -4.0027
 112 -5.10577
 113 -3.56935
 114 -3.76653
 115 -4.84938
 116 -3.24111
 117 -3.10766
 118 -3.78522
 119 -5.62751
 120 -3.24975
 121 -3.98145
 122 -4.55549
 123 -3.68536
 124 -3.74751
 125 -5.5578
 126 -3.53307
 127 -3.51945
 128 -7.26587
 129 -3.70042
 130 -4.06267
 131 -5.04102
 132 -3.49867
 133 -3.38546
 134 -4.91672
 135 -3.37718
 136 -4.0829
 137 -4.04279
 138 -3.73706
 139 -3.77714
 140 -4.6067
 141 -3.05399
 142 -4.2005
 143 -4.77134
 144 -3.23969
 145 -4.46613
 146 -5.20876
 147 -3.77021
 148 -4.79926
 149 -3.84481
 150 -3.73521
 151 -3.72101
 152 -4.17219
 153 -3.07321
 154 -3.64191
 155 -4.16298
 156 -2.98432
 157 -3.77311
