 1 -5.8172
 2 -6.3783
 3 -6.03079
 4 -5.82246
 5 -9.13315
 6 -8.16606
 7 -7.15966
 8 -8.2273
 9 -7.02231
 10 -6.23404
 11 -6.70533
 12 -7.64722
 13 -5.76442
 14 -7.03344
 15 -7.17113
 16 -8.70133
 17 -6.12183
 18 -6.14768
 19 -5.39505
 20 -7.69062
 21 -7.28155
 22 -6.74621
 23 -6.58948
 24 -7.40821
 25 -5.92746
 26 -5.94528
 27 -5.50528
 28 -6.62731
 29 -6.04636
 30 -6.45956
 31 -5.89992
 32 -5.57074
 33 -5.42004
 34 -5.11345
 35 -4.83439
 36 -5.52461
 37 -5.12041
 38 -5.94885
 39 -5.24329
 40 -6.46427
 41 -5.09501
 42 -4.97755
 43 -6.46462
 44 -5.92809
 45 -5.56243
 46 -4.37855
 47 -4.63993
 48 -4.89083
 49 -5.30571
 50 -4.6101
 51 -4.36443
 52 -5.38918
 53 -5.13863
 54 -4.80221
 55 -4.80719
 56 -4.82763
 57 -4.64927
 58 -3.64023
 59 -4.19717
 60 -3.90038
 61 -3.88893
 62 -4.60947
 63 -5.19881
 64 -4.1162
 65 -4.43454
 66 -4.86019
 67 -3.98472
 68 -4.83079
 69 -4.088
 70 -5.00438
 71 -4.01854
 72 -5.65232
 73 -4.3461
 74 -4.59569
 75 -3.69808
 76 -4.40626
 77 -4.27043
 78 -4.40215
 79 -3.859
 80 -3.90638
 81 -4.76449
 82 -3.40595
 83 -3.59195
 84 -3.11117
 85 -3.58308
 86 -3.0693
 87 -3.75876
 88 -3.79309
 89 -4.12022
 90 -3.3152
 91 -4.27388
 92 -3.82442
 93 -3.61751
 94 -4.45321
 95 -5.32967
 96 -4.09264
 97 -4.44617
 98 -2.80767
 99 -3.39901
 100 -3.49968
 101 -4.10366
 102 -3.22901
 103 -4.4105
 104 -3.42771
 105 -3.89956
 106 -4.09506
 107 -5.48952
 108 -7.98914
 109 -4.9454
 110 -5.25608
 111 -5.70272
 112 -5.59761
 113 -3.46437
 114 -3.69063
 115 -4.28994
 116 -4.30839
 117 -4.93702
