 1 -4.60536
 2 -4.73084
 3 -4.39331
 4 -4.32351
 5 -4.93814
 6 -5.07041
 7 -4.75944
 8 -4.18548
 9 -4.86199
 10 -4.82724
 11 -4.83817
 12 -3.94792
 13 -4.72581
 14 -4.8675
 15 -4.82733
 16 -4.18906
 17 -4.45993
 18 -4.79884
 19 -4.84582
 20 -4.00084
 21 -4.5872
 22 -4.66576
 23 -4.74137
 24 -4.05512
 25 -4.64331
 26 -4.707
 27 -5.00634
 28 -4.9004
 29 -3.93378
 30 -4.35519
 31 -4.59855
 32 -3.97718
 33 -3.75621
 34 -4.51581
 35 -4.70476
 36 -4.36535
 37 -4.21899
 38 -4.45435
 39 -4.87998
 40 -4.13912
 41 -4.51349
 42 -5.03506
 43 -4.6932
 44 -4.14455
 45 -4.54056
 46 -4.74968
 47 -4.86589
 48 -4.49466
 49 -4.44789
 50 -4.66896
 51 -4.58617
 52 -4.64463
 53 -4.41027
 54 -4.54672
 55 -5.17793
 56 -5.09157
 57 -4.59382
 58 -4.57473
 59 -5.17372
 60 -5.22273
 61 -4.66653
 62 -4.88594
 63 -5.11691
 64 -4.76363
 65 -4.48594
 66 -4.73337
 67 -4.78674
 68 -4.49297
 69 -4.74193
 70 -4.80268
 71 -4.819
 72 -4.89813
 73 -4.61797
 74 -4.62809
 75 -4.72944
 76 -4.6395
 77 -4.59923
 78 -4.59569
 79 -4.49547
 80 -4.5981
 81 -4.38917
 82 -4.3083
 83 -4.68966
 84 -4.9349
 85 -4.19202
 86 -4.32075
 87 -4.47479
 88 -4.54865
 89 -4.46005
 90 -4.44976
 91 -4.50683
 92 -4.68566
 93 -3.97648
 94 -4.44039
 95 -4.56103
 96 -4.47939
 97 -4.21909
 98 -3.88501
 99 -4.38098
 100 -4.69974
 101 -4.27741
 102 -4.2641
 103 -4.47861
 104 -4.44061
 105 -3.93827
 106 -4.47947
 107 -4.5701
 108 -4.41148
 109 -4.32392
 110 -4.36247
 111 -4.35547
 112 -4.33986
 113 -4.20171
 114 -4.1315
 115 -4.28945
 116 -3.88955
 117 -4.60586
 118 -4.69831
 119 -4.7418
 120 -4.43651
 121 -3.70767
 122 -4.22866
 123 -4.50619
 124 -4.63584
 125 -3.05345
 126 -4.21388
 127 -4.67922
 128 -4.28241
 129 -3.94055
 130 -4.27558
 131 -4.25107
 132 -4.03046
 133 -3.94312
 134 -4.10972
 135 -4.67982
 136 -4.28373
 137 -3.90782
 138 -4.26227
 139 -4.65234
 140 -4.61156
 141 -4.39478
 142 -4.29519
 143 -4.5212
 144 -4.11762
 145 -4.29256
 146 -3.78546
 147 -4.08103
 148 -3.45051
 149 -3.61019
 150 -4.20227
 151 -4.15427
 152 -3.80837
 153 -3.86133
 154 -4.01403
 155 -4.34221
 156 -3.99868
 157 -3.93306
 158 -3.94601
 159 -4.52997
 160 -4.55941
 161 -4.23896
 162 -4.21925
 163 -4.38472
 164 -4.16616
 165 -3.56572
 166 -3.91818
 167 -4.32714
 168 -4.15238
 169 -3.57766
 170 -4.02157
 171 -4.43005
 172 -3.65856
 173 -3.04753
 174 -3.6665
 175 -4.28367
 176 -3.14361
 177 -3.45961
 178 -3.77394
 179 -4.28297
 180 -4.02236
 181 -3.49638
 182 -3.72661
 183 -4.10485
 184 -4.77497
 185 -3.97363
 186 -3.62824
 187 -4.08069
 188 -3.82121
 189 -4.08913
 190 -4.66994
 191 -4.70941
 192 -4.8943
 193 -4.41288
 194 -3.72372
 195 -4.29545
 196 -4.84586
 197 -4.28893
 198 -4.18346
 199 -4.07678
 200 -3.25796
