 1 -5.3995
 2 -9.25981
 3 -8.44931
 4 -7.91428
 5 -6.65859
 6 -5.80171
 7 -6.68378
 8 -5.75527
 9 -6.97882
 10 -6.17334
 11 -6.82813
 12 -7.09537
 13 -6.68126
 14 -7.4296
 15 -6.25314
 16 -7.34062
 17 -6.1516
 18 -7.42651
 19 -6.56837
 20 -6.75471
 21 -6.72508
 22 -6.04683
 23 -6.31477
 24 -6.88016
 25 -6.22001
 26 -7.58253
 27 -5.35079
 28 -6.95638
 29 -6.14239
 30 -5.76786
 31 -6.92405
 32 -5.24766
 33 -5.41447
 34 -4.15119
 35 -6.51065
 36 -9.31254
 37 -9.30978
 38 -9.37563
 39 -7.64756
 40 -8.94894
 41 -8.66063
 42 -10.5226
 43 -10.0114
 44 -9.18179
 45 -9.65029
 46 -9.25102
 47 -9.54992
 48 -9.70299
 49 -8.85778
 50 -7.69682
 51 -8.65007
 52 -7.99088
 53 -6.41361
 54 -6.58811
 55 -9.66065
 56 -6.60182
 57 -6.19118
 58 -5.3863
 59 -4.93457
 60 -6.03808
 61 -6.64559
 62 -7.73826
 63 -10.5238
 64 -8.96322
 65 -7.48275
 66 -8.27519
 67 -6.85027
 68 -8.50124
 69 -6.78225
 70 -6.49033
 71 -9.44971
 72 -8.16758
 73 -7.80938
 74 -7.44457
 75 -8.46252
 76 -8.94581
 77 -10.2816
 78 -9.13122
 79 -8.00734
 80 -10.5196
 81 -8.66409
 82 -7.85872
 83 -10.8775
 84 -10.1273
 85 -9.16637
 86 -10.8772
 87 -11.6242
 88 -10.0852
 89 -11.404
 90 -9.44239
 91 -11.9145
 92 -10.5072
 93 -8.4137
 94 -10.7918
 95 -8.11367
 96 -11.6067
 97 -11.5939
 98 -7.27615
 99 -11.5102
 100 -8.06006
 101 -11.5978
 102 -8.58619
 103 -7.11023
 104 -10.7622
 105 -8.74249
 106 -8.87755
 107 -8.63747
 108 -5.71446
 109 -11.2727
 110 -11.1587
 111 -6.2067
 112 -8.45777
 113 -5.34439
 114 -7.3381
 115 -9.04295
 116 -9.28722
 117 -7.49152
 118 -6.41685
