 1 -4.49077
 2 -4.49077
 3 -4.49077
 4 -4.49077
 5 -4.49077
 6 -4.49077
 7 -4.49077
 8 -4.49077
 9 -4.49077
 10 -4.49077
 11 -4.49077
 12 -4.49077
 13 -4.49077
 14 -4.49077
 15 -4.49077
 16 -4.49077
 17 -4.49077
 18 -4.49077
 19 -4.49077
 20 -4.49077
 21 -4.49077
 22 -4.49077
 23 -4.49077
 24 -4.49077
 25 -4.49077
 26 -4.49077
 27 -4.49077
 28 -4.49077
 29 -4.49077
 30 -4.49077
 31 -4.49077
 32 -4.49077
 33 -4.49077
 34 -4.49077
 35 -4.49077
 36 -4.49077
 37 -4.49077
 38 -4.49077
 39 -4.49077
 40 -4.49077
 41 -4.49077
 42 -4.49077
 43 -4.49077
 44 -4.49077
 45 -4.49077
 46 -4.49077
 47 -4.49077
 48 -4.49077
 49 -4.49077
 50 -4.49077
 51 -4.49077
 52 -4.49077
 53 -4.49077
 54 -4.49077
 55 -4.49077
 56 -4.49077
 57 -4.49077
 58 -4.49077
 59 -4.49077
 60 -4.49077
 61 -4.49077
 62 -4.49077
 63 -4.49077
 64 -4.49077
 65 -4.49077
 66 -4.49077
 67 -4.49077
 68 -4.49077
 69 -4.49077
 70 -4.49077
 71 -4.49077
 72 -4.49077
 73 -4.49077
 74 -4.49077
 75 -4.49077
 76 -4.49077
 77 -4.49077
 78 -4.49077
 79 -4.49077
 80 -4.49077
 81 -4.49077
 82 -4.49077
 83 -4.49077
 84 -4.49077
 85 -4.49077
 86 -4.49077
 87 -4.49077
 88 -4.49077
 89 -4.49077
 90 -4.49077
 91 -4.49077
 92 -4.49077
 93 -4.49077
 94 -4.49077
 95 -4.49077
 96 -4.49077
 97 -4.49077
 98 -4.49077
 99 -4.49077
 100 -4.49077
 101 -4.49077
 102 -4.49077
 103 -4.49077
 104 -4.49077
 105 -4.49077
 106 -4.49077
 107 -4.49077
 108 -4.49077
 109 -4.49077
 110 -4.49077
 111 -4.49077
 112 -4.49077
 113 -4.49077
 114 -4.49077
 115 -4.49077
 116 -4.49077
 117 -4.49077
 118 -4.49077
 119 -4.49077
 120 -4.49077
 121 -4.49077
 122 -4.49077
 123 -4.49077
 124 -4.49077
 125 -4.49077
 126 -4.49077
 127 -4.49077
 128 -4.49077
 129 -4.49077
 130 -4.49077
 131 -4.49077
 132 -4.49077
 133 -4.49077
 134 -4.49077
 135 -4.49077
 136 -4.49077
 137 -4.49077
 138 -4.49077
 139 -4.49077
 140 -4.49077
 141 -4.49077
 142 -4.49077
 143 -4.49077
 144 -4.49077
 145 -4.49077
 146 -4.49077
 147 -4.49077
 148 -4.49077
 149 -4.49077
 150 -4.49077
 151 -4.49077
 152 -4.49077
 153 -4.49077
 154 -4.49077
 155 -4.49077
 156 -4.49077
 157 -4.49077
 158 -4.49077
 159 -4.49077
 160 -4.49077
 161 -4.49077
 162 -4.49077
 163 -4.49077
 164 -4.49077
 165 -4.49077
 166 -4.49077
 167 -4.49077
 168 -4.49077
 169 -4.49077
 170 -4.49077
 171 -4.49077
 172 -4.49077
 173 -4.49077
 174 -4.49077
 175 -4.49077
 176 -4.49077
 177 -4.49077
 178 -4.49077
 179 -4.49077
 180 -4.49077
 181 -4.49077
 182 -4.49077
 183 -4.49077
 184 -4.49077
 185 -4.49077
