 1 -4.36212
 2 -4.34763
 3 -4.33349
 4 -4.30619
 5 -4.29302
 6 -4.26764
 7 -4.25541
 8 -4.23181
 9 -4.22043
 10 -4.20932
 11 -4.16736
 12 -4.13821
 13 -4.12888
 14 -4.11972
 15 -4.11072
 16 -4.08461
 17 -4.05957
 18 -4.05142
 19 -4.02739
 20 -4.0195
 21 -4.01164
 22 -4.00382
 23 -3.99601
 24 -3.98823
 25 -3.98045
 26 -3.97267
 27 -3.96488
 28 -3.95707
 29 -3.94925
 30 -3.94139
 31 -3.9335
 32 -3.92557
 33 -3.90958
 34 -3.9015
 35 -3.89336
 36 -3.88516
 37 -3.8769
 38 -3.86857
 39 -3.86016
 40 -3.85169
 41 -3.84313
 42 -3.8345
 43 -3.8258
 44 -3.81701
 45 -3.80815
 46 -3.79921
 47 -3.79019
 48 -3.78109
 49 -3.77192
 50 -3.76267
 51 -3.75335
 52 -3.74395
 53 -3.73449
 54 -3.72496
 55 -3.71537
 56 -3.70572
 57 -3.69601
 58 -3.68625
 59 -3.67644
 60 -3.66658
 61 -3.65669
 62 -3.64675
 63 -3.63679
 64 -3.6268
 65 -3.61679
 66 -3.60676
 67 -3.59673
 68 -3.58668
 69 -3.57664
 70 -3.56661
 71 -3.55659
 72 -3.54659
 73 -3.53661
 74 -3.52666
 75 -3.51675
 76 -3.50689
 77 -3.49707
 78 -3.4873
 79 -3.4776
 80 -3.46796
 81 -3.4584
 82 -3.44892
 83 -3.43952
 84 -3.43021
 85 -3.421
 86 -3.41188
 87 -3.40288
 88 -3.39398
 89 -3.3852
 90 -3.37655
 91 -3.36802
 92 -3.35962
 93 -3.35135
 94 -3.34322
 95 -3.33523
 96 -3.32739
 97 -3.3197
 98 -3.31215
 99 -3.30476
 100 -3.29753
 101 -3.29045
 102 -3.28354
 103 -3.27678
 104 -3.27019
 105 -3.26375
 106 -3.25748
 107 -3.25137
 108 -3.24542
 109 -3.23963
 110 -3.23401
 111 -3.22854
 112 -3.22322
 113 -3.21806
 114 -3.21305
 115 -3.20818
 116 -3.20346
 117 -3.19888
 118 -3.19443
 119 -3.19011
 120 -3.18592
 121 -3.18184
 122 -3.17788
 123 -3.17403
 124 -3.17028
 125 -3.16661
 126 -3.16304
 127 -3.15954
 128 -3.15611
 129 -3.15274
 130 -3.14943
 131 -3.14615
 132 -3.14291
 133 -3.13969
 134 -3.13649
 135 -3.13328
 136 -3.13007
 137 -3.12684
 138 -3.12358
 139 -3.12028
 140 -3.11692
 141 -3.1135
 142 -3.11001
 143 -3.10642
 144 -3.10274
 145 -3.09894
 146 -3.09502
 147 -3.09096
 148 -3.08676
 149 -3.08239
 150 -3.07785
 151 -3.07313
 152 -3.06821
 153 -3.06309
 154 -3.05774
 155 -3.05217
 156 -3.04636
 157 -3.0403
 158 -3.03398
 159 -3.02739
 160 -3.02053
 161 -3.01338
 162 -3.00593
 163 -2.99819
 164 -2.99014
 165 -2.98178
 166 -2.9731
 167 -2.9641
 168 -2.95478
 169 -2.94513
 170 -2.93516
 171 -2.92486
 172 -2.91423
 173 -2.90329
 174 -2.89202
 175 -2.88045
 176 -2.86857
 177 -2.85639
 178 -2.84393
 179 -2.83119
 180 -2.81819
 181 -2.80495
 182 -2.79147
