 1 -3.3918
 2 -3.3918
 3 -3.3918
 4 -3.3918
 5 -3.3918
 6 -3.3918
 7 -3.3918
 8 -3.3918
 9 -3.3918
 10 -3.3918
 11 -3.3918
 12 -3.3918
 13 -3.3918
 14 -3.3918
 15 -3.3918
 16 -3.3918
 17 -3.3918
 18 -3.3918
 19 -3.3918
 20 -3.3918
 21 -3.3918
 22 -3.3918
 23 -3.3918
 24 -3.3918
 25 -3.3918
 26 -3.3918
 27 -3.3918
 28 -3.3918
 29 -3.3918
 30 -3.3918
 31 -3.3918
 32 -3.3918
 33 -3.3918
 34 -3.3918
 35 -3.3918
 36 -3.3918
 37 -3.3918
 38 -3.3918
 39 -3.3918
 40 -3.3918
 41 -3.3918
 42 -3.3918
 43 -3.3918
 44 -3.3918
 45 -3.3918
 46 -3.3918
 47 -3.3918
 48 -3.3918
 49 -3.3918
 50 -3.3918
 51 -3.3918
 52 -3.3918
 53 -3.3918
 54 -3.3918
 55 -3.3918
 56 -3.3918
 57 -3.3918
 58 -3.3918
 59 -3.3918
 60 -3.3918
 61 -3.3918
 62 -3.3918
 63 -3.3918
 64 -3.3918
 65 -3.3918
 66 -3.3918
 67 -3.3918
 68 -3.3918
 69 -3.3918
 70 -3.3918
 71 -3.3918
 72 -3.3918
 73 -3.3918
 74 -3.3918
 75 -3.3918
 76 -3.3918
 77 -3.3918
 78 -3.3918
 79 -3.3918
 80 -3.3918
 81 -3.3918
 82 -3.3918
 83 -3.3918
 84 -3.3918
 85 -3.3918
 86 -3.3918
 87 -3.3918
 88 -3.3918
 89 -3.3918
 90 -3.3918
 91 -3.3918
 92 -3.3918
 93 -3.3918
 94 -3.3918
 95 -3.3918
 96 -3.3918
 97 -3.3918
 98 -3.3918
 99 -3.3918
 100 -3.3918
 101 -3.3918
 102 -3.3918
 103 -3.3918
 104 -3.3918
 105 -3.3918
 106 -3.3918
 107 -3.3918
 108 -3.3918
 109 -3.3918
 110 -3.3918
 111 -3.3918
 112 -3.3918
 113 -3.3918
 114 -3.3918
 115 -3.3918
 116 -3.3918
 117 -3.3918
 118 -3.3918
 119 -3.3918
 120 -3.3918
 121 -3.3918
 122 -3.3918
 123 -3.3918
 124 -3.3918
 125 -3.3918
 126 -3.3918
 127 -3.3918
 128 -3.3918
 129 -3.3918
 130 -3.3918
 131 -3.3918
 132 -3.3918
 133 -3.3918
 134 -3.3918
 135 -3.3918
 136 -3.3918
 137 -3.3918
 138 -3.3918
 139 -3.3918
 140 -3.3918
 141 -3.3918
 142 -3.3918
 143 -3.3918
 144 -3.3918
 145 -3.3918
 146 -3.3918
 147 -3.3918
 148 -3.3918
 149 -3.3918
 150 -3.3918
 151 -3.3918
 152 -3.3918
 153 -3.3918
 154 -3.3918
 155 -3.3918
 156 -3.3918
 157 -3.3918
 158 -3.3918
 159 -3.3918
 160 -3.3918
 161 -3.3918
 162 -3.3918
 163 -3.3918
 164 -3.3918
 165 -3.3918
 166 -3.3918
 167 -3.3918
 168 -3.3918
 169 -3.3918
 170 -3.3918
 171 -3.3918
 172 -3.3918
 173 -3.3918
 174 -3.3918
 175 -3.3918
 176 -3.3918
 177 -3.3918
 178 -3.3918
 179 -3.3918
 180 -3.3918
 181 -3.3918
 182 -3.3918
 183 -3.3918
 184 -3.3918
 185 -3.3918
 186 -3.3918
 187 -3.3918
 188 -3.3918
 189 -3.3918
 190 -3.3918
 191 -3.3918
 192 -3.3918
 193 -3.3918
 194 -3.3918
 195 -3.3918
 196 -3.3918
 197 -3.3918
 198 -3.3918
 199 -3.3918
 200 -3.3918
