 1 -4.01323
 2 -4.01323
 3 -4.01323
 4 -4.01323
 5 -4.01323
 6 -4.01323
 7 -4.01323
 8 -4.01323
 9 -4.01323
 10 -4.01323
 11 -4.01323
 12 -4.01323
 13 -4.01323
 14 -4.01323
 15 -4.01323
 16 -4.01323
 17 -4.01323
 18 -4.01323
 19 -4.01323
 20 -4.01323
 21 -4.01323
 22 -4.01323
 23 -4.01323
 24 -4.01323
 25 -4.01323
 26 -4.01323
 27 -4.01323
 28 -4.01323
 29 -4.01323
 30 -4.01323
 31 -4.01323
 32 -4.01323
 33 -4.01323
 34 -4.01323
 35 -4.01323
 36 -4.01323
 37 -4.01323
 38 -4.01323
 39 -4.01323
 40 -4.01323
 41 -4.01323
 42 -4.01323
 43 -4.01323
 44 -4.01323
 45 -4.01323
 46 -4.01323
 47 -4.01323
 48 -4.01323
 49 -4.01323
 50 -4.01323
 51 -4.01323
 52 -4.01323
 53 -4.01323
 54 -4.01323
 55 -4.01323
 56 -4.01323
 57 -4.01323
 58 -4.01323
 59 -4.01323
 60 -4.01323
 61 -4.01323
 62 -4.01323
 63 -4.01323
 64 -4.01323
