 1 -2.55815
 2 -2.55815
 3 -2.55815
 4 -2.55815
 5 -2.55815
 6 -2.55815
 7 -2.55815
 8 -2.55815
 9 -2.55815
 10 -2.55815
 11 -2.55815
 12 -2.55815
 13 -2.55815
 14 -2.55815
 15 -2.55815
 16 -2.55815
 17 -2.55815
 18 -2.55815
 19 -2.55815
 20 -2.55815
 21 -2.55815
 22 -2.55815
 23 -2.55815
 24 -2.55815
 25 -2.55815
 26 -2.55815
 27 -2.55815
 28 -2.55815
 29 -2.55815
 30 -2.55815
 31 -2.55815
 32 -2.55815
 33 -2.55815
 34 -2.55815
 35 -2.55815
 36 -2.55815
 37 -2.55815
 38 -2.55815
 39 -2.55815
 40 -2.55815
 41 -2.55815
 42 -2.55815
 43 -2.55815
 44 -2.55815
 45 -2.55815
 46 -2.55815
 47 -2.55815
 48 -2.55815
 49 -2.55815
 50 -2.55815
 51 -2.55815
 52 -2.55815
 53 -2.55815
 54 -2.55815
 55 -2.55815
 56 -2.55815
 57 -2.55815
 58 -2.55815
 59 -2.55815
 60 -2.55815
 61 -2.55815
 62 -2.55815
 63 -2.55815
 64 -2.55815
 65 -2.55815
 66 -2.55815
 67 -2.55815
 68 -2.55815
