 1 -4.38883
 2 -4.38883
 3 -4.38883
 4 -4.38883
 5 -4.38883
 6 -4.38883
 7 -4.38883
 8 -4.38883
 9 -4.38883
 10 -4.38883
 11 -4.38883
 12 -4.38883
 13 -4.38883
 14 -4.38883
 15 -4.38883
 16 -4.38883
 17 -4.38883
 18 -4.38883
 19 -4.38883
 20 -4.38883
 21 -4.38883
 22 -4.38883
 23 -4.38883
 24 -4.38883
 25 -4.38883
 26 -4.38883
 27 -4.38883
 28 -4.38883
 29 -4.38883
 30 -4.38883
 31 -4.38883
 32 -4.38883
 33 -4.38883
 34 -4.38883
 35 -4.38883
 36 -4.38883
 37 -4.38883
 38 -4.38883
 39 -4.38883
 40 -4.38883
 41 -4.38883
 42 -4.38883
 43 -4.38883
 44 -4.38883
 45 -4.38883
 46 -4.38883
 47 -4.38883
 48 -4.38883
 49 -4.38883
 50 -4.38883
 51 -4.38883
 52 -4.38883
 53 -4.38883
 54 -4.38883
 55 -4.38883
 56 -4.38883
 57 -4.38883
 58 -4.38883
 59 -4.38883
 60 -4.38883
 61 -4.38883
 62 -4.38883
 63 -4.38883
 64 -4.38883
 65 -4.38883
 66 -4.38883
 67 -4.38883
 68 -4.38883
 69 -4.38883
 70 -4.38883
 71 -4.38883
 72 -4.38883
 73 -4.38883
 74 -4.38883
 75 -4.38883
 76 -4.38883
 77 -4.38883
 78 -4.38883
 79 -4.38883
 80 -4.38883
 81 -4.38883
 82 -4.38883
 83 -4.38883
 84 -4.38883
 85 -4.38883
 86 -4.38883
 87 -4.38883
 88 -4.38883
 89 -4.38883
 90 -4.38883
 91 -4.38883
 92 -4.38883
 93 -4.38883
 94 -4.38883
 95 -4.38883
 96 -4.38883
 97 -4.38883
 98 -4.38883
 99 -4.38883
 100 -4.38883
 101 -4.38883
 102 -4.38883
 103 -4.38883
 104 -4.38883
 105 -4.38883
 106 -4.38883
 107 -4.38883
 108 -4.38883
 109 -4.38883
 110 -4.38883
 111 -4.38883
 112 -4.38883
 113 -4.38883
 114 -4.38883
 115 -4.38883
 116 -4.38883
 117 -4.38883
 118 -4.38883
 119 -4.38883
 120 -4.38883
 121 -4.38883
 122 -4.38883
 123 -4.38883
 124 -4.38883
 125 -4.38883
 126 -4.38883
 127 -4.38883
 128 -4.38883
 129 -4.38883
 130 -4.38883
 131 -4.38883
 132 -4.38883
 133 -4.38883
 134 -4.38883
 135 -4.38883
 136 -4.38883
 137 -4.38883
 138 -4.38883
 139 -4.38883
 140 -4.38883
 141 -4.38883
 142 -4.38883
 143 -4.38883
 144 -4.38883
 145 -4.38883
 146 -4.38883
 147 -4.38883
 148 -4.38883
 149 -4.38883
 150 -4.38883
 151 -4.38883
 152 -4.38883
 153 -4.38883
 154 -4.38883
 155 -4.38883
 156 -4.38883
 157 -4.38883
 158 -4.38883
 159 -4.38883
 160 -4.38883
 161 -4.38883
 162 -4.38883
 163 -4.38883
 164 -4.38883
 165 -4.38883
 166 -4.38883
 167 -4.38883
 168 -4.38883
 169 -4.38883
 170 -4.38883
 171 -4.38883
 172 -4.38883
 173 -4.38883
 174 -4.38883
 175 -4.38883
 176 -4.38883
 177 -4.38883
 178 -4.38883
 179 -4.38883
 180 -4.38883
 181 -4.38883
 182 -4.38883
 183 -4.38883
 184 -4.38883
 185 -4.38883
 186 -4.38883
 187 -4.38883
 188 -4.38883
 189 -4.38883
 190 -4.38883
 191 -4.38883
 192 -4.38883
 193 -4.38883
 194 -4.38883
 195 -4.38883
 196 -4.38883
 197 -4.38883
 198 -4.38883
 199 -4.38883
 200 -4.38883
