 1 -3.5603
 2 -3.5603
 3 -3.5603
 4 -3.5603
 5 -3.5603
 6 -3.5603
 7 -3.5603
 8 -3.5603
 9 -3.5603
 10 -3.5603
 11 -3.5603
 12 -3.5603
 13 -3.5603
 14 -3.5603
 15 -3.5603
 16 -3.5603
 17 -3.5603
 18 -3.5603
 19 -3.5603
 20 -3.5603
 21 -3.5603
 22 -3.5603
 23 -3.5603
 24 -3.5603
 25 -3.5603
 26 -3.5603
 27 -3.5603
 28 -3.5603
 29 -3.5603
 30 -3.5603
 31 -3.5603
 32 -3.5603
 33 -3.5603
 34 -3.5603
 35 -3.5603
 36 -3.5603
 37 -3.5603
 38 -3.5603
 39 -3.5603
 40 -3.5603
 41 -3.5603
 42 -3.5603
 43 -3.5603
 44 -3.5603
 45 -3.5603
 46 -3.5603
 47 -3.5603
 48 -3.5603
 49 -3.5603
 50 -3.5603
 51 -3.5603
 52 -3.5603
 53 -3.5603
 54 -3.5603
 55 -3.5603
 56 -3.5603
 57 -3.5603
 58 -3.5603
 59 -3.5603
 60 -3.5603
 61 -3.5603
 62 -3.5603
 63 -3.5603
 64 -3.5603
 65 -3.5603
 66 -3.5603
 67 -3.5603
 68 -3.5603
 69 -3.5603
 70 -3.5603
 71 -3.5603
 72 -3.5603
 73 -3.5603
 74 -3.5603
 75 -3.5603
 76 -3.5603
 77 -3.5603
 78 -3.5603
 79 -3.5603
 80 -3.5603
 81 -3.5603
 82 -3.5603
 83 -3.5603
 84 -3.5603
 85 -3.5603
 86 -3.5603
 87 -3.5603
