 1 -4.41598
 2 -4.38758
 3 -4.36053
 4 -4.31031
 5 -4.28705
 6 -4.22415
 7 -4.20534
 8 -4.15481
 9 -4.13981
 10 -4.12567
 11 -4.11235
 12 -4.09981
 13 -4.08803
 14 -4.07696
 15 -4.06657
 16 -4.05683
 17 -4.04771
 18 -4.03918
 19 -4.0312
 20 -4.02374
 21 -4.01679
 22 -3.99861
 23 -3.99336
 24 -3.98391
 25 -3.97967
 26 -3.97572
 27 -3.97203
 28 -3.96858
 29 -3.96536
 30 -3.96234
 31 -3.95949
 32 -3.95681
 33 -3.95428
 34 -3.95186
 35 -3.94956
 36 -3.94735
 37 -3.94521
 38 -3.94313
 39 -3.9391
 40 -3.93712
 41 -3.93514
 42 -3.93115
 43 -3.92912
 44 -3.92705
 45 -3.92492
 46 -3.92274
 47 -3.91818
 48 -3.91577
 49 -3.91328
 50 -3.9023
 51 -3.89927
 52 -3.88948
 53 -3.88596
 54 -3.88232
 55 -3.87855
 56 -3.87464
 57 -3.8706
 58 -3.86643
 59 -3.86213
 60 -3.8577
 61 -3.85314
 62 -3.84845
 63 -3.84363
 64 -3.8387
 65 -3.83363
 66 -3.82846
 67 -3.81775
 68 -3.80662
 69 -3.8009
 70 -3.79509
 71 -3.77713
 72 -3.77098
 73 -3.76477
 74 -3.74578
 75 -3.73935
 76 -3.73288
 77 -3.72638
 78 -3.71986
 79 -3.71332
 80 -3.70676
 81 -3.7002
 82 -3.69364
 83 -3.68709
 84 -3.67404
 85 -3.66756
 86 -3.66111
 87 -3.64836
 88 -3.64206
 89 -3.63582
 90 -3.62965
 91 -3.62356
 92 -3.61755
 93 -3.6058
 94 -3.60007
 95 -3.59445
 96 -3.58894
 97 -3.58354
 98 -3.57826
 99 -3.56809
 100 -3.5632
 101 -3.55845
 102 -3.55384
 103 -3.54937
 104 -3.53687
 105 -3.53301
 106 -3.52575
 107 -3.52236
 108 -3.51913
 109 -3.51605
 110 -3.51313
 111 -3.51037
 112 -3.50775
 113 -3.50529
 114 -3.50298
 115 -3.50082
 116 -3.4988
 117 -3.49692
 118 -3.49517
 119 -3.49355
 120 -3.49205
 121 -3.49066
 122 -3.48939
 123 -3.48821
 124 -3.48713
 125 -3.48613
 126 -3.48521
 127 -3.48434
 128 -3.48353
 129 -3.48276
 130 -3.48202
 131 -3.48129
 132 -3.48056
 133 -3.47982
 134 -3.47904
 135 -3.47822
 136 -3.47734
 137 -3.47637
 138 -3.47531
 139 -3.47412
 140 -3.4728
 141 -3.47131
 142 -3.46964
 143 -3.46777
 144 -3.46566
 145 -3.4633
 146 -3.46066
 147 -3.45771
 148 -3.45443
 149 -3.45078
 150 -3.44675
 151 -3.44229
 152 -3.43737
 153 -3.43198
 154 -3.42606
 155 -3.41959
 156 -3.41253
 157 -3.40485
 158 -3.39651
 159 -3.38747
 160 -3.37769
 161 -3.36714
 162 -3.35576
 163 -3.34352
 164 -3.33038
 165 -3.31629
 166 -3.3012
 167 -3.28507
 168 -3.26785
