 1 -7.37921
 2 -7.33332
 3 -7.27557
 4 -7.26182
 5 -7.24835
 6 -7.23518
 7 -7.18534
 8 -7.16208
 9 -7.15084
 10 -7.13985
 11 -7.12909
 12 -7.11857
 13 -7.10825
 14 -7.09814
 15 -7.08821
 16 -7.07847
 17 -7.06888
 18 -7.05944
 19 -7.05013
 20 -7.04095
 21 -7.03186
 22 -7.02287
 23 -7.01395
 24 -7.00509
 25 -6.99628
 26 -6.98749
 27 -6.97873
 28 -6.96997
 29 -6.96121
 30 -6.95242
 31 -6.93473
 32 -6.92581
 33 -6.90776
 34 -6.8986
 35 -6.87999
 36 -6.87052
 37 -6.86093
 38 -6.85122
 39 -6.84137
 40 -6.83138
 41 -6.82125
 42 -6.81097
 43 -6.80054
 44 -6.78996
 45 -6.77922
 46 -6.76833
 47 -6.75728
 48 -6.74608
 49 -6.73472
 50 -6.7232
 51 -6.71154
 52 -6.69972
 53 -6.68776
 54 -6.67565
 55 -6.6634
 56 -6.65102
 57 -6.63851
 58 -6.62588
 59 -6.61313
 60 -6.60027
 61 -6.58731
 62 -6.57426
 63 -6.56111
 64 -6.54789
 65 -6.5346
 66 -6.52125
 67 -6.50784
 68 -6.49439
 69 -6.48091
 70 -6.46741
 71 -6.45389
 72 -6.44037
 73 -6.42685
 74 -6.41336
 75 -6.39988
 76 -6.37307
 77 -6.35974
 78 -6.34648
 79 -6.33329
 80 -6.3202
 81 -6.3072
 82 -6.2943
 83 -6.28153
 84 -6.26887
 85 -6.24396
 86 -6.21964
 87 -6.173
 88 -6.16178
 89 -6.13993
 90 -6.12929
 91 -6.11885
 92 -6.10861
 93 -6.0426
 94 -6.01725
 95 -6.00916
 96 -6.00125
 97 -5.99351
 98 -5.97848
 99 -5.97119
 100 -5.96402
 101 -5.95698
 102 -5.95005
 103 -5.94323
 104 -5.93649
 105 -5.92982
 106 -5.92322
 107 -5.91667
 108 -5.91016
 109 -5.90366
 110 -5.89718
 111 -5.88417
 112 -5.87762
 113 -5.87101
 114 -5.86433
 115 -5.85757
 116 -5.8507
 117 -5.84372
 118 -5.82192
 119 -5.81431
 120 -5.79851
 121 -5.79028
 122 -5.74544
 123 -5.73566
 124 -5.72559
 125 -5.71523
 126 -5.70457
 127 -5.69361
 128 -5.67081
 129 -5.65897
 130 -5.64684
 131 -5.62177
 132 -5.60885
 133 -5.55508
 134 -5.54124
 135 -5.5273
 136 -5.5133
 137 -5.49929
 138 -5.4853
 139 -5.4714
 140 -5.45764
 141 -5.44408
 142 -5.43079
 143 -5.41784
 144 -5.4053
 145 -5.39327
 146 -5.38182
 147 -5.35205
 148 -5.34401
 149 -5.33149
