 1 -5.77443
 2 -5.77443
 3 -5.77443
 4 -5.77443
 5 -5.77443
 6 -5.77443
 7 -5.77443
 8 -5.77443
 9 -5.77443
 10 -5.77443
 11 -5.77443
 12 -5.77443
 13 -5.77443
 14 -5.77443
 15 -5.77443
 16 -5.77443
 17 -5.77443
 18 -5.77443
 19 -5.77443
 20 -5.77443
 21 -5.77443
 22 -5.77443
 23 -5.77443
 24 -5.77443
 25 -5.77443
 26 -5.77443
 27 -5.77443
 28 -5.77443
 29 -5.77443
 30 -5.77443
 31 -5.77443
 32 -5.77443
 33 -5.77443
 34 -5.77443
 35 -5.77443
 36 -5.77443
 37 -5.77443
 38 -5.77443
 39 -5.77443
 40 -5.77443
 41 -5.77443
 42 -5.77443
 43 -5.77443
 44 -5.77443
 45 -5.77443
 46 -5.77443
 47 -5.77443
 48 -5.77443
 49 -5.77443
 50 -5.77443
 51 -5.77443
 52 -5.77443
 53 -5.77443
 54 -5.77443
 55 -5.77443
 56 -5.77443
 57 -5.77443
 58 -5.77443
 59 -5.77443
 60 -5.77443
 61 -5.77443
 62 -5.77443
 63 -5.77443
 64 -5.77443
 65 -5.77443
 66 -5.77443
 67 -5.77443
 68 -5.77443
 69 -5.77443
 70 -5.77443
 71 -5.77443
 72 -5.77443
 73 -5.77443
 74 -5.77443
 75 -5.77443
 76 -5.77443
 77 -5.77443
 78 -5.77443
 79 -5.77443
 80 -5.77443
 81 -5.77443
 82 -5.77443
 83 -5.77443
 84 -5.77443
 85 -5.77443
 86 -5.77443
 87 -5.77443
 88 -5.77443
 89 -5.77443
 90 -5.77443
 91 -5.77443
 92 -5.77443
 93 -5.77443
 94 -5.77443
 95 -5.77443
 96 -5.77443
 97 -5.77443
 98 -5.77443
 99 -5.77443
 100 -5.77443
 101 -5.77443
 102 -5.77443
 103 -5.77443
 104 -5.77443
 105 -5.77443
 106 -5.77443
 107 -5.77443
 108 -5.77443
 109 -5.77443
 110 -5.77443
 111 -5.77443
 112 -5.77443
 113 -5.77443
 114 -5.77443
 115 -5.77443
 116 -5.77443
 117 -5.77443
 118 -5.77443
 119 -5.77443
 120 -5.77443
 121 -5.77443
 122 -5.77443
 123 -5.77443
 124 -5.77443
 125 -5.77443
 126 -5.77443
 127 -5.77443
 128 -5.77443
 129 -5.77443
 130 -5.77443
 131 -5.77443
 132 -5.77443
 133 -5.77443
 134 -5.77443
 135 -5.77443
 136 -5.77443
 137 -5.77443
 138 -5.77443
 139 -5.77443
 140 -5.77443
 141 -5.77443
 142 -5.77443
 143 -5.77443
 144 -5.77443
 145 -5.77443
 146 -5.77443
 147 -5.77443
 148 -5.77443
 149 -5.77443
 150 -5.77443
 151 -5.77443
 152 -5.77443
 153 -5.77443
 154 -5.77443
 155 -5.77443
 156 -5.77443
 157 -5.77443
 158 -5.77443
 159 -5.77443
 160 -5.77443
 161 -5.77443
 162 -5.77443
 163 -5.77443
 164 -5.77443
 165 -5.77443
 166 -5.77443
 167 -5.77443
 168 -5.77443
 169 -5.77443
 170 -5.77443
 171 -5.77443
 172 -5.77443
 173 -5.77443
 174 -5.77443
 175 -5.77443
 176 -5.77443
 177 -5.77443
 178 -5.77443
 179 -5.77443
 180 -5.77443
 181 -5.77443
 182 -5.77443
 183 -5.77443
 184 -5.77443
 185 -5.77443
 186 -5.77443
