 1 -5.01304
 2 -5.01304
 3 -5.01304
 4 -5.01304
 5 -5.01304
 6 -5.01304
 7 -5.01304
 8 -5.01304
 9 -5.01304
 10 -5.01304
 11 -5.01304
 12 -5.01304
 13 -5.01304
 14 -5.01304
 15 -5.01304
 16 -5.01304
 17 -5.01304
 18 -5.01304
 19 -5.01304
 20 -5.01304
 21 -5.01304
 22 -5.01304
 23 -5.01304
 24 -5.01304
 25 -5.01304
 26 -5.01304
 27 -5.01304
 28 -5.01304
 29 -5.01304
 30 -5.01304
 31 -5.01304
 32 -5.01304
 33 -5.01304
 34 -5.01304
 35 -5.01304
 36 -5.01304
 37 -5.01304
 38 -5.01304
 39 -5.01304
 40 -5.01304
 41 -5.01304
 42 -5.01304
 43 -5.01304
 44 -5.01304
 45 -5.01304
 46 -5.01304
 47 -5.01304
 48 -5.01304
 49 -5.01304
 50 -5.01304
 51 -5.01304
 52 -5.01304
 53 -5.01304
 54 -5.01304
 55 -5.01304
 56 -5.01304
 57 -5.01304
 58 -5.01304
 59 -5.01304
 60 -5.01304
 61 -5.01304
 62 -5.01304
 63 -5.01304
 64 -5.01304
 65 -5.01304
 66 -5.01304
 67 -5.01304
 68 -5.01304
 69 -5.01304
 70 -5.01304
 71 -5.01304
 72 -5.01304
 73 -5.01304
 74 -5.01304
 75 -5.01304
 76 -5.01304
 77 -5.01304
 78 -5.01304
 79 -5.01304
 80 -5.01304
 81 -5.01304
 82 -5.01304
 83 -5.01304
 84 -5.01304
 85 -5.01304
 86 -5.01304
 87 -5.01304
 88 -5.01304
 89 -5.01304
 90 -5.01304
 91 -5.01304
 92 -5.01304
 93 -5.01304
 94 -5.01304
 95 -5.01304
 96 -5.01304
 97 -5.01304
 98 -5.01304
 99 -5.01304
 100 -5.01304
 101 -5.01304
 102 -5.01304
 103 -5.01304
 104 -5.01304
 105 -5.01304
 106 -5.01304
 107 -5.01304
 108 -5.01304
 109 -5.01304
 110 -5.01304
 111 -5.01304
 112 -5.01304
 113 -5.01304
 114 -5.01304
 115 -5.01304
 116 -5.01304
 117 -5.01304
