 1 -5.53296
 2 -5.53296
 3 -5.53296
 4 -5.53296
 5 -5.53296
 6 -5.53296
 7 -5.53296
 8 -5.53296
 9 -5.53296
 10 -5.53296
 11 -5.53296
 12 -5.53296
 13 -5.53296
 14 -5.53296
 15 -5.53296
 16 -5.53296
 17 -5.53296
 18 -5.53296
 19 -5.53296
 20 -5.53296
 21 -5.53296
 22 -5.53296
 23 -5.53296
 24 -5.53296
 25 -5.53296
 26 -5.53296
 27 -5.53296
 28 -5.53296
 29 -5.53296
 30 -5.53296
 31 -5.53296
 32 -5.53296
 33 -5.53296
 34 -5.53296
 35 -5.53296
 36 -5.53296
 37 -5.53296
 38 -5.53296
 39 -5.53296
 40 -5.53296
 41 -5.53296
 42 -5.53296
 43 -5.53296
 44 -5.53296
 45 -5.53296
 46 -5.53296
 47 -5.53296
 48 -5.53296
 49 -5.53296
 50 -5.53296
 51 -5.53296
 52 -5.53296
 53 -5.53296
 54 -5.53296
 55 -5.53296
 56 -5.53296
 57 -5.53296
 58 -5.53296
 59 -5.53296
 60 -5.53296
 61 -5.53296
 62 -5.53296
 63 -5.53296
 64 -5.53296
 65 -5.53296
 66 -5.53296
 67 -5.53296
 68 -5.53296
 69 -5.53296
 70 -5.53296
 71 -5.53296
 72 -5.53296
 73 -5.53296
 74 -5.53296
 75 -5.53296
 76 -5.53296
 77 -5.53296
 78 -5.53296
 79 -5.53296
 80 -5.53296
 81 -5.53296
 82 -5.53296
 83 -5.53296
 84 -5.53296
