 1 -4.77763
 2 -4.72385
 3 -4.67742
 4 -4.66325
 5 -4.64963
 6 -4.63651
 7 -4.62384
 8 -4.61156
 9 -4.57667
 10 -4.56556
 11 -4.55465
 12 -4.54391
 13 -4.53331
 14 -4.52284
 15 -4.51245
 16 -4.50214
 17 -4.49188
 18 -4.48166
 19 -4.47145
 20 -4.46125
 21 -4.45104
 22 -4.44082
 23 -4.43056
 24 -4.42027
 25 -4.40993
 26 -4.39955
 27 -4.38911
 28 -4.37861
 29 -4.36805
 30 -4.35743
 31 -4.34674
 32 -4.33599
 33 -4.32517
 34 -4.31429
 35 -4.30335
 36 -4.29234
 37 -4.28128
 38 -4.27015
 39 -4.25898
 40 -4.24775
 41 -4.23648
 42 -4.22516
 43 -4.2138
 44 -4.20241
 45 -4.19098
 46 -4.17953
 47 -4.16805
 48 -4.15656
 49 -4.14505
 50 -4.13352
 51 -4.122
 52 -4.11047
 53 -4.09894
 54 -4.08741
 55 -4.0759
 56 -4.0644
 57 -4.05291
 58 -4.04144
 59 -4.03
 60 -4.01858
 61 -4.00719
 62 -3.99584
 63 -3.98451
 64 -3.97322
 65 -3.96197
 66 -3.95076
 67 -3.93959
 68 -3.92847
 69 -3.91739
 70 -3.90635
 71 -3.89537
 72 -3.88443
 73 -3.87354
 74 -3.86269
 75 -3.8519
 76 -3.84116
 77 -3.83046
 78 -3.81982
 79 -3.80922
 80 -3.79868
 81 -3.78818
 82 -3.77774
 83 -3.76734
 84 -3.75699
 85 -3.74669
 86 -3.72623
 87 -3.71606
 88 -3.70595
 89 -3.69588
 90 -3.68585
 91 -3.67587
 92 -3.66593
 93 -3.65603
 94 -3.64618
 95 -3.63637
 96 -3.6266
 97 -3.61688
 98 -3.6072
 99 -3.59756
 100 -3.58797
 101 -3.57842
 102 -3.56891
 103 -3.55945
 104 -3.55004
 105 -3.54068
 106 -3.53136
 107 -3.52209
 108 -3.51288
 109 -3.50372
 110 -3.49462
 111 -3.48557
 112 -3.47659
 113 -3.46766
 114 -3.4588
 115 -3.45001
 116 -3.44129
 117 -3.43264
 118 -3.42407
 119 -3.41558
 120 -3.40717
 121 -3.39885
 122 -3.39061
 123 -3.38247
 124 -3.37442
 125 -3.36647
 126 -3.35862
 127 -3.35088
 128 -3.34325
 129 -3.33573
 130 -3.32832
 131 -3.32102
 132 -3.31385
 133 -3.3068
 134 -3.29986
 135 -3.29305
 136 -3.28637
 137 -3.27981
 138 -3.27337
 139 -3.26706
 140 -3.26087
 141 -3.25479
 142 -3.24884
 143 -3.243
 144 -3.23727
 145 -3.23164
 146 -3.2261
 147 -3.22066
 148 -3.2153
 149 -3.21
 150 -3.20477
 151 -3.19958
 152 -3.19442
 153 -3.18927
 154 -3.18413
 155 -3.17896
 156 -3.17374
 157 -3.16846
 158 -3.16308
 159 -3.15758
 160 -3.15193
 161 -3.14609
 162 -3.14003
 163 -3.13371
 164 -3.12708
 165 -3.12011
 166 -3.11275
 167 -3.10494
 168 -3.09663
 169 -3.08777
 170 -3.07828
 171 -3.06811
 172 -3.05718
 173 -3.04542
 174 -3.03275
 175 -3.01909
 176 -3.00435
 177 -2.98844
 178 -2.97125
 179 -2.95269
 180 -2.93264
 181 -2.91099
 182 -2.88761
 183 -2.86239
 184 -2.83518
 185 -2.80584
 186 -2.77423
 187 -2.7402
 188 -2.70357
 189 -2.66418
