 1 -6.12181
 2 -6.16523
 3 -6.24428
 4 -6.26272
 5 -6.39747
 6 -6.56602
 7 -6.58118
 8 -6.62688
 9 -6.64221
 10 -6.68857
 11 -6.73556
 12 -6.75139
 13 -6.76729
 14 -6.78328
 15 -6.81549
 16 -6.83172
 17 -6.88088
 18 -6.89743
 19 -6.94748
 20 -7.22226
 21 -7.27456
 22 -7.30947
 23 -7.3967
 24 -7.43153
 25 -7.44893
 26 -7.48369
 27 -7.51839
 28 -7.53571
 29 -7.5703
 30 -7.58757
 31 -7.60482
 32 -7.63926
 33 -7.65646
 34 -7.67364
 35 -7.70796
 36 -7.72509
 37 -7.75932
 38 -7.77642
 39 -7.7935
 40 -7.81058
 41 -7.84472
 42 -7.86178
 43 -7.87884
 44 -7.91295
 45 -7.94707
 46 -7.96414
 47 -7.98122
 48 -7.9983
 49 -8.01539
 50 -8.0325
 51 -8.06676
 52 -8.08391
 53 -8.11826
 54 -8.13547
 55 -8.1527
 56 -8.16996
 57 -8.18723
 58 -8.20453
 59 -8.22185
 60 -8.2392
 61 -8.25658
 62 -8.27398
 63 -8.29141
 64 -8.30886
 65 -8.32634
 66 -8.34384
 67 -8.36137
 68 -8.37892
 69 -8.3965
 70 -8.41409
 71 -8.43171
 72 -8.44934
 73 -8.46699
 74 -8.48466
 75 -8.50234
 76 -8.52003
 77 -8.53772
 78 -8.55542
 79 -8.57312
 80 -8.59082
 81 -8.60851
 82 -8.62619
 83 -8.66151
 84 -8.67913
 85 -8.69673
 86 -8.7143
 87 -8.73183
 88 -8.74931
 89 -8.76675
 90 -8.78413
 91 -8.80146
 92 -8.81871
 93 -8.8359
 94 -8.853
 95 -8.88695
 96 -8.90378
 97 -8.93711
 98 -8.9536
 99 -8.96996
 100 -8.98618
 101 -9.00226
 102 -9.0182
 103 -9.03397
 104 -9.04959
 105 -9.06503
 106 -9.08029
 107 -9.09537
 108 -9.11025
 109 -9.12493
 110 -9.13941
 111 -9.15368
 112 -9.18154
 113 -9.19514
 114 -9.20849
 115 -9.23447
 116 -9.24709
 117 -9.25945
 118 -9.29499
