 1 -4.77038
 2 -4.74209
 3 -4.73226
 4 -4.70175
 5 -4.69128
 6 -4.67
 7 -4.6592
 8 -4.64831
 9 -4.63736
 10 -4.62634
 11 -4.61526
 12 -4.60415
 13 -4.59301
 14 -4.58186
 15 -4.57069
 16 -4.55953
 17 -4.54837
 18 -4.53724
 19 -4.52613
 20 -4.51506
 21 -4.50404
 22 -4.49306
 23 -4.48215
 24 -4.47129
 25 -4.46051
 26 -4.4498
 27 -4.43917
 28 -4.42862
 29 -4.41817
 30 -4.4078
 31 -4.39753
 32 -4.38736
 33 -4.37729
 34 -4.36731
 35 -4.35745
 36 -4.34768
 37 -4.33802
 38 -4.32847
 39 -4.31902
 40 -4.30967
 41 -4.30043
 42 -4.29129
 43 -4.28225
 44 -4.26446
 45 -4.25571
 46 -4.24704
 47 -4.23847
 48 -4.22997
 49 -4.22156
 50 -4.21322
 51 -4.20496
 52 -4.19676
 53 -4.18863
 54 -4.17252
 55 -4.16455
 56 -4.14872
 57 -4.14085
 58 -4.13302
 59 -4.1252
 60 -4.09403
 61 -4.08623
 62 -4.07059
 63 -4.06274
 64 -4.04694
 65 -4.03899
 66 -4.03099
 67 -4.01483
 68 -4.00667
 69 -3.94754
 70 -3.9299
 71 -3.86524
 72 -3.83609
 73 -3.82618
 74 -3.81619
 75 -3.77534
 76 -3.76492
 77 -3.74389
 78 -3.71187
 79 -3.64678
 80 -3.63587
 81 -3.62496
 82 -3.61407
 83 -3.6032
 84 -3.56009
 85 -3.52841
 86 -3.51803
 87 -3.50775
 88 -3.46784
 89 -3.45821
 90 -3.44874
 91 -3.43943
 92 -3.4303
 93 -3.42135
 94 -3.41258
 95 -3.40402
 96 -3.39565
 97 -3.38749
 98 -3.37955
 99 -3.37182
 100 -3.36431
 101 -3.35702
 102 -3.34996
 103 -3.34313
 104 -3.33652
 105 -3.33014
 106 -3.32398
 107 -3.31804
 108 -3.31231
 109 -3.3068
 110 -3.30149
 111 -3.29637
 112 -3.29143
 113 -3.28666
 114 -3.28205
 115 -3.27758
 116 -3.27323
 117 -3.26898
 118 -3.26482
 119 -3.26071
 120 -3.25663
 121 -3.25255
 122 -3.24844
 123 -3.24426
 124 -3.23998
 125 -3.23555
 126 -3.23094
 127 -3.2261
 128 -3.22097
 129 -3.21551
 130 -3.20965
 131 -3.20334
 132 -3.19652
 133 -3.18911
 134 -3.18105
 135 -3.17225
 136 -3.16264
 137 -3.15213
 138 -3.14064
 139 -3.12806
 140 -3.1143
 141 -3.09925
 142 -3.08281
 143 -3.06486
 144 -3.04527
 145 -3.02393
 146 -3.00069
 147 -2.97542
 148 -2.94798
 149 -2.91821
 150 -2.88595
 151 -2.85105
 152 -2.81332
