 1 -4.33406
 2 -4.33406
 3 -4.33406
 4 -4.33406
 5 -4.33406
 6 -4.33406
 7 -4.33406
 8 -4.33406
 9 -4.33406
 10 -4.33406
 11 -4.33406
 12 -4.33406
 13 -4.33406
 14 -4.33406
 15 -4.33406
 16 -4.33406
 17 -4.33406
 18 -4.33406
 19 -4.33406
 20 -4.33406
 21 -4.33406
 22 -4.33406
 23 -4.33406
 24 -4.33406
 25 -4.33406
 26 -4.33406
 27 -4.33406
 28 -4.33406
 29 -4.33406
 30 -4.33406
 31 -4.33406
 32 -4.33406
 33 -4.33406
 34 -4.33406
 35 -4.33406
 36 -4.33406
 37 -4.33406
 38 -4.33406
 39 -4.33406
 40 -4.33406
 41 -4.33406
 42 -4.33406
 43 -4.33406
 44 -4.33406
 45 -4.33406
 46 -4.33406
 47 -4.33406
 48 -4.33406
 49 -4.33406
 50 -4.33406
 51 -4.33406
 52 -4.33406
 53 -4.33406
 54 -4.33406
 55 -4.33406
 56 -4.33406
 57 -4.33406
 58 -4.33406
 59 -4.33406
 60 -4.33406
 61 -4.33406
 62 -4.33406
 63 -4.33406
 64 -4.33406
 65 -4.33406
 66 -4.33406
 67 -4.33406
 68 -4.33406
 69 -4.33406
 70 -4.33406
 71 -4.33406
 72 -4.33406
 73 -4.33406
 74 -4.33406
 75 -4.33406
 76 -4.33406
 77 -4.33406
 78 -4.33406
 79 -4.33406
 80 -4.33406
 81 -4.33406
 82 -4.33406
 83 -4.33406
 84 -4.33406
 85 -4.33406
 86 -4.33406
 87 -4.33406
 88 -4.33406
 89 -4.33406
 90 -4.33406
 91 -4.33406
 92 -4.33406
 93 -4.33406
 94 -4.33406
 95 -4.33406
 96 -4.33406
 97 -4.33406
 98 -4.33406
 99 -4.33406
 100 -4.33406
 101 -4.33406
 102 -4.33406
 103 -4.33406
 104 -4.33406
 105 -4.33406
 106 -4.33406
 107 -4.33406
 108 -4.33406
 109 -4.33406
 110 -4.33406
 111 -4.33406
 112 -4.33406
 113 -4.33406
 114 -4.33406
 115 -4.33406
 116 -4.33406
 117 -4.33406
 118 -4.33406
 119 -4.33406
 120 -4.33406
 121 -4.33406
 122 -4.33406
 123 -4.33406
 124 -4.33406
 125 -4.33406
 126 -4.33406
 127 -4.33406
 128 -4.33406
 129 -4.33406
 130 -4.33406
 131 -4.33406
 132 -4.33406
 133 -4.33406
 134 -4.33406
 135 -4.33406
 136 -4.33406
 137 -4.33406
 138 -4.33406
 139 -4.33406
 140 -4.33406
 141 -4.33406
 142 -4.33406
 143 -4.33406
 144 -4.33406
 145 -4.33406
 146 -4.33406
 147 -4.33406
 148 -4.33406
 149 -4.33406
 150 -4.33406
 151 -4.33406
 152 -4.33406
 153 -4.33406
 154 -4.33406
 155 -4.33406
 156 -4.33406
 157 -4.33406
