 1 -2.79663
 2 -2.79663
 3 -2.79663
 4 -2.79663
 5 -2.79663
 6 -2.79663
 7 -2.79663
 8 -2.79663
 9 -2.79663
 10 -2.79663
 11 -2.79663
 12 -2.79663
 13 -2.79663
 14 -2.79663
 15 -2.79663
 16 -2.79663
 17 -2.79663
 18 -2.79663
 19 -2.79663
 20 -2.79663
 21 -2.79663
 22 -2.79663
 23 -2.79663
 24 -2.79663
 25 -2.79663
 26 -2.79663
 27 -2.79663
 28 -2.79663
 29 -2.79663
 30 -2.79663
 31 -2.79663
 32 -2.79663
 33 -2.79663
 34 -2.79663
 35 -2.79663
 36 -2.79663
 37 -2.79663
 38 -2.79663
 39 -2.79663
 40 -2.79663
 41 -2.79663
 42 -2.79663
 43 -2.79663
 44 -2.79663
 45 -2.79663
 46 -2.79663
 47 -2.79663
 48 -2.79663
 49 -2.79663
 50 -2.79663
 51 -2.79663
 52 -2.79663
 53 -2.79663
 54 -2.79663
 55 -2.79663
 56 -2.79663
 57 -2.79663
 58 -2.79663
 59 -2.79663
 60 -2.79663
 61 -2.79663
 62 -2.79663
 63 -2.79663
 64 -2.79663
 65 -2.79663
 66 -2.79663
 67 -2.79663
 68 -2.79663
 69 -2.79663
 70 -2.79663
 71 -2.79663
 72 -2.79663
 73 -2.79663
 74 -2.79663
 75 -2.79663
 76 -2.79663
 77 -2.79663
 78 -2.79663
 79 -2.79663
 80 -2.79663
 81 -2.79663
 82 -2.79663
 83 -2.79663
 84 -2.79663
 85 -2.79663
 86 -2.79663
 87 -2.79663
 88 -2.79663
 89 -2.79663
 90 -2.79663
 91 -2.79663
 92 -2.79663
 93 -2.79663
 94 -2.79663
 95 -2.79663
 96 -2.79663
 97 -2.79663
 98 -2.79663
 99 -2.79663
 100 -2.79663
 101 -2.79663
 102 -2.79663
 103 -2.79663
 104 -2.79663
 105 -2.79663
 106 -2.79663
 107 -2.79663
 108 -2.79663
 109 -2.79663
 110 -2.79663
 111 -2.79663
 112 -2.79663
 113 -2.79663
 114 -2.79663
 115 -2.79663
 116 -2.79663
 117 -2.79663
 118 -2.79663
 119 -2.79663
 120 -2.79663
 121 -2.79663
 122 -2.79663
 123 -2.79663
 124 -2.79663
 125 -2.79663
 126 -2.79663
 127 -2.79663
 128 -2.79663
 129 -2.79663
 130 -2.79663
 131 -2.79663
 132 -2.79663
 133 -2.79663
 134 -2.79663
 135 -2.79663
 136 -2.79663
 137 -2.79663
 138 -2.79663
 139 -2.79663
 140 -2.79663
 141 -2.79663
 142 -2.79663
 143 -2.79663
 144 -2.79663
 145 -2.79663
 146 -2.79663
 147 -2.79663
 148 -2.79663
 149 -2.79663
 150 -2.79663
 151 -2.79663
 152 -2.79663
 153 -2.79663
 154 -2.79663
 155 -2.79663
 156 -2.79663
 157 -2.79663
 158 -2.79663
 159 -2.79663
 160 -2.79663
 161 -2.79663
 162 -2.79663
 163 -2.79663
 164 -2.79663
 165 -2.79663
 166 -2.79663
 167 -2.79663
 168 -2.79663
 169 -2.79663
 170 -2.79663
 171 -2.79663
 172 -2.79663
 173 -2.79663
 174 -2.79663
 175 -2.79663
 176 -2.79663
 177 -2.79663
 178 -2.79663
 179 -2.79663
 180 -2.79663
 181 -2.79663
 182 -2.79663
 183 -2.79663
 184 -2.79663
 185 -2.79663
 186 -2.79663
 187 -2.79663
 188 -2.79663
 189 -2.79663
 190 -2.79663
 191 -2.79663
 192 -2.79663
 193 -2.79663
 194 -2.79663
 195 -2.79663
 196 -2.79663
 197 -2.79663
 198 -2.79663
 199 -2.79663
 200 -2.79663
