 1 -5.57846
 2 -5.58736
 3 -5.59329
 4 -5.59647
 5 -5.59713
 6 -5.59546
 7 -5.59167
 8 -5.58593
 9 -5.57843
 10 -5.56932
 11 -5.55877
 12 -5.54692
 13 -5.53392
 14 -5.51989
 15 -5.50497
 16 -5.48927
 17 -5.4729
 18 -5.45597
 19 -5.43856
 20 -5.42077
 21 -5.40269
 22 -5.3844
 23 -5.36596
 24 -5.34744
 25 -5.3289
 26 -5.31041
 27 -5.29201
 28 -5.27375
 29 -5.25567
 30 -5.23781
 31 -5.22021
 32 -5.16923
 33 -5.15293
 34 -5.137
 35 -5.12146
 36 -5.10632
 37 -5.09159
 38 -5.07728
 39 -5.06339
 40 -5.04992
 41 -5.03687
 42 -5.02425
 43 -5.01205
 44 -5.00026
 45 -4.98887
 46 -4.97788
 47 -4.96728
 48 -4.95707
 49 -4.94721
 50 -4.93772
 51 -4.92856
 52 -4.91974
 53 -4.91123
 54 -4.89509
 55 -4.88744
 56 -4.88003
 57 -4.87286
 58 -4.86592
 59 -4.85918
 60 -4.85263
 61 -4.84625
 62 -4.84002
 63 -4.83394
 64 -4.82799
 65 -4.82214
 66 -4.8164
 67 -4.81073
 68 -4.80513
 69 -4.79959
 70 -4.79409
 71 -4.78862
 72 -4.78316
 73 -4.77772
 74 -4.77227
 75 -4.7668
 76 -4.76132
 77 -4.7558
 78 -4.75024
 79 -4.74464
 80 -4.73898
 81 -4.73326
 82 -4.72748
 83 -4.72164
 84 -4.71571
 85 -4.70972
 86 -4.70364
 87 -4.69749
 88 -4.69125
 89 -4.68494
 90 -4.67854
 91 -4.67206
 92 -4.6655
 93 -4.65886
 94 -4.65214
 95 -4.64535
 96 -4.63848
 97 -4.63155
 98 -4.62455
 99 -4.61748
 100 -4.61036
 101 -4.60318
 102 -4.59596
 103 -4.58868
 104 -4.58137
 105 -4.57402
 106 -4.56663
 107 -4.55921
 108 -4.55176
 109 -4.54429
 110 -4.5368
 111 -4.52929
 112 -4.52177
 113 -4.51423
 114 -4.50667
 115 -4.4991
 116 -4.49152
 117 -4.48392
 118 -4.4763
 119 -4.46866
 120 -4.46098
 121 -4.45328
 122 -4.44554
 123 -4.43774
 124 -4.42989
 125 -4.42196
 126 -4.41396
 127 -4.40585
 128 -4.39763
 129 -4.38927
 130 -4.38076
 131 -4.37206
 132 -4.36317
 133 -4.35405
 134 -4.34466
 135 -4.33499
 136 -4.32498
 137 -4.31461
 138 -4.30384
 139 -4.29262
 140 -4.2809
 141 -4.26865
 142 -4.25579
 143 -4.24228
 144 -4.22806
 145 -4.21307
 146 -4.19723
 147 -4.18049
 148 -4.16275
 149 -4.14396
 150 -4.12401
 151 -4.10284
 152 -4.08034
 153 -4.05642
 154 -4.03098
 155 -4.00392
 156 -3.97513
 157 -3.94448
 158 -3.91188
 159 -3.87718
