 1 -6.4748
 2 -6.4748
 3 -6.4748
 4 -6.4748
 5 -6.4748
 6 -6.4748
 7 -6.4748
 8 -6.4748
 9 -6.4748
 10 -6.4748
 11 -6.4748
 12 -6.4748
 13 -6.4748
 14 -6.4748
 15 -6.4748
 16 -6.4748
 17 -6.4748
 18 -6.4748
 19 -6.4748
 20 -6.4748
 21 -6.4748
 22 -6.4748
 23 -6.4748
 24 -6.4748
 25 -6.4748
 26 -6.4748
 27 -6.4748
 28 -6.4748
 29 -6.4748
 30 -6.4748
 31 -6.4748
 32 -6.4748
 33 -6.4748
 34 -6.4748
 35 -6.4748
 36 -6.4748
 37 -6.4748
 38 -6.4748
 39 -6.4748
 40 -6.4748
 41 -6.4748
 42 -6.4748
 43 -6.4748
 44 -6.4748
 45 -6.4748
 46 -6.4748
 47 -6.4748
 48 -6.4748
 49 -6.4748
 50 -6.4748
 51 -6.4748
 52 -6.4748
 53 -6.4748
 54 -6.4748
 55 -6.4748
 56 -6.4748
 57 -6.4748
 58 -6.4748
 59 -6.4748
 60 -6.4748
 61 -6.4748
 62 -6.4748
 63 -6.4748
 64 -6.4748
 65 -6.4748
 66 -6.4748
 67 -6.4748
 68 -6.4748
 69 -6.4748
 70 -6.4748
 71 -6.4748
 72 -6.4748
 73 -6.4748
 74 -6.4748
 75 -6.4748
 76 -6.4748
 77 -6.4748
 78 -6.4748
 79 -6.4748
 80 -6.4748
 81 -6.4748
 82 -6.4748
 83 -6.4748
 84 -6.4748
 85 -6.4748
 86 -6.4748
 87 -6.4748
 88 -6.4748
 89 -6.4748
 90 -6.4748
 91 -6.4748
 92 -6.4748
 93 -6.4748
 94 -6.4748
 95 -6.4748
 96 -6.4748
 97 -6.4748
 98 -6.4748
 99 -6.4748
 100 -6.4748
 101 -6.4748
 102 -6.4748
 103 -6.4748
 104 -6.4748
 105 -6.4748
 106 -6.4748
 107 -6.4748
 108 -6.4748
 109 -6.4748
 110 -6.4748
 111 -6.4748
 112 -6.4748
 113 -6.4748
 114 -6.4748
 115 -6.4748
 116 -6.4748
 117 -6.4748
 118 -6.4748
 119 -6.4748
 120 -6.4748
 121 -6.4748
 122 -6.4748
 123 -6.4748
 124 -6.4748
 125 -6.4748
 126 -6.4748
 127 -6.4748
 128 -6.4748
 129 -6.4748
 130 -6.4748
 131 -6.4748
 132 -6.4748
 133 -6.4748
 134 -6.4748
 135 -6.4748
 136 -6.4748
 137 -6.4748
 138 -6.4748
 139 -6.4748
 140 -6.4748
 141 -6.4748
 142 -6.4748
 143 -6.4748
 144 -6.4748
 145 -6.4748
 146 -6.4748
 147 -6.4748
 148 -6.4748
 149 -6.4748
 150 -6.4748
 151 -6.4748
 152 -6.4748
 153 -6.4748
 154 -6.4748
 155 -6.4748
 156 -6.4748
 157 -6.4748
 158 -6.4748
 159 -6.4748
 160 -6.4748
 161 -6.4748
 162 -6.4748
 163 -6.4748
 164 -6.4748
 165 -6.4748
 166 -6.4748
 167 -6.4748
 168 -6.4748
 169 -6.4748
 170 -6.4748
 171 -6.4748
 172 -6.4748
 173 -6.4748
 174 -6.4748
 175 -6.4748
 176 -6.4748
 177 -6.4748
 178 -6.4748
 179 -6.4748
 180 -6.4748
 181 -6.4748
 182 -6.4748
 183 -6.4748
 184 -6.4748
 185 -6.4748
 186 -6.4748
 187 -6.4748
 188 -6.4748
 189 -6.4748
 190 -6.4748
 191 -6.4748
 192 -6.4748
