 1 -5.49273
 2 -5.59724
 3 -5.63773
 4 -5.6712
 5 -5.6982
 6 -5.71929
 7 -5.73497
 8 -5.74572
 9 -5.75199
 10 -5.75421
 11 -5.75278
 12 -5.74807
 13 -5.74043
 14 -5.7302
 15 -5.71767
 16 -5.68687
 17 -5.66911
 18 -5.65009
 19 -5.63002
 20 -5.60909
 21 -5.58748
 22 -5.56536
 23 -5.54288
 24 -5.49736
 25 -5.47456
 26 -5.45187
 27 -5.42937
 28 -5.38527
 29 -5.34277
 30 -5.32225
 31 -5.30227
 32 -5.28285
 33 -5.26401
 34 -5.24578
 35 -5.22815
 36 -5.21115
 37 -5.19476
 38 -5.179
 39 -5.16383
 40 -5.14927
 41 -5.13529
 42 -5.12188
 43 -5.10901
 44 -5.09667
 45 -5.08483
 46 -5.06255
 47 -5.04196
 48 -5.02282
 49 -5.01372
 50 -5.00488
 51 -4.9963
 52 -4.98792
 53 -4.97972
 54 -4.97168
 55 -4.96376
 56 -4.95593
 57 -4.94817
 58 -4.93276
 59 -4.92506
 60 -4.91733
 61 -4.9017
 62 -4.89376
 63 -4.88571
 64 -4.87754
 65 -4.84338
 66 -4.82526
 67 -4.7765
 68 -4.74482
 69 -4.73387
 70 -4.72272
 71 -4.71139
 72 -4.69988
 73 -4.6882
 74 -4.67636
 75 -4.66437
 76 -4.65223
 77 -4.62755
 78 -4.60241
 79 -4.58969
 80 -4.5769
 81 -4.56403
 82 -4.55109
 83 -4.53811
 84 -4.52508
 85 -4.51203
 86 -4.49895
 87 -4.48586
 88 -4.47277
 89 -4.45967
 90 -4.44659
 91 -4.43353
 92 -4.42048
 93 -4.40747
 94 -4.39448
 95 -4.38153
 96 -4.3686
 97 -4.35572
 98 -4.34287
 99 -4.33005
 100 -4.31726
 101 -4.30449
 102 -4.29174
 103 -4.27901
 104 -4.26628
 105 -4.25355
 106 -4.24081
 107 -4.22804
 108 -4.21523
 109 -4.20238
 110 -4.18945
 111 -4.17645
 112 -4.16335
 113 -4.15013
 114 -4.13678
 115 -4.12328
 116 -4.1096
 117 -4.09574
 118 -4.08166
 119 -4.06735
 120 -4.05279
 121 -4.03795
 122 -4.02282
 123 -4.00738
 124 -3.9916
 125 -3.97548
 126 -3.95898
 127 -3.9421
 128 -3.92482
 129 -3.90712
 130 -3.88901
 131 -3.87046
 132 -3.85147
 133 -3.83204
 134 -3.81217
 135 -3.79187
 136 -3.77113
 137 -3.74998
 138 -3.72842
 139 -3.70649
 140 -3.68421
 141 -3.66161
