 1 -6.90859
 2 -6.86311
 3 -6.85013
 4 -6.8165
 5 -6.80679
 6 -6.78921
 7 -6.78121
 8 -6.77365
 9 -6.76649
 10 -6.75967
 11 -6.75313
 12 -6.74685
 13 -6.73487
 14 -6.7291
 15 -6.72343
 16 -6.71784
 17 -6.71229
 18 -6.70676
 19 -6.70123
 20 -6.69569
 21 -6.6901
 22 -6.68446
 23 -6.67875
 24 -6.67296
 25 -6.66708
 26 -6.6611
 27 -6.65502
 28 -6.64882
 29 -6.64251
 30 -6.63607
 31 -6.62952
 32 -6.62284
 33 -6.61604
 34 -6.60912
 35 -6.60208
 36 -6.59492
 37 -6.58765
 38 -6.58028
 39 -6.5728
 40 -6.56522
 41 -6.55756
 42 -6.5498
 43 -6.54197
 44 -6.52611
 45 -6.51809
 46 -6.51002
 47 -6.50192
 48 -6.49378
 49 -6.48562
 50 -6.47744
 51 -6.46926
 52 -6.46108
 53 -6.45291
 54 -6.44476
 55 -6.43664
 56 -6.42855
 57 -6.4205
 58 -6.4125
 59 -6.40455
 60 -6.39666
 61 -6.38885
 62 -6.38111
 63 -6.37345
 64 -6.36587
 65 -6.35838
 66 -6.35099
 67 -6.3437
 68 -6.33652
 69 -6.32944
 70 -6.32247
 71 -6.31561
 72 -6.30887
 73 -6.30224
 74 -6.29573
 75 -6.28934
 76 -6.28306
 77 -6.27691
 78 -6.27087
 79 -6.26495
 80 -6.25915
 81 -6.25346
 82 -6.24788
 83 -6.24241
 84 -6.23705
 85 -6.23178
 86 -6.22662
 87 -6.22155
 88 -6.21657
 89 -6.21168
 90 -6.20686
 91 -6.20212
 92 -6.19744
 93 -6.19283
 94 -6.18827
 95 -6.18376
 96 -6.17929
 97 -6.17485
 98 -6.17044
 99 -6.16604
 100 -6.16166
 101 -6.14849
 102 -6.13961
 103 -6.13511
 104 -6.13057
 105 -6.12597
 106 -6.12131
 107 -6.11657
 108 -6.11175
 109 -6.10684
 110 -6.10183
 111 -6.09671
 112 -6.09148
 113 -6.08613
 114 -6.08065
 115 -6.07504
 116 -6.06928
 117 -6.06337
 118 -6.0573
 119 -6.05108
 120 -6.04469
 121 -6.03812
 122 -6.03138
 123 -6.02446
 124 -6.01735
 125 -6.01005
 126 -6.00257
 127 -5.99489
 128 -5.98701
 129 -5.97895
 130 -5.97068
 131 -5.96223
 132 -5.95357
 133 -5.94473
 134 -5.9357
 135 -5.92647
 136 -5.91707
 137 -5.90749
 138 -5.89774
 139 -5.88782
 140 -5.87774
 141 -5.83603
 142 -5.81447
 143 -5.80356
 144 -5.79259
 145 -5.77049
 146 -5.75941
 147 -5.74833
 148 -5.72625
 149 -5.70443
 150 -5.66231
 151 -5.62369
 152 -5.59055
 153 -5.57065
 154 -5.56516
 155 -5.56031
 156 -5.55615
 157 -5.55271
 158 -5.55004
 159 -5.54719
 160 -5.54711
 161 -5.54798
 162 -5.54985
 163 -5.55278
 164 -5.562
 165 -5.57605
 166 -5.58501
 167 -5.59534
 168 -5.60709
