262050 262050 1.98968e-05 0.000633428 0.0127175 0.0135175 0.0070092 0.00453451 0.00388623 0.00373319 0.00371457 0.0037167 0.00372237 0.00376003 0.00385866 0.00397887 0.00406753 0.0041008  1.1721e+08 1.30511e+08 8.32775e+06 2.86238e+06 1.60251e+06 3.08774e+06 512045 303595 282513 417783 118079 74420.6 75225 85275.8 30743.3 3475.33
7.71638e+06 7.71638e+06 0.000171585 0.00544651 0.103639 0.109975 0.0586514 0.0383633 0.0329805 0.0317051 0.0315472 0.0315604 0.0316035 0.0319179 0.032748 0.0337611 0.0345087 0.0347893  1.47626e+07 4.9633e+07 6.30509e+07 5.21773e+06 2.17031e+06 1.42441e+06 2.74535e+06 523326 322348 308536 405230 117180 74390.9 78562.2 91650.5 39807.5
2.05021e+06 2.05021e+06 6.49543e-05 0.00206642 0.0409153 0.0436375 0.0228173 0.0147712 0.0126485 0.0121434 0.0120788 0.0120835 0.0121006 0.0122221 0.0125418 0.0129318 0.0132195 0.0133274  1.45108e+07 5.76635e+06 1.86089e+07 2.59373e+07 2.79027e+06 1.42911e+06 1.10966e+06 1.98743e+06 452246 287859 281608 327836 99700.1 66691 74834.8 129283
538755 538755 7.25277e-05 0.00230684 0.0455095 0.0484497 0.0253704 0.016452 0.014101 0.013543 0.0134727 0.0134784 0.0134975 0.0136329 0.0139892 0.0144239 0.0147446 0.0148649  3.83492e+08 2.62062e+06 1.18177e+06 4.48719e+06 7.45917e+06 919458 496090 392486 680209 152992 93737.7 88878.7 101760 32339.2 22917.4 74019.1
341279 341279 5.39093e-05 0.00171505 0.0340031 0.0360996 0.018839 0.0122245 0.010488 0.0100783 0.0100288 0.0100346 0.0100498 0.0101512 0.010417 0.010741 0.0109801 0.0110697  1.30058e+08 9.12072e+07 1.25995e+06 753112 2.02599e+06 3.6079e+06 634341 390511 369556 510109 145729 93377.4 93709.7 101721 35533.2 113488
7.65882e+06 7.65882e+06 0.000252104 0.00798954 0.14776 0.156508 0.0846905 0.0557505 0.0480271 0.0461966 0.0459704 0.0459871 0.0460466 0.0465007 0.0477045 0.0491746 0.0502598 0.0506671  6.71628e+07 5.57003e+07 4.48212e+07 927497 716386 1.76869e+06 3.18425e+06 636568 400994 383796 479189 139166 89867.2 94531.5 106579 165590
2.33943e+06 2.33943e+06 8.45405e-05 0.0026883 0.0528087 0.0562119 0.029501 0.0191476 0.0164157 0.0157673 0.0156859 0.0156928 0.0157152 0.015873 0.0162879 0.0167939 0.0171672 0.0173072  1.15205e+08 2.30143e+07 2.1321e+07 1.81129e+07 655598 665306 1.33763e+06 2.27212e+06 533812 341521 329241 370413 113029 77086.2 86491.8 257578
541781 541781 5.64378e-05 0.00179562 0.0356223 0.0379209 0.0197975 0.0128253 0.0109902 0.0105551 0.0105007 0.0105055 0.0105207 0.0106265 0.0109045 0.0112436 0.0114938 0.0115877  3.76627e+08 1.99749e+07 4.6161e+06 5.0704e+06 5.14245e+06 223533 240323 470079 774446 179542 110377 103005 114137 36400.5 26308.4 124147
225917 225917 2.31475e-05 0.000736963 0.0148017 0.0157756 0.00818449 0.00528633 0.00452517 0.00434461 0.00432193 0.00432396 0.00433035 0.00437407 0.00448877 0.0046286 0.00473174 0.00477044  2.03297e+06 8.6844e+07 5.49362e+06 2.1428e+06 2.53946e+06 3.02048e+06 259301 311610 425252 577519 166213 104872 102435 109239 38557.4 169832
1.17232e+07 1.17232e+07 0.000426843 0.013481 0.234805 0.247996 0.138366 0.0922715 0.0798029 0.0768401 0.07647 0.0764855 0.0765706 0.0773103 0.0792912 0.0817141 0.0835038 0.0841759  1.07351e+08 1.39662e+06 4.21551e+07 3.49373e+06 1.90134e+06 2.34753e+06 2.91782e+06 292288 352263 435252 540794 157577 99847.6 102038 113343 229844
1.4008e+06 1.4008e+06 0.000104229 0.00331317 0.064644 0.0688184 0.0362492 0.0235557 0.0201997 0.0194023 0.0193015 0.0193092 0.0193362 0.0195298 0.0200396 0.0206615 0.0211204 0.0212926  1.54869e+08 3.45036e+07 1.05718e+06 1.43654e+07 1.63387e+06 1.48139e+06 1.802e+06 2.27429e+06 272277 320563 353988 400734 122447 81677.1 88883.2 310580
839370 839370 0.000112927 0.003589 0.0698003 0.0742796 0.039189 0.0254869 0.0218623 0.0210011 0.0208921 0.0208999 0.0209287 0.0211376 0.0216889 0.0223615 0.0228578 0.0230441  1.75528e+08 2.68939e+07 6.83833e+06 269934 4.00071e+06 534571 527212 636212 786210 92754.3 104391 110131 122935 39253.8 27739.3 143510
237676 237676 2.61198e-05 0.00083163 0.0167067 0.0178469 0.00926372 0.00597538 0.00510987 0.00490372 0.00487712 0.00487894 0.00488593 0.00493514 0.00506449 0.00522222 0.00533858 0.00538224  2.0177e+06 4.07994e+07 7.86934e+06 2.21802e+06 429829 2.20968e+06 482577 631461 622067 711166 97201.3 107451 106300 115754 40875.2 189382
7.05376e+06 7.05376e+06 0.000448441 0.0141597 0.24535 0.260038 0.145635 0.097019 0.0837962 0.0806289 0.0802125 0.0802138 0.0802947 0.0810653 0.0831383 0.0856757 0.0875505 0.0882546  1.55775e+08 1.28628e+06 1.99451e+07 5.11254e+06 1.6694e+06 545831 2.15385e+06 541350 709745 646340 692782 94205.2 103375 105301 119791 253065
1.30945e+06 1.30945e+06 0.000148963 0.00473112 0.090892 0.0967603 0.0513891 0.0334912 0.0287392 0.0276078 0.0274631 0.027472 0.0275088 0.0277825 0.0285057 0.0293885 0.03004 0.0302845  1.65609e+08 5.02112e+07 900346 6.86375e+06 2.46132e+06 954818 600696 1.70636e+06 501575 641467 533331 534137 75323.5 84896.2 90762.2 334802
707706 707706 7.85922e-05 0.00249976 0.0492878 0.0526201 0.0275837 0.0178606 0.0152899 0.0146766 0.0145967 0.0146011 0.0146209 0.0147671 0.0151528 0.0156235 0.0159708 0.0161011  4.88591e+08 2.88878e+07 9.9367e+06 220896 1.8538e+06 796071 322294 218416 586001 169251 206920 164749 163158 24015.9 28588.5 151401
220137 220137 1.7779e-05 0.000566118 0.0113967 0.0121561 0.00630014 0.00406568 0.00347875 0.00333937 0.00332174 0.00332323 0.00332813 0.00336174 0.00344992 0.00355742 0.00363671 0.00366646  1.28289e+08 1.12752e+08 8.50325e+06 3.35254e+06 341027 1.14422e+06 731811 233487 311270 567572 187560 216521 163029 160962 25954.8 200417
1.90177e+07 1.90177e+07 0.000548303 0.0172622 0.286095 0.296729 0.168883 0.114885 0.100415 0.0970995 0.0967876 0.0968668 0.0969971 0.0979381 0.100437 0.103491 0.105745 0.106592  4.24165e+07 5.407e+07 5.4501e+07 5.35643e+06 2.52743e+06 425186 1.14943e+06 794296 234602 344916 565736 184803 208724 161764 166923 248946
3.07671e+06 3.07671e+06 0.000123305 0.00391779 0.0758576 0.080603 0.0426077 0.0277574 0.0238305 0.0228999 0.0227844 0.0227945 0.0228268 0.0230551 0.0236564 0.02439 0.0249313 0.0251344  1.14615e+08 1.46185e+07 1.96606e+07 1.6167e+07 2.01048e+06 1.30873e+06 445246 925585 684878 182588 298564 441539 146920 169148 137598 366212
590838 590838 7.62498e-05 0.00242533 0.047851 0.0510701 0.0267597 0.017328 0.0148355 0.0142413 0.0141642 0.0141685 0.0141878 0.0143297 0.014704 0.0151608 0.0154978 0.0156243  2.42847e+08 2.00514e+07 2.92987e+06 4.49164e+06 4.39586e+06 643481 444028 162717 321557 231156 58393 93409.3 136130 47163.2 57327.9 180201
445498 445498 5.35583e-05 0.00170437 0.0339135 0.036232 0.018904 0.0122147 0.0104492 0.0100281 0.00997323 0.00997638 0.0099902 0.0100904 0.0103544 0.0106764 0.010914 0.0110032  1.03524e+07 5.85642e+07 6.32501e+06 1.19463e+06 1.9431e+06 2.29996e+06 443048 332364 232610 331592 236719 54074.9 98597 140566 52451.4 265448
1.32059e+07 1.32059e+07 0.000738462 0.0231717 0.362575 0.378039 0.22193 0.152178 0.133044 0.128564 0.128062 0.128098 0.128223 0.129427 0.132688 0.136683 0.139636 0.140745  1.31121e+08 5.00225e+06 2.87412e+07 4.04623e+06 942825 1.68182e+06 2.13814e+06 433266 335183 256732 332190 225991 51012.8 98318.6 146736 348241
959740 959740 9.88012e-05 0.00314127 0.0614847 0.0656072 0.0345215 0.0223902 0.019178 0.0184118 0.0183124 0.018318 0.0183428 0.018526 0.0190096 0.0195996 0.020035 0.0201984  1.89653e+08 4.32059e+07 2.41708e+06 7.76921e+06 1.54744e+06 535710 1.06874e+06 1.49165e+06 316399 258989 217554 256526 169240 39580.7 82104 428584
1.15049e+06 1.15049e+06 0.000139711 0.0044386 0.0856729 0.0914522 0.0484856 0.0315224 0.0270117 0.0259326 0.0257899 0.0257947 0.0258273 0.0260831 0.0267617 0.0275903 0.0282019 0.0284316  3.19204e+08 3.31402e+07 8.60652e+06 592866 2.20534e+06 517667 188193 374031 514474 105807 83592 68553 79771.9 54513.6 13485.4 184399
1.71621e+06 1.71621e+06 0.000148833 0.00472654 0.0906939 0.0963302 0.0511609 0.0333932 0.028685 0.0275684 0.0274291 0.02744 0.0274774 0.027751 0.0284733 0.0293549 0.0300055 0.0302497  4.12316e+07 7.76437e+07 1.01772e+07 3.02292e+06 557973 1.28118e+06 481468 171875 322785 454545 89644.8 79280.5 72719.1 83591.9 58091.1 222884
2.07008e+07 2.07008e+07 0.000918053 0.0287192 0.426692 0.447755 0.270423 0.18658 0.163017 0.157365 0.156622 0.156576 0.156668 0.158093 0.162025 0.166858 0.170435 0.17178  2.05164e+07 1.78534e+07 3.81238e+07 6.00208e+06 2.12943e+06 615485 1.19169e+06 507865 176019 321731 436482 81210.1 74194.1 71597.1 86279.3 302750
2.37756e+06 2.37756e+06 0.000199636 0.00633459 0.119624 0.127397 0.0682884 0.0446383 0.0383266 0.036819 0.0366223 0.03663 0.0366757 0.0370377 0.0379986 0.0391722 0.0400386 0.0403638  7.91955e+07 7.79622e+06 6.76911e+06 9.33026e+06 2.16316e+06 1.13661e+06 591041 851153 418790 137949 244736 321889 57358.9 57838.8 59222.5 332418
1.05861e+06 1.05861e+06 0.000279427 0.00885082 0.162171 0.171748 0.0933911 0.0615903 0.0530823 0.0510625 0.0508096 0.0508236 0.0508852 0.0513833 0.0527099 0.054331 0.055528 0.0559775  2.89112e+08 1.37348e+07 1.5821e+06 1.47485e+06 2.4516e+06 699206 387860 212885 289722 139742 43879.4 74994.6 97941.5 18058.5 19386.3 138856
1.08283e+06 1.08283e+06 0.0001814 0.00575863 0.109588 0.117017 0.062515 0.0407441 0.0349305 0.0335363 0.0333493 0.033353 0.033393 0.033722 0.0345971 0.0356662 0.0364554 0.0367518  9.14216e+07 6.74217e+07 3.75188e+06 705977 705069 1.56896e+06 730632 356807 296770 265763 144361 42533 75645.5 102862 18827 183434
1.72479e+07 1.72479e+07 0.000944818 0.0295532 0.437379 0.462526 0.280676 0.19292 0.167968 0.161869 0.160976 0.160865 0.160925 0.162368 0.166394 0.171349 0.175018 0.176397  1.94289e+07 3.87332e+07 3.24535e+07 2.10529e+06 537644 652613 1.54779e+06 801973 369381 320145 253518 135626 39440.5 73680 105800 218448
1.74663e+06 1.74663e+06 0.000117902 0.00374684 0.0727672 0.0774808 0.0409151 0.026608 0.0228198 0.0219188 0.0218041 0.0218119 0.0218417 0.0220598 0.022635 0.023337 0.0238549 0.0240493  1.08672e+08 6.54374e+06 1.4081e+07 7.30769e+06 714785 332629 496794 1.20432e+06 697462 295146 266603 184636 100236 30149 60296.5 277554
796166 796166 0.000167 0.005303 0.101435 0.108347 0.0577307 0.0375828 0.0322085 0.0309195 0.0307463 0.0307495 0.0307864 0.0310898 0.0318969 0.0328831 0.0336111 0.0338844  2.62212e+08 1.8864e+07 1.30735e+06 3.24911e+06 2.01663e+06 235600 117543 177359 420717 237775 95628.2 83863.6 57091 32259.2 10264.6 121864
572079 572079 8.46753e-05 0.00269262 0.0529016 0.0563309 0.0295639 0.019184 0.016444 0.0157932 0.0157108 0.015717 0.015739 0.0158966 0.0163118 0.0168183 0.017192 0.0173323  8.64915e+07 6.14114e+07 5.31326e+06 503980 1.43535e+06 1.06766e+06 245897 117717 197110 425914 260322 95407.6 90304.6 58119 35267.6 152751
1.78004e+07 1.78004e+07 0.00106212 0.0331165 0.468259 0.485749 0.299406 0.209976 0.184901 0.179022 0.178358 0.178363 0.178481 0.180094 0.184544 0.190012 0.194059 0.195581  1.70287e+07 3.68995e+07 3.01107e+07 3.24728e+06 397306 1.27539e+06 987863 280184 121615 206458 418091 251024 90084.4 89718.5 59965.4 205170
1.42803e+06 1.42803e+06 0.00010263 0.003262 0.0635794 0.0674902 0.0355409 0.0231378 0.0198672 0.0190941 0.0189997 0.0190094 0.0190369 0.0192279 0.01973 0.0203423 0.0207941 0.0209636  3.85509e+07 6.78184e+06 1.3553e+07 6.56119e+06 1.02871e+06 223901 835681 658926 248569 92113 160043 303246 185074 68012.9 72422.7 220539
764918 764918 0.000180494 0.00572926 0.108899 0.115966 0.0619446 0.0404439 0.0347163 0.0333488 0.0331702 0.0331767 0.0332174 0.0335448 0.0344151 0.0354783 0.0362632 0.0365579  2.46161e+08 6.70834e+06 1.39126e+06 3.16352e+06 1.84207e+06 341984 79222 295636 227512 85371.2 29852.5 50260.2 94268.4 59885.1 23254.3 105882
538902 538902 0.000113045 0.00359276 0.0698782 0.0743775 0.0392414 0.0255177 0.0218866 0.0210234 0.0209136 0.020921 0.0209493 0.0211581 0.0217097 0.0223828 0.0228796 0.023066  1.3996e+07 6.00998e+07 2.00812e+06 730827 1.5084e+06 1.37182e+06 406001 90254.5 306819 204695 100451 28153.1 52236.1 98192.6 67591.1 149843
8.21197e+06 8.21197e+06 0.000476641 0.0149928 0.247881 0.245689 0.137985 0.0963713 0.0860188 0.084004 0.0841096 0.08436 0.0845661 0.0854358 0.0876435 0.0903229 0.0922962 0.0930361  3.13903e+07 6.93237e+06 2.94977e+07 1.22699e+06 600534 1.39586e+06 1.4419e+06 470042 98645.9 319528 197872 98565.2 26090.2 51446 101540 237187
1.12289e+06 1.12289e+06 0.000119782 0.00380643 0.0738704 0.0786439 0.0415438 0.0270228 0.0231777 0.0222633 0.0221469 0.0221548 0.0221851 0.0224064 0.0229906 0.0237034 0.0242295 0.0244269  4.18162e+07 1.04496e+07 3.35886e+06 9.09728e+06 497115 380387 1.03246e+06 1.23999e+06 450628 86634 264852 152658 80108.7 20835.2 44353 305837
602047 602047 0.000174053 0.00552521 0.105193 0.111904 0.0597053 0.0389929 0.0334836 0.0321712 0.0320024 0.0320106 0.0320512 0.0323679 0.0332083 0.0342347 0.0349924 0.0352768  2.83026e+08 7.33273e+06 2.08293e+06 807935 2.51826e+06 164807 135564 368074 436101 154096 28122.3 82519.9 47028.5 25773.3 7052.81 125793
490868 490868 9.37951e-05 0.002982 0.058374 0.0621056 0.0326505 0.0212114 0.0181915 0.0174749 0.0173848 0.017392 0.0174163 0.0175906 0.0180498 0.0186101 0.0190235 0.0191786  4.35744e+07 7.17337e+07 2.43094e+06 779921 685226 1.38483e+06 172648 151492 415481 486062 177168 28451.6 82696.1 46657.6 28653.7 147372
1.32068e+07 1.32068e+07 0.000646747 0.0203309 0.327795 0.342421 0.198111 0.134921 0.11769 0.113652 0.113197 0.113235 0.113354 0.114429 0.117326 0.120874 0.123496 0.124481  2.00106e+07 1.88327e+07 3.56848e+07 1.55681e+06 617285 738003 1.27912e+06 192349 161709 441096 487876 173599 27080.2 81504.4 48279.6 191847
2.03229e+06 2.03229e+06 0.000160496 0.00509685 0.0976552 0.104202 0.0554569 0.0361126 0.0309605 0.0297279 0.0295652 0.029571 0.0296083 0.0299015 0.0306788 0.0316281 0.0323288 0.0325918  1.39071e+07 8.79649e+06 7.29646e+06 1.0791e+07 713488 407556 685776 908947 174757 135018 368021 385244 139203 21902 69042.6 212605
703137 703137 0.00018708 0.00593759 0.112607 0.11992 0.0641337 0.0418896 0.0359601 0.034544 0.0343588 0.0343653 0.0344074 0.0347464 0.0356476 0.0367487 0.0375615 0.0378667  2.37716e+08 2.61298e+06 1.82508e+06 1.64718e+06 2.93854e+06 236601 143065 247142 309659 59068.3 43334.4 114117 118293 44491.9 7386.6 100262
267069 267069 5.43679e-05 0.00172992 0.0343641 0.0366208 0.0191109 0.0123699 0.0105944 0.0101726 0.0101191 0.0101231 0.0101375 0.0102393 0.0105071 0.0108339 0.0110749 0.0111654  9.35747e+07 5.89975e+07 1.81701e+06 1.15525e+06 917704 1.77115e+06 258096 162539 315820 256125 63936.3 41636.8 117625 123189 50069.5 121064
9.87477e+06 9.87477e+06 0.00051976 0.0163857 0.276628 0.291732 0.16535 0.111016 0.0962132 0.0926907 0.0922472 0.092257 0.0923497 0.0932312 0.0956062 0.098514 0.100663 0.10147  7.69162e+07 4.05184e+07 2.95286e+07 1.40333e+06 1.06886e+06 931381 1.68503e+06 290558 180651 341693 242768 62262.4 39277.3 117410 128771 188574
1.54114e+06 1.54114e+06 8.3237e-05 0.00264687 0.0520086 0.0553411 0.0290372 0.0188493 0.0161621 0.0155248 0.015445 0.0154518 0.0154739 0.0156292 0.0160377 0.0165359 0.0169034 0.0170413  2.83064e+07 2.55376e+07 1.56676e+07 1.01219e+07 879198 859022 817970 1.25047e+06 267039 160496 292265 179606 49755.5 31371.6 101309 285496
797004 797004 0.000105822 0.00336404 0.0656855 0.0700918 0.0369292 0.0239621 0.0205261 0.0197058 0.0195985 0.0196034 0.019629 0.0198243 0.020341 0.0209718 0.0214373 0.0216121  3.6351e+08 5.05636e+06 5.09534e+06 3.74329e+06 2.90265e+06 303052 309436 295424 432430 91404.4 52450.6 92001 55471.9 16108.9 10701.8 139717
221190 221190 3.18403e-05 0.00101312 0.0201802 0.0213061 0.0110746 0.0072025 0.006193 0.00595754 0.00593134 0.0059363 0.00594608 0.00600655 0.00616418 0.00635616 0.00649772 0.00655083  1.03429e+07 8.81189e+07 2.06716e+06 1.97729e+06 1.96788e+06 1.96914e+06 367781 374516 355608 355245 97283.8 54351.3 94433.9 52334.3 17564.9 168618
1.63011e+07 1.63011e+07 0.000688702 0.0215882 0.33574 0.336746 0.195689 0.137381 0.122346 0.119251 0.119249 0.119505 0.119734 0.120919 0.123997 0.127747 0.130513 0.13155  1.05145e+08 4.75529e+06 4.34918e+07 1.4239e+06 1.57697e+06 1.81812e+06 1.95647e+06 405206 412255 383548 332050 94380.6 52211.8 93929.9 53759.2 204647
1.28266e+06 1.28266e+06 0.000111292 0.00353599 0.0685319 0.072402 0.0381916 0.0249572 0.0214795 0.0206646 0.0205712 0.0205856 0.0206173 0.020825 0.021369 0.0220321 0.0225213 0.0227048  1.52374e+08 3.49909e+07 2.07682e+06 1.18793e+07 600203 901310 1.30187e+06 1.50777e+06 346388 349153 318219 232130 72627.1 41343.4 78542.2 223585
814853 814853 0.000115041 0.00365435 0.0706212 0.0743955 0.039272 0.0257189 0.0221656 0.0213373 0.0212458 0.0212624 0.0212958 0.0215103 0.022072 0.0227566 0.0232616 0.0234511  1.45028e+08 2.64585e+07 6.971e+06 491619 3.2458e+06 198927 315272 461670 524896 117540 113378 99660.1 71116.4 23375 14055.1 108467
1.43937e+06 1.43937e+06 0.000176358 0.00559615 0.106005 0.111899 0.0597323 0.0392201 0.0338015 0.03253 0.0323829 0.0324028 0.03245 0.032774 0.0336266 0.0346667 0.0354341 0.0357221  3.49601e+07 3.57466e+07 7.30957e+06 2.50134e+06 393777 2.08964e+06 225287 372045 513210 532785 119663 115870 104819 65578 25683.8 138534
9.5735e+06 9.5735e+06 0.000843325 0.0262608 0.374414 0.351301 0.207814 0.154143 0.142441 0.141151 0.142138 0.142887 0.143368 0.144875 0.14858 0.153055 0.156345 0.157578  4.05223e+07 1.61646e+07 1.78437e+07 3.9961e+06 1.69449e+06 410853 2.01789e+06 241228 405967 530662 514589 110977 108080 102407 65138.8 176361
1.12765e+06 1.12765e+06 0.000130154 0.00413272 0.0793244 0.083328 0.0441111 0.0289715 0.0250077 0.0240888 0.0239919 0.0240137 0.024053 0.0242961 0.0249307 0.0257039 0.026274 0.026488  3.29643e+07 1.81899e+07 6.83107e+06 4.29992e+06 922055 673505 338863 1.4635e+06 198294 342181 419971 380352 80911.8 83229 84442.5 204010
628896 628896 0.000131674 0.00418049 0.0801125 0.0839928 0.0444765 0.0292524 0.0252733 0.0243541 0.0242597 0.0242829 0.0243227 0.0245683 0.0252096 0.0259911 0.0265674 0.0267836  5.58649e+08 5.72747e+06 3.78204e+06 1.57749e+06 1.15776e+06 290888 231440 123131 509182 67200.5 111155 130984 117323 25908.9 28232.3 103337
383261 383261 4.90209e-05 0.00155884 0.0307547 0.0322648 0.0168271 0.0110029 0.00949104 0.00914267 0.00910758 0.00911741 0.00913347 0.00922677 0.00946894 0.0097637 0.00998101 0.0100625  4.22307e+07 1.32417e+08 1.71102e+06 2.32726e+06 1.07947e+06 997006 307288 249693 181038 548584 70750.2 121362 137705 122681 27856.1 152452
1.62408e+07 1.62408e+07 0.000433538 0.0136649 0.23237 0.236039 0.131725 0.0902359 0.0795256 0.0772273 0.0771408 0.0772891 0.0774401 0.0782201 0.0802378 0.0826933 0.0845037 0.0851829  1.41284e+07 2.30537e+07 6.48031e+07 1.13202e+06 1.9386e+06 1.06088e+06 1.05755e+06 347560 268239 199168 547085 67686.7 117041 136933 127617 198084
1.91668e+06 1.91668e+06 8.28216e-05 0.00263327 0.051648 0.0547642 0.0287343 0.0186964 0.0160569 0.015435 0.0153606 0.0153698 0.015393 0.0155481 0.0159547 0.0164505 0.0168161 0.0169533  2.11635e+07 6.85464e+06 1.21752e+07 2.13704e+07 582968 1.31763e+06 896117 942326 325796 230539 174267 434396 53223.6 96754 118837 293593
776846 776846 0.000136385 0.0043314 0.0832744 0.0880767 0.0466735 0.0305263 0.0262687 0.0252674 0.0251493 0.0251639 0.0252005 0.0254525 0.0261158 0.0269249 0.0275218 0.0277459  3.16842e+08 3.74239e+06 1.44244e+06 3.03385e+06 6.00193e+06 196137 468282 323276 333353 111644 75012.4 54918.9 134991 17182.3 33058.8 148724
456857 456857 7.53056e-05 0.0023946 0.0470816 0.0499063 0.026149 0.0170096 0.0146087 0.0140434 0.013976 0.0139845 0.0140056 0.0141468 0.0145168 0.014968 0.0153007 0.0154256  2.54907e+07 7.41832e+07 1.57448e+06 924362 2.59072e+06 3.48443e+06 257140 492323 374795 363670 124106 73406 56995.2 136234 17935.4 201782
7.13081e+06 7.13081e+06 0.000305183 0.00964937 0.172597 0.177806 0.0971085 0.065357 0.057093 0.055251 0.0551202 0.055202 0.0553022 0.0558599 0.0573084 0.0590721 0.0603727 0.0608605  2.00497e+07 1.34307e+07 3.60136e+07 1.22298e+06 764528 2.63013e+06 3.35781e+06 306042 512408 392895 360911 121083 69162.4 56452.5 140699 239480
1.74961e+06 1.74961e+06 0.000115891 0.0036823 0.0713749 0.0756364 0.0399295 0.0260471 0.0223875 0.0215248 0.0214216 0.0214338 0.0214655 0.0216811 0.0222471 0.0229373 0.0234465 0.0236375  2.95232e+08 8.81894e+06 6.88552e+06 1.30769e+07 909662 532998 2.3124e+06 2.69881e+06 310924 429411 333788 292146 99774.2 57237.5 50025.8 349022
721264 721264 0.000120178 0.00381798 0.0738483 0.0781684 0.0412994 0.0269689 0.0231933 0.0223048 0.0221997 0.0222127 0.0222455 0.0224685 0.0230548 0.0237697 0.0242971 0.024495  3.94552e+08 5.12005e+07 1.83138e+06 1.66369e+06 3.55277e+06 308618 186128 826471 932376 106321 137882 103800 90040.1 32017 19359.1 143029
322865 322865 2.30419e-05 0.000732945 0.0145594 0.0152118 0.00789604 0.00516838 0.00446483 0.00430433 0.00428956 0.00429518 0.00430333 0.00434767 0.00446208 0.00460122 0.00470375 0.0047422  2.05918e+07 9.31182e+07 1.38521e+07 1.20645e+06 1.3922e+06 1.86296e+06 472237 169325 912647 884574 124088 123491 100937 89346.2 34802.6 177161
8.02829e+06 8.02829e+06 0.00024011 0.00760508 0.139885 0.145649 0.0786473 0.0523342 0.04544 0.0438657 0.0437208 0.04377 0.0438435 0.0442846 0.0454355 0.0468377 0.0478718 0.0482598  8.49497e+07 9.47152e+06 4.53666e+07 8.33547e+06 1.06954e+06 1.38079e+06 1.69534e+06 565961 167114 943280 866763 122804 113885 99019.9 92255.9 231607
1.35233e+06 1.35233e+06 7.58815e-05 0.00241276 0.0473968 0.0501785 0.0262952 0.0171194 0.0147116 0.0141461 0.0140801 0.0140897 0.0141117 0.0142543 0.0146274 0.0150822 0.0154175 0.0155434  4.34866e+07 2.86925e+07 4.19273e+06 1.76769e+07 3.87805e+06 899516 1.25065e+06 1.30221e+06 580702 130382 788107 694055 103280 91389.6 86614.4 297924
668614 668614 9.56634e-05 0.00303908 0.0589257 0.0616959 0.032456 0.0213158 0.0184175 0.0177512 0.0176855 0.0177048 0.0177356 0.0179161 0.0183852 0.0189563 0.0193774 0.0195353  1.91491e+08 7.84314e+06 5.74008e+06 1.02158e+06 4.94093e+06 1.23909e+06 321012 449765 449074 199854 41749.1 246139 214984 33426.9 31000 138471
677970 677970 0.000100982 0.00320884 0.0623652 0.0657941 0.034641 0.0226432 0.0194976 0.0187629 0.0186806 0.018695 0.0187246 0.0189137 0.0194082 0.0200107 0.0204552 0.0206219  1.14548e+07 5.2792e+07 3.50204e+06 2.24892e+06 757169 2.52942e+06 821802 378741 494685 385577 229042 31873.8 228617 209165 36464.6 179349
3.84953e+06 3.84953e+06 0.000198251 0.00628229 0.11677 0.120761 0.0647264 0.0431509 0.0375609 0.0363073 0.0362114 0.0362651 0.0363332 0.0367032 0.0376606 0.0388256 0.0396844 0.0400064  1.47859e+08 5.28889e+06 2.70989e+07 2.31711e+06 1.70304e+06 787494 2.30421e+06 822549 410439 508817 367610 223382 27723.7 219720 213773 232233
1.71195e+06 1.71195e+06 0.000137005 0.00435127 0.0836965 0.0886332 0.046973 0.0306979 0.0264016 0.0253893 0.0252686 0.0252829 0.0253199 0.0255736 0.0262405 0.0270537 0.0276538 0.0278789  2.16148e+07 4.91178e+07 2.38521e+06 1.19668e+07 1.37931e+06 1.20145e+06 766220 1.77741e+06 702982 372999 432088 292425 188060 21112.5 192093 412845
925251 925251 0.000110405 0.00350768 0.0679657 0.0717308 0.037832 0.0247376 0.0213002 0.0204962 0.0204052 0.0204201 0.0204518 0.0206578 0.0211974 0.0218551 0.0223402 0.0225223  2.594e+08 3.819e+06 9.77343e+06 555785 3.25162e+06 447157 414702 274521 605879 234245 120015 133421 89295.7 60051.3 7020.55 214680
422454 422454 6.5111e-05 0.00207061 0.0408027 0.0431481 0.0225664 0.0146927 0.0126307 0.0121476 0.0120922 0.012101 0.0121201 0.0122428 0.0125634 0.0129541 0.0132423 0.0133504  1.26549e+08 6.23105e+07 1.50658e+06 3.46722e+06 467289 2.15756e+06 410564 424516 346839 525782 226974 118387 126875 86830.8 65678.7 238491
4.58798e+06 4.58798e+06 0.000205588 0.00651344 0.120668 0.124616 0.0668803 0.0446504 0.0388965 0.0376105 0.0375159 0.0375733 0.0376445 0.0380281 0.0390199 0.0402265 0.041116 0.0414496  1.14562e+08 5.51538e+07 3.06355e+07 1.07728e+06 2.53428e+06 510012 2.08489e+06 421703 455745 373106 504934 216578 111589 123254 89332.5 329593
3.29058e+06 3.29058e+06 0.000138163 0.00438812 0.0844105 0.089464 0.0474228 0.0309767 0.0266316 0.0256061 0.0254824 0.0254958 0.0255327 0.0257883 0.0264606 0.0272806 0.0278856 0.0281126  2.68182e+07 3.73738e+07 2.15419e+07 1.23808e+07 708164 1.53717e+06 507880 1.67686e+06 355237 405446 329875 399644 176087 93322.9 107805 386872
896660 896660 9.16779e-05 0.0029145 0.0570211 0.060525 0.0318084 0.0206939 0.0177662 0.0170745 0.0169902 0.016999 0.0170237 0.0171946 0.0176437 0.0181915 0.0185957 0.0187473  1.92597e+08 4.85217e+06 7.41219e+06 4.89945e+06 3.32176e+06 233520 520782 182555 575237 118233 130175 102325 121986 56019.1 31375.1 175779
738425 738425 0.000118218 0.00375492 0.0724522 0.0762624 0.0402815 0.0264 0.0227624 0.0219159 0.0218239 0.0218421 0.021877 0.0220978 0.0226751 0.0233785 0.0238973 0.024092  5.08724e+07 4.49245e+07 2.34696e+06 2.5885e+06 2.41355e+06 1.91577e+06 282874 401519 238776 503824 103662 127892 103522 118466 59618.5 223626
6.51748e+06 6.51748e+06 0.000418662 0.0132122 0.228247 0.236386 0.131649 0.0889239 0.0776225 0.0750565 0.0748339 0.0749144 0.0750301 0.0757713 0.0777205 0.0800985 0.0818533 0.0825119  1.87553e+08 2.30798e+07 2.20453e+07 1.60854e+06 1.79148e+06 2.02938e+06 1.77809e+06 319128 396486 256496 470983 93678.6 119858 101276 120785 304328
1.41614e+06 1.41614e+06 9.76815e-05 0.00310375 0.0602977 0.0634344 0.03338 0.0218555 0.0188428 0.0181433 0.0180685 0.0180849 0.0181148 0.0182984 0.0187772 0.0193604 0.0197905 0.0199519  2.81857e+07 6.09097e+07 9.80152e+06 7.76357e+06 944441 1.05083e+06 1.43839e+06 1.37737e+06 302229 314261 223975 352559 69871.5 98184.1 88206.1 383512
843538 843538 8.05863e-05 0.00256139 0.0500571 0.0526597 0.027623 0.0180662 0.0155717 0.0149928 0.014931 0.0149445 0.0149692 0.015121 0.0155169 0.0159991 0.0163546 0.016488  1.32411e+08 4.934e+06 1.20815e+07 2.31666e+06 2.10834e+06 310092 356504 500334 474781 103037 100778 70185.3 108283 22298.6 33348.5 169487
453878 453878 7.1719e-05 0.00228113 0.0450098 0.0479078 0.0250829 0.016267 0.0139436 0.0133925 0.0133234 0.0133292 0.0133483 0.0134823 0.0138348 0.0142647 0.0145819 0.0147009  1.86316e+08 3.10258e+07 1.84682e+06 4.03376e+06 1.60684e+06 1.4365e+06 361498 312004 438122 440003 112195 89479.3 72985.5 100831 21841.8 224765
4.63922e+06 4.63922e+06 0.000333953 0.0105569 0.187779 0.194851 0.106957 0.0717655 0.0625042 0.0603983 0.0602125 0.0602798 0.0603771 0.0609789 0.0625551 0.0644768 0.0658945 0.0664266  1.06743e+08 7.91193e+07 1.51426e+07 1.37145e+06 2.88022e+06 1.65819e+06 1.5057e+06 398038 325709 432024 426710 108516 83114.1 72255.9 102053 267770
1.94937e+06 1.94937e+06 7.81447e-05 0.00248499 0.0488674 0.0519083 0.0272112 0.0176788 0.0151695 0.0145763 0.0145039 0.0145116 0.0145331 0.0146794 0.0150633 0.0155315 0.0158768 0.0160064  3.8013e+07 3.50147e+07 2.96632e+07 5.51825e+06 936267 1.57198e+06 1.49628e+06 1.34537e+06 360275 277453 339161 334991 87691.7 67027.1 63531.8 333437
786978 786978 7.26458e-05 0.0023107 0.0456085 0.0486031 0.0254507 0.0164933 0.0141299 0.0135681 0.0134965 0.0135016 0.0135204 0.0136559 0.0140128 0.0144481 0.0147694 0.0148899  4.91073e+08 6.70703e+06 6.97161e+06 7.05368e+06 1.56149e+06 321448 535930 540995 474700 122776 90031.6 105453 103803 28341.5 22820.4 143200
240770 240770 2.75245e-05 0.000875848 0.0174663 0.0184293 0.00957167 0.0062259 0.00535446 0.00515153 0.00512923 0.00513375 0.00514236 0.00519477 0.00533118 0.00549729 0.00561976 0.0056657  3.43997e+07 1.13397e+08 2.35788e+06 2.56713e+06 3.41748e+06 909757 461394 354740 647500 523050 122792 86736.1 94630.3 101867 30170.1 179150
6.7432e+06 6.7432e+06 0.000189924 0.00601337 0.110761 0.112156 0.0600323 0.0405708 0.0356634 0.0346283 0.0346054 0.034689 0.0347703 0.0351327 0.0360531 0.0371699 0.0379923 0.0383005  3.61959e+07 1.54773e+07 5.5077e+07 1.5538e+06 1.95028e+06 3.06295e+06 867667 547729 338913 691117 530352 116376 82283.8 91306.5 105243 227919
2.14165e+06 2.14165e+06 0.000106246 0.00337693 0.0657908 0.069941 0.0368552 0.0239753 0.0205734 0.0197671 0.0196669 0.0196758 0.0197039 0.0199013 0.0204209 0.0210547 0.0215223 0.0216977  9.76068e+06 1.25881e+07 6.57769e+06 2.142e+07 793755 1.18342e+06 2.32133e+06 689343 548774 259097 601124 441744 92800.1 68924.1 78612.8 306053
570410 570410 0.000105583 0.00335484 0.065123 0.0687497 0.0362274 0.0236766 0.0203824 0.0196116 0.0195241 0.0195382 0.0195684 0.0197655 0.0202819 0.0209113 0.0213756 0.0215498  2.50453e+08 1.77932e+06 2.52914e+06 1.56387e+06 5.92621e+06 260483 409777 819600 238393 187643 82285.5 187481 136596 29679.1 23344.3 137617
122495 122495 2.53231e-05 0.000805711 0.0160503 0.0168789 0.00876361 0.00571219 0.00492001 0.00473677 0.00471771 0.00472255 0.00473083 0.00477922 0.00490481 0.00505768 0.00517037 0.00521263  1.03515e+08 5.81832e+07 959497 1.05957e+06 1.0957e+06 3.20337e+06 215698 373138 833552 222701 212713 67250 185798 139680 30126.6 171833
5.08267e+06 5.08267e+06 0.000256344 0.00811424 0.14788 0.152953 0.0828278 0.0554215 0.0482842 0.0466795 0.0465534 0.0466179 0.0467016 0.0471736 0.0483998 0.0498926 0.0509934 0.0514063  8.02976e+07 4.44359e+07 2.83091e+07 754359 844542 1.13056e+06 3.04177e+06 220300 394751 872477 218524 208772 61859.6 183774 146046 219854
1.80611e+06 1.80611e+06 9.06136e-05 0.00288057 0.0563412 0.0597325 0.0313865 0.0204343 0.0175528 0.0168737 0.0167926 0.0168026 0.0168279 0.0169974 0.0174418 0.0179836 0.0183832 0.0185332  2.07099e+07 2.68209e+07 1.69614e+07 1.08019e+07 538342 583070 1.06082e+06 2.44588e+06 183484 342827 743504 174976 172285 49714 161864 335822
550702 550702 6.94934e-05 0.00220971 0.0434563 0.0459145 0.0240332 0.0156613 0.0134696 0.0129568 0.0128985 0.0129082 0.0129287 0.0130594 0.0134014 0.013818 0.0141253 0.0142406  3.38584e+08 3.61524e+06 5.35342e+06 3.99405e+06 3.00045e+06 183037 203941 383055 847912 61661.8 110962 232218 54083 55517.6 16826.8 178555
1.11409e+06 1.11409e+06 0.000181068 0.00574307 0.10815 0.113291 0.0605309 0.0399624 0.0345673 0.0333212 0.0331939 0.0332252 0.0332789 0.0336138 0.0344894 0.0355563 0.0363433 0.0366385  1.11179e+08 8.02092e+07 1.15e+06 2.15339e+06 1.9098e+06 1.6604e+06 239906 201512 473500 814736 54428.5 107748 229645 53550.4 60093.7 212662
5.33596e+06 5.33596e+06 0.000200176 0.00634611 0.118562 0.123887 0.0664211 0.0439794 0.0380981 0.0367463 0.0366141 0.0366518 0.0367124 0.0370823 0.0380477 0.0392239 0.0400914 0.0404169  2.88992e+07 4.71378e+07 3.89941e+07 699643 1.53226e+06 1.56764e+06 1.51431e+06 269396 208133 496711 786398 48922.9 99623.9 221047 54007.5 289522
2.47467e+06 2.47467e+06 0.000106481 0.00338353 0.0657091 0.0694627 0.0366083 0.0239052 0.0205667 0.0197837 0.0196935 0.019707 0.0197375 0.0199364 0.0204574 0.0210924 0.0215609 0.0217366  2.97359e+08 9.51261e+06 1.77432e+07 1.59346e+07 448144 1.15906e+06 1.21929e+06 1.24281e+06 266172 183368 441705 647787 38080.8 84293.6 198210 320843
1.24302e+06 1.24302e+06 0.000168999 0.00536254 0.101641 0.106922 0.057001 0.0374963 0.0323643 0.0311687 0.0310376 0.0310614 0.031109 0.0314208 0.0322389 0.0332365 0.0339724 0.0342485  1.24584e+08 5.15339e+07 1.89174e+06 4.09553e+06 4.33534e+06 146836 403445 426493 428832 90648.2 59137.1 137864 199773 12133.8 28544.2 185363
689959 689959 5.94155e-05 0.00189066 0.0375686 0.0401862 0.0209895 0.0135562 0.0115914 0.0111216 0.0110595 0.0110624 0.0110773 0.0111882 0.0114807 0.0118377 0.0121011 0.0121999  6.7453e+07 2.9568e+07 1.35956e+07 631176 1.80103e+06 2.34029e+06 169903 437941 398475 406155 97598.4 55851.2 138265 200759 11735.7 232408
7.43905e+06 7.43905e+06 0.000515927 0.0162543 0.272487 0.283101 0.160276 0.108685 0.0948693 0.0916942 0.0913867 0.0914586 0.0915817 0.0924718 0.0948351 0.0977224 0.0998543 0.100655  6.08715e+07 2.91629e+07 1.45788e+07 8.03552e+06 481451 1.68284e+06 2.26705e+06 198061 482533 407293 401608 94805.7 52648.5 136830 208978 266156
2.18831e+06 2.18831e+06 0.000174596 0.0055403 0.104982 0.110765 0.0591085 0.0388189 0.0334626 0.0322073 0.0320636 0.0320847 0.0321324 0.0324538 0.0332986 0.0343289 0.035089 0.0353742  9.24277e+07 2.27516e+07 1.12356e+07 4.75335e+06 2.84898e+06 271387 1.2638e+06 1.73152e+06 187886 422165 325511 313387 74833.2 41963.3 116621 420246
949290 949290 0.000148059 0.00470341 0.0906005 0.0968621 0.0514317 0.0334209 0.0286216 0.02747 0.0273147 0.0273178 0.0273511 0.0276214 0.0283394 0.0292165 0.029864 0.030107  5.20995e+08 1.61122e+07 4.60543e+06 2.46615e+06 1.2266e+06 859876 90649.5 438026 588770 63236.4 135064 99722.2 95401.3 23712.8 14022.3 189809
1.11329e+06 1.11329e+06 0.000119843 0.00380765 0.0737207 0.0781551 0.0412889 0.0269331 0.0231458 0.0222519 0.022144 0.0221556 0.0221877 0.0224099 0.0229945 0.0237076 0.0242336 0.0244311  1.18427e+08 1.20229e+08 4.77138e+06 2.12361e+06 1.25727e+06 777940 491990 73722.2 455808 551680 71435 138527 96433.8 97690.6 25690.2 226471
1.14597e+07 1.14597e+07 0.000309433 0.00977706 0.173397 0.176396 0.0963985 0.0654503 0.0575226 0.0558194 0.0557537 0.0558671 0.0559835 0.0565554 0.058025 0.0598115 0.061128 0.0616217  4.65828e+07 5.14215e+07 5.78849e+07 2.82922e+06 1.65223e+06 1.16016e+06 774136 463456 74569.8 475059 535847 69440.7 131285 93791.8 100813 272728
2.33005e+06 2.33005e+06 8.39113e-05 0.00266817 0.052387 0.0556905 0.0292247 0.0189841 0.0162851 0.015646 0.0155671 0.0155746 0.0155973 0.0157541 0.0161659 0.0166681 0.0170386 0.0171777  4.41054e+07 1.51297e+07 1.9895e+07 2.02817e+07 1.29772e+06 1.10607e+06 935445 659973 358354 62219.4 407810 429306 57598.1 110464 82405.1 343898
918791 918791 0.000118062 0.00375169 0.072802 0.0774115 0.0408806 0.0266104 0.0228362 0.0219404 0.0218278 0.0218362 0.0218662 0.0220843 0.0226599 0.0233624 0.0238808 0.0240754  2.07785e+08 7.66173e+06 3.00694e+06 4.74201e+06 5.6958e+06 427472 391621 335164 231834 119793 20126.8 127918 133156 18636.5 37711.1 153781
1.00395e+06 1.00395e+06 0.000184979 0.00586993 0.111126 0.117808 0.0629828 0.0412581 0.0354918 0.0341267 0.0339587 0.0339728 0.0340187 0.0343563 0.0352489 0.0363384 0.0371425 0.0374443  2.78304e+07 5.02759e+07 2.24276e+06 1.01452e+06 2.31029e+06 2.89684e+06 369475 393668 374273 244945 106908 18822.6 128977 133567 20447.5 210775
5.30498e+06 5.30498e+06 0.000315272 0.00996648 0.177673 0.183047 0.100146 0.0674417 0.0589217 0.0570216 0.0568856 0.0569687 0.057071 0.0576456 0.0591393 0.0609584 0.0622998 0.0628031  1.50287e+08 1.22341e+07 2.48884e+07 1.3258e+06 677146 1.95984e+06 2.57909e+06 384532 403068 388741 240832 99030.9 17331.1 124966 135410 246685
2.05975e+06 2.05975e+06 0.000168746 0.00535512 0.101643 0.107178 0.0571337 0.037523 0.0323517 0.0311415 0.0310044 0.0310258 0.0310725 0.0313837 0.032201 0.0331976 0.0339328 0.0342087  2.67227e+08 4.8812e+07 4.95965e+06 9.60561e+06 726087 397955 1.44144e+06 1.92031e+06 342110 341808 337122 198941 79661.5 14441.5 111143 351892
1.32932e+06 1.32932e+06 0.000141926 0.00450687 0.0864725 0.0914402 0.0485052 0.0317402 0.0273182 0.0262785 0.0261562 0.0261715 0.0262096 0.0264718 0.0271615 0.0280028 0.0286235 0.0288565  5.06879e+07 4.63083e+07 9.65438e+06 1.10209e+06 2.49539e+06 230346 132960 496804 648521 114040 108656 103880 60747.1 25201.2 4832.39 163808
1.42142e+06 1.42142e+06 0.000128062 0.00406969 0.0789325 0.0843795 0.044639 0.0289714 0.0248049 0.0238064 0.0236728 0.0236767 0.0237066 0.0239418 0.0245651 0.0253263 0.0258881 0.026099  3.47799e+07 1.21218e+07 1.22364e+07 3.23199e+06 688344 1.71576e+06 272219 111242 457813 566985 116186 100855 105688 63171.1 27315 187705
5.03991e+06 5.03991e+06 0.00059719 0.0187286 0.295635 0.289296 0.165521 0.1175 0.105772 0.103647 0.103908 0.104265 0.104536 0.105612 0.108328 0.111623 0.114049 0.114958  1.3387e+08 1.50289e+07 6.18129e+06 6.8361e+06 2.35218e+06 696631 1.75937e+06 313765 113957 455783 544000 110168 92802.1 103621 65207 232301
1.20722e+06 1.20722e+06 0.000153298 0.00486828 0.0933552 0.0993204 0.0527911 0.034429 0.0295543 0.0283947 0.0282471 0.0282565 0.0282943 0.0285756 0.0293193 0.030227 0.0308968 0.0311483  4.74202e+07 4.44156e+07 5.78959e+06 2.03744e+06 1.83731e+06 1.13097e+06 559756 1.42091e+06 292065 91464.3 351225 410891 84929.6 71911 87823.2 262029
1.18279e+06 1.18279e+06 0.000154636 0.00491099 0.0942089 0.10038 0.0533662 0.0347717 0.029828 0.0286482 0.0284946 0.0285013 0.0285376 0.0288202 0.0295694 0.0304843 0.0311596 0.0314131  5.21301e+08 8.23586e+06 8.83538e+06 1.31026e+06 566106 577174 391201 201264 495429 99305 29305.1 108220 125812 27082 24171.8 124667
2.45443e+06 2.45443e+06 0.000308379 0.00976631 0.178024 0.190114 0.103915 0.0682706 0.0586357 0.0563101 0.0559877 0.0559819 0.0560391 0.0565818 0.0580386 0.0598211 0.0611377 0.0616322  1.23657e+08 1.20412e+08 2.34733e+06 3.05461e+06 764235 589037 358173 396486 257698 543186 115370 28562 103228 128718 29600.1 167707
1.25397e+07 1.25397e+07 0.000346131 0.01094 0.19395 0.201525 0.110855 0.0743711 0.0647445 0.0625472 0.0623463 0.0624113 0.0625094 0.0631305 0.0647609 0.0667491 0.068216 0.0687665  2.06482e+08 5.22158e+07 5.77586e+07 1.24722e+06 1.9156e+06 725010 658140 338267 413501 268067 525028 109066 26026.5 96580.6 128647 207077
3.72866e+06 3.72866e+06 0.000131136 0.00416617 0.0804916 0.0856099 0.0453191 0.0295195 0.0253349 0.024341 0.0242158 0.0242252 0.0242585 0.0245006 0.0251392 0.0259183 0.0264933 0.026709  2.95679e+07 6.63197e+07 1.92691e+07 2.05093e+07 655675 1.14195e+06 657508 665722 274165 370391 237349 433472 91125.9 21871.2 84355.1 311248
1.75856e+06 1.75856e+06 0.000130347 0.00414119 0.080035 0.0851326 0.0450597 0.029347 0.0251853 0.0241963 0.024071 0.0240795 0.024112 0.024352 0.0249863 0.0257605 0.0263317 0.0265462  1.51237e+08 5.15351e+06 1.31258e+07 4.38514e+06 5.57469e+06 215366 390833 235677 235745 91319.5 119617 74009.6 133637 29230.7 7397.46 141415
671132 671132 9.95407e-05 0.00316401 0.0617368 0.0655366 0.0344924 0.0224502 0.0192754 0.018525 0.0184333 0.0184425 0.0184691 0.0186543 0.0191413 0.0197354 0.0201737 0.0203382  6.15514e+07 3.61864e+07 1.82128e+06 4.15515e+06 1.87212e+06 3.04567e+06 233269 303641 288345 288880 85442 121513 76198.3 137902 32418.6 165404
4.79196e+06 4.79196e+06 0.000336313 0.010633 0.189398 0.197304 0.108353 0.07252 0.0630458 0.0608706 0.0606608 0.0607178 0.0608105 0.0614137 0.0629998 0.0649346 0.0663622 0.066898  2.92055e+08 2.67015e+07 1.80654e+07 1.36366e+06 2.86475e+06 1.59758e+06 2.87317e+06 265628 298679 308241 294803 80859.8 115212 75038.6 142374 214423
1.54217e+06 1.54217e+06 9.78352e-05 0.00310954 0.0606257 0.0641958 0.0337776 0.0220196 0.0189273 0.0182001 0.0181144 0.0181257 0.0181532 0.018336 0.0188153 0.0193995 0.0198305 0.0199921  3.96546e+07 9.31811e+07 1.04225e+07 7.09457e+06 1.00855e+06 1.57894e+06 1.14767e+06 2.27205e+06 256951 236564 269450 247285 64889.5 96464.1 66455 326907
1.09989e+06 1.09989e+06 7.47397e-05 0.00237715 0.0468721 0.0499233 0.0261526 0.0169565 0.0145307 0.0139545 0.0138816 0.0138871 0.0139067 0.0140461 0.0144132 0.014861 0.0151913 0.0153153  1.03805e+08 6.8833e+06 1.84372e+07 2.44736e+06 1.98125e+06 343011 532454 400558 785385 87749.7 75748.1 84387.9 76826.2 20852.7 32805.6 141477
587901 587901 8.0771e-05 0.00256869 0.0505424 0.0538324 0.028232 0.018312 0.0156938 0.0150718 0.014993 0.014999 0.0150201 0.0151707 0.0155671 0.0160506 0.0164074 0.0165413  8.70052e+07 2.46595e+07 1.92893e+06 5.87123e+06 1.33285e+06 1.48689e+06 537571 359111 363515 744083 98187.8 65238.7 86294.8 80761 22406 192735
2.32502e+06 2.32502e+06 0.000197665 0.00627073 0.118146 0.125148 0.0670613 0.04399 0.0378636 0.0364151 0.0362385 0.0362547 0.0363043 0.0366648 0.0376171 0.0387794 0.0396372 0.0399591  3.07886e+07 3.71852e+07 1.23234e+07 1.17923e+06 4.03555e+06 1.24762e+06 1.56141e+06 649740 346251 367464 726945 95464 59510.1 84837.3 83678 232923
1.71722e+06 1.71722e+06 0.000118899 0.00377809 0.0732551 0.0778204 0.0411036 0.0267739 0.0229869 0.02209 0.0219791 0.0219893 0.0220205 0.022241 0.0228213 0.0235291 0.0240513 0.0242473  1.59002e+08 1.0287e+07 1.41705e+07 5.45215e+06 655065 2.29951e+06 1.04901e+06 1.44062e+06 673366 274039 307391 591371 79643.3 48328.8 75855 294499
964947 964947 0.000181681 0.00576585 0.109334 0.116014 0.0619857 0.0405715 0.0348846 0.0335362 0.0333683 0.0333809 0.0334253 0.0337568 0.0346337 0.0357042 0.0364943 0.0367909  9.94986e+07 2.75803e+07 2.05182e+06 3.26638e+06 1.51025e+06 211247 765804 370072 503383 229925 87044.8 95101.6 181728 25508.8 16256.1 132288
1.07731e+06 1.07731e+06 0.00015214 0.0048306 0.0924316 0.0978818 0.0520183 0.0340288 0.0292732 0.0281517 0.028017 0.0280317 0.0280717 0.0283521 0.0290904 0.0299911 0.0306557 0.0309052  2.79278e+07 2.36541e+07 7.65103e+06 756554 1.46718e+06 1.06461e+06 176410 391856 375565 536707 264041 73471.3 89877.4 179397 27300.2 158889
5.0997e+06 5.0997e+06 0.00049898 0.0157204 0.264021 0.272505 0.15381 0.104658 0.0916219 0.0886793 0.0884391 0.0885367 0.0886706 0.0895406 0.0918341 0.0946332 0.0966991 0.0974747  5.00861e+07 1.28872e+07 1.20195e+07 4.32333e+06 559319 1.26647e+06 1.09711e+06 187464 338742 383049 528920 254787 66782.7 86454.8 182217 198376
1.74883e+06 1.74883e+06 0.000212513 0.00674031 0.12645 0.134135 0.0720691 0.0472748 0.0406732 0.0391069 0.0389117 0.0389258 0.038977 0.0393627 0.0403839 0.0416307 0.0425509 0.0428964  1.44418e+08 1.63107e+07 5.67059e+06 4.47059e+06 1.75244e+06 366954 925984 971016 167153 221392 314929 422978 205635 52807.4 73723.5 338562
1.49887e+06 1.49887e+06 0.000351931 0.0111281 0.198135 0.208198 0.114657 0.0763669 0.0661336 0.063735 0.063461 0.0634929 0.0635745 0.0641963 0.0658488 0.0678677 0.0693583 0.069918  1.63551e+08 2.50991e+07 3.22385e+06 1.24648e+06 1.16878e+06 544682 125762 319613 334794 55604.1 67825.9 96130.1 128211 64825.4 17499.4 144885
1.0347e+06 1.0347e+06 0.000147988 0.00470036 0.0903559 0.0962372 0.0511017 0.0332907 0.02856 0.0274323 0.0272867 0.0272943 0.0273299 0.0276011 0.0283192 0.0291959 0.029843 0.0300858  1.66347e+07 3.90249e+07 6.93377e+06 885520 913254 1.12666e+06 462824 136031 316515 376646 59271.5 47511.7 95134.7 132586 71873.6 179304
5.04463e+06 5.04463e+06 0.000358702 0.0113162 0.196021 0.196934 0.108509 0.0745321 0.0659536 0.0641868 0.0641859 0.0643476 0.0644949 0.0651582 0.0668498 0.068904 0.0704173 0.0709847  1.44296e+08 7.66028e+06 1.93151e+07 3.89755e+06 603866 967414 1.30481e+06 497215 147852 325356 379704 57263.6 42448.6 93062.4 137014 272039
1.98764e+06 1.98764e+06 0.000211517 0.0067105 0.126306 0.134701 0.0723581 0.0472903 0.0405846 0.0389779 0.0387643 0.0387695 0.0388162 0.0391982 0.0402141 0.0414554 0.0423718 0.0427158  9.96886e+07 4.79118e+07 3.39211e+06 6.96792e+06 1.50275e+06 303045 885934 1.30008e+06 446444 132864 273214 315664 47134.6 33602.4 82014.1 377310
1.70071e+06 1.70071e+06 0.000217703 0.00690492 0.129459 0.137613 0.0740067 0.0484932 0.0416837 0.0400607 0.0398516 0.0398608 0.0399099 0.0403026 0.0413466 0.0426221 0.0435637 0.0439173  1.41893e+08 1.7318e+07 9.50931e+06 751771 1.82077e+06 470379 101508 315792 454735 148577 42339.1 83465 95916.6 14866.3 11113.8 161674
795699 795699 0.00011043 0.00351028 0.0684455 0.0730642 0.0385279 0.0250007 0.0214138 0.0205569 0.0204446 0.0204497 0.0204766 0.0206805 0.0212196 0.0218777 0.0223634 0.0225456  5.44861e+07 3.35572e+07 4.91366e+06 3.29077e+06 590738 1.24925e+06 329276 71299.8 398055 570779 156580 43359 83010 101418 16464 193418
5.01295e+06 5.01295e+06 0.000370691 0.0117187 0.20768 0.218854 0.120924 0.0804799 0.0696212 0.0670595 0.066754 0.0667796 0.0668618 0.0675139 0.0692502 0.0713722 0.0729391 0.0735274  8.22042e+07 2.33602e+07 1.68052e+07 2.91792e+06 2.50046e+06 637802 1.27992e+06 330165 68842.6 421290 585159 149818 41195.9 81331.9 105385 228079
1.20867e+06 1.20867e+06 9.69811e-05 0.00308373 0.0604479 0.0646004 0.0339793 0.022013 0.0188411 0.0180825 0.0179824 0.0179867 0.0180106 0.0181902 0.0186649 0.0192443 0.0196718 0.0198322  9.91936e+07 2.65593e+07 8.97295e+06 6.61939e+06 1.37755e+06 1.67553e+06 618191 1.1127e+06 272352 53178.7 361052 491576 120540 34524.7 71239 305630
893516 893516 0.000141346 0.00449035 0.0866106 0.0924292 0.0490186 0.0318777 0.0273201 0.0262302 0.0260862 0.0260912 0.0261241 0.0263828 0.027069 0.0279071 0.0285256 0.0287579  4.79735e+07 1.72641e+07 5.27326e+06 2.12822e+06 1.91269e+06 455899 589588 225103 390787 91638.6 17021.2 113104 153073 38827.2 11771.7 135761
403232 403232 6.76844e-05 0.00215321 0.0426022 0.0454547 0.0237794 0.0153927 0.0131787 0.0126513 0.0125834 0.0125877 0.0126051 0.0127314 0.0130642 0.0134702 0.0137698 0.0138822  1.82054e+07 1.33286e+07 5.12583e+06 1.70697e+06 1.10578e+06 1.49952e+06 356864 553449 278590 400191 84740.4 14273.5 111697 161511 41409.4 162767
2.85577e+06 2.85577e+06 0.000366521 0.0115825 0.204453 0.213382 0.117798 0.0788942 0.0685591 0.0661727 0.0659312 0.0659848 0.06608 0.0667316 0.0684512 0.0705501 0.0720991 0.0726806  2.23974e+07 7.87513e+06 7.693e+06 3.23639e+06 1.24604e+06 1.06193e+06 1.62526e+06 369735 584194 297928 394861 79616.4 13079.9 109203 168461 221898
759490 759490 0.000116745 0.00371051 0.0721731 0.0770075 0.0406552 0.0264002 0.0226195 0.021717 0.0215994 0.0216054 0.0216341 0.0218497 0.0224194 0.0231146 0.0236277 0.0238202  1.61416e+08 7.96251e+06 3.0556e+06 4.05749e+06 1.59528e+06 706020 874271 1.49988e+06 312826 499160 256506 314081 62223.8 10403.5 94122.2 354938
615475 615475 0.000188791 0.00598956 0.113038 0.119443 0.0639027 0.0419634 0.0361555 0.0347888 0.0346273 0.0346457 0.0346942 0.0350392 0.0359495 0.0370603 0.0378801 0.0381878  1.14863e+08 2.8033e+07 1.6058e+06 713435 1.19893e+06 527311 241727 311655 528396 105183 161022 80074.1 96829.1 19895.8 3511.38 160866
522430 522430 7.34631e-05 0.00233655 0.0460804 0.0490572 0.025693 0.0166623 0.0142815 0.0137165 0.0136454 0.0136513 0.0136707 0.0138079 0.0141689 0.0146092 0.014934 0.0150559  1.88965e+07 2.73849e+07 7.73042e+06 722663 351984 1.51857e+06 480295 173331 339603 595073 100027 154639 79984.4 95707.1 20590.9 179395
3.47804e+06 3.47804e+06 0.000334539 0.0105024 0.172448 0.15615 0.0855331 0.0628887 0.0585508 0.058347 0.0589631 0.0594048 0.0596873 0.0603749 0.0619766 0.0638935 0.0652978 0.0658227  4.6425e+07 9.41031e+06 1.34783e+07 4.62548e+06 620028 330821 1.79188e+06 521289 172423 358313 602938 94350.3 145849 78800 98520.2 217182
1.35074e+06 1.35074e+06 0.000189827 0.00602336 0.113881 0.120805 0.0646413 0.04234 0.0364146 0.0350102 0.0348362 0.0348501 0.0348971 0.0352435 0.0361591 0.0372767 0.0381015 0.0384111  5.40356e+07 1.53487e+07 4.48718e+06 4.16e+06 1.30974e+06 353574 218177 1.66843e+06 448209 133900 300096 489258 73065 118347 68070.4 282425
768055 768055 0.000212232 0.00672717 0.125253 0.131046 0.0704105 0.0466171 0.0403662 0.0389238 0.0387775 0.038813 0.0388741 0.0392634 0.0402837 0.0415276 0.0424452 0.0427896  1.80321e+08 9.42777e+06 3.04646e+06 1.01866e+06 1.08302e+06 411921 125625 76942.2 586959 149822 42265.7 92223 149135 23018.1 39464.5 123623
508906 508906 0.000110708 0.00351899 0.0685797 0.0731513 0.0385764 0.0250455 0.0214598 0.0206044 0.0204933 0.020499 0.0205263 0.0207308 0.0212713 0.021931 0.0224179 0.0226006  9.45416e+06 4.20238e+07 2.80224e+06 1.05083e+06 816539 680538 360277 174957 88164.2 740449 158365 38752.9 93619.9 156332 24073 179339
3.39841e+06 3.39841e+06 0.000241372 0.0076429 0.140088 0.145058 0.0783454 0.0523317 0.0455569 0.0440301 0.0439068 0.0439662 0.0440447 0.0444899 0.0456469 0.0470557 0.0480945 0.0484842  3.68661e+07 4.93726e+06 2.05143e+07 1.68296e+06 811690 852606 688872 389823 196525 92540 753505 151581 36229.4 92151.1 162173 220107
1.10698e+06 1.10698e+06 0.000134437 0.00426974 0.0821527 0.0869062 0.0460367 0.0301024 0.0259012 0.0249132 0.0247971 0.0248121 0.0248489 0.025098 0.0257526 0.0265508 0.0271397 0.0273606  6.6735e+07 1.23717e+07 2.52863e+06 8.05303e+06 835009 559931 782611 594457 357232 182921 79761.6 634097 123723 30245.5 82319.5 354328
729559 729559 0.000218183 0.00691998 0.129697 0.137823 0.0741258 0.0485832 0.0417674 0.0401437 0.0399351 0.0399445 0.0399937 0.0403871 0.0414332 0.0427112 0.0436547 0.044009  9.81352e+07 1.16187e+07 2.46645e+06 601135 2.15156e+06 264153 192812 278819 205817 120160 59087.2 24707.2 195114 39430.9 10180.7 155595
452718 452718 0.00010693 0.00339893 0.0662765 0.0705976 0.0372045 0.0241712 0.0207226 0.0199019 0.019797 0.0198036 0.0198305 0.0200283 0.0205506 0.021188 0.0216584 0.021835  7.9509e+06 2.46366e+07 3.37211e+06 910672 501024 1.2468e+06 203784 193640 316709 206080 123059 59603.6 23888.1 198450 41265 179467
3.20842e+06 3.20842e+06 0.000400047 0.0125343 0.199914 0.178892 0.098947 0.0736472 0.069084 0.069069 0.0698902 0.0704517 0.0708026 0.071623 0.0735202 0.0757882 0.0774489 0.0780696  1.47591e+07 3.6665e+06 1.24465e+07 2.01405e+06 715081 512348 1.22412e+06 208261 207069 328158 202143 117437 56247.7 23244.5 204022 237905
1.17432e+06 1.17432e+06 0.000273559 0.00866595 0.15911 0.168527 0.091544 0.0603448 0.0520017 0.050022 0.0497754 0.0497911 0.0498533 0.050343 0.0516441 0.0532336 0.0544071 0.0548477  3.56063e+07 5.61307e+06 1.59083e+06 3.90181e+06 572749 341395 372076 901403 163897 174579 266181 157458 92095 45495.7 19719.3 391764
695950 695950 0.000427683 0.0135091 0.235606 0.249565 0.13927 0.0926956 0.0800584 0.0770353 0.0766387 0.076639 0.0767143 0.0774488 0.0794288 0.0818532 0.0836446 0.0843177  7.89587e+07 6.21791e+06 1.13597e+06 332996 964040 176859 117615 130829 305137 53467.3 54795.4 80256.5 47035 28589.9 14925.9 143002
482291 482291 0.000176089 0.00558429 0.105021 0.109418 0.0584115 0.0386917 0.0335502 0.0323768 0.0322685 0.0323056 0.0323608 0.0326877 0.0335395 0.0345771 0.0353423 0.0356294  1.52064e+07 1.88463e+07 2.12199e+06 598615 244744 772884 181588 154828 160992 324785 51583.2 55222.3 78294.9 47538.2 30856.9 173754
3.21784e+06 3.21784e+06 0.000490585 0.0154543 0.259472 0.266362 0.150107 0.102462 0.089923 0.0871358 0.0869443 0.0870607 0.087202 0.0880623 0.0903202 0.0930743 0.0951064 0.0958693  1.72319e+07 7.00693e+06 9.46529e+06 1.32919e+06 520130 250012 792139 196280 170754 165904 322016 48180.5 51933.3 75569 48637.4 219976
1.07514e+06 1.07514e+06 0.000216064 0.00684966 0.12771 0.134261 0.0721863 0.0476496 0.0411698 0.0396591 0.0394928 0.0395213 0.0395799 0.0399745 0.0410126 0.0422788 0.043213 0.0435636  5.67597e+07 6.45247e+06 3.14263e+06 3.40493e+06 742849 468063 243893 713571 179679 155264 137721 261607 37766 42971.7 65029.1 243438
751916 751916 0.000375315 0.0118544 0.20782 0.215367 0.119061 0.0801667 0.0699083 0.0675768 0.0673701 0.0674396 0.0675416 0.0682078 0.0699637 0.0721064 0.0736877 0.0742815  9.61174e+07 9.90105e+06 1.30396e+06 683329 856731 234549 163387 86296.8 245390 59744.8 49440.8 41985.5 79242.7 11844 14279.6 108254
325502 325502 8.84949e-05 0.00281434 0.0553311 0.0591336 0.0310547 0.0201069 0.017207 0.0165134 0.0164214 0.0164248 0.0164461 0.0166097 0.017043 0.0175718 0.0179622 0.0181087  1.20189e+07 2.44206e+07 2.98876e+06 600594 563314 741891 313501 240791 114471 269316 63363.3 51458.8 40481.5 83021.2 12533.2 136316
4.23646e+06 4.23646e+06 0.000497828 0.0156717 0.260881 0.264874 0.149394 0.102787 0.0907033 0.0881085 0.0880085 0.0881694 0.0883334 0.0892147 0.091506 0.0942967 0.0963548 0.0971272  3.8747e+06 6.8323e+06 1.2576e+07 1.85628e+06 539064 658204 854339 365947 276829 124389 269227 61240.9 49332.4 39495.3 86956.3 163031
1.31067e+06 1.31067e+06 0.000214858 0.00681608 0.128148 0.136665 0.0734579 0.048019 0.0412118 0.0395802 0.0393627 0.0393672 0.0394139 0.0398012 0.0408323 0.0420922 0.0430224 0.0433716  5.66702e+07 2.07306e+06 3.6759e+06 4.59462e+06 764382 399638 647627 814336 344780 254115 106991 212910 48427.9 40388 33303.4 224592
595669 595669 0.000328499 0.0103966 0.187596 0.199097 0.109208 0.0721413 0.0621584 0.0597726 0.0594603 0.059465 0.0595289 0.0601052 0.0616507 0.0635414 0.064938 0.0654626  8.20857e+07 9.95296e+06 439069 837451 1.22212e+06 244461 141064 232750 284079 115587 81321.3 32853.2 64509.6 15247.7 13443.9 90809.7
489956 489956 0.000130379 0.00414301 0.080262 0.0857462 0.0453818 0.0294704 0.0252403 0.0242273 0.0240923 0.0240963 0.0241265 0.0243655 0.0249995 0.0257739 0.0263454 0.02656  5.66303e+07 1.93515e+07 3.32372e+06 405490 680355 1.10961e+06 222875 179009 323199 345246 127289 86452.2 33876.4 65241.2 16427.4 115902
3.0759e+06 3.0759e+06 0.000418174 0.0131164 0.211333 0.194129 0.107761 0.0789129 0.0730728 0.0726073 0.073266 0.0737564 0.0740741 0.0749068 0.0768782 0.0792443 0.0809794 0.0816285  1.50539e+07 2.41382e+07 9.67052e+06 2.07702e+06 402703 670839 1.24153e+06 237291 197649 352130 351621 122244 82553.9 33416.8 67019.1 143645
1.11856e+06 1.11856e+06 0.000129452 0.00411021 0.0788511 0.0827171 0.0437829 0.0287812 0.0248589 0.0239522 0.0238588 0.0238817 0.0239213 0.0241633 0.0247945 0.0255634 0.0261304 0.0263431  1.55358e+08 6.38648e+06 8.91898e+06 3.09584e+06 761309 300598 463365 1.10012e+06 198355 173292 305414 287343 96687.5 68131.7 29016.4 188846
988181 988181 0.000281886 0.00892923 0.163679 0.173744 0.0945182 0.0622465 0.0535919 0.0515277 0.0512609 0.0512691 0.051328 0.0518285 0.0531654 0.0547999 0.0560069 0.0564603  1.16071e+08 2.69641e+07 1.31891e+06 2.00349e+06 825170 244957 108256 164350 387663 66730.3 56049.5 95293.8 88719.8 30912.2 23052.4 77923.5
545559 545559 7.96677e-05 0.00253407 0.0499834 0.0534359 0.0280162 0.0181252 0.0155068 0.0148805 0.0147976 0.014801 0.0148205 0.0149683 0.015359 0.015836 0.0161879 0.01632  5.06784e+06 2.90514e+07 7.3985e+06 766391 849322 723108 295196 171696 170972 472354 66976.5 57355.2 99845.3 93599.8 33071.9 111809
4.99206e+06 4.99206e+06 0.000449218 0.0141431 0.236987 0.236712 0.132383 0.0918169 0.0816051 0.0795473 0.0795873 0.0797985 0.079982 0.0808002 0.0828884 0.0854248 0.0872933 0.087994  5.44739e+07 2.28231e+06 1.4832e+07 4.46009e+06 688351 780352 822801 331764 194848 169401 483218 63543.5 54585.7 99317.3 97721.1 157842
1.31808e+06 1.31808e+06 0.000231152 0.00732966 0.136802 0.145434 0.0784024 0.0514143 0.0442016 0.0424816 0.0422598 0.0422694 0.0423215 0.042738 0.0438448 0.0451969 0.046195 0.0465698  2.93752e+07 1.75464e+07 947791 5.36317e+06 1.65407e+06 484442 551643 773500 298948 175382 128621 394648 49213.9 44555.3 86281.2 229609
794690 794690 0.000248538 0.00787954 0.146457 0.156199 0.0844689 0.0553337 0.0475115 0.0456326 0.0453783 0.0453789 0.0454287 0.0458715 0.0470562 0.0485049 0.0495748 0.0499767  7.95844e+07 5.10919e+06 3.45993e+06 204064 1.38811e+06 513920 169219 190632 268392 99324.9 55756.4 38764.2 119422 15385.4 14755.2 110514
259389 259389 8.84081e-05 0.00281159 0.0552787 0.0590778 0.0310249 0.0200874 0.0171904 0.0164976 0.0164059 0.0164095 0.0164309 0.0165946 0.0170275 0.017556 0.0179461 0.0180925  1.43889e+07 2.01022e+07 1.54091e+06 1.01562e+06 125623 1.21704e+06 449074 207247 196602 329746 104928 57620.4 33043.4 126557 16143.1 140601
2.86428e+06 2.86428e+06 0.000399729 0.0125864 0.212296 0.20851 0.11562 0.0808506 0.0723891 0.070817 0.0709717 0.0712198 0.0714151 0.0721634 0.0740399 0.0763128 0.0779855 0.0786124  6.56559e+07 6.45986e+06 1.05143e+07 991752 726946 124741 1.33743e+06 491188 225411 204268 338544 100225 54508.1 30924 131887 170772
988024 988024 0.000169368 0.00537799 0.10279 0.109801 0.0585309 0.038108 0.0326589 0.0313522 0.031177 0.031181 0.0312191 0.0315274 0.0323463 0.0333467 0.0340851 0.0343623  8.9483e+07 2.15735e+07 2.68111e+06 4.13316e+06 447477 328895 96932.5 1.19456e+06 437641 194549 169134 279989 78806.9 44323.7 24952.8 273340
964019 964019 0.000235141 0.00745698 0.1393 0.148691 0.0802148 0.0524722 0.045028 0.0432384 0.042995 0.0429951 0.0430425 0.0434625 0.0445859 0.0459595 0.0469738 0.0473548  6.14619e+07 1.55108e+07 4.28327e+06 609479 1.15093e+06 148912 111619 34549.4 418415 147171 62379.7 52141.7 85925.2 24989.7 14858.5 105979
210892 210892 4.49179e-05 0.00142972 0.0285541 0.0305437 0.0159098 0.0102657 0.00877583 0.00841973 0.00837269 0.00837486 0.00838619 0.00847015 0.00869172 0.00896206 0.00916154 0.00923641  1.11924e+07 1.50131e+07 4.10218e+06 1.4003e+06 395688 1.1279e+06 177506 80719.4 38239.1 478685 158991 60901.8 51583.3 91189.4 26364.8 132440
2.5477e+06 2.5477e+06 0.000370576 0.011709 0.206263 0.215 0.118772 0.0796348 0.0692482 0.0668563 0.0666193 0.0666758 0.0667728 0.0674311 0.0691682 0.0712884 0.0728532 0.0734406  3.63739e+06 5.09358e+06 7.83246e+06 2.46122e+06 1.09007e+06 415070 1.26524e+06 204809 80717 39909.4 484700 155256 57463.8 50990.3 95742 173101
517865 517865 0.000111145 0.00353324 0.0689416 0.0737202 0.0388779 0.0251999 0.0215675 0.0206972 0.020581 0.0205847 0.0206111 0.020816 0.0213586 0.0220209 0.0225097 0.0226932  1.21411e+07 1.48648e+06 2.19458e+06 3.35683e+06 997914 664812 370707 1.18311e+06 195042 64353.9 33148.1 394187 125760 46626.6 44343 243631
427837 427837 0.000330688 0.0104676 0.189198 0.201687 0.110676 0.0729022 0.0626856 0.0602237 0.0598848 0.0598784 0.0599374 0.060515 0.0620699 0.063973 0.065379 0.0659073  1.15417e+08 2.16012e+06 306511 525480 976323 323025 231586 133832 418328 66566.8 20636 10328.1 121993 40422.6 15793.9 103379
260282 260282 0.000121722 0.00386857 0.0751766 0.0803261 0.0424452 0.027545 0.0235865 0.0226386 0.0225122 0.022516 0.0225443 0.0227678 0.0233606 0.0240844 0.0246187 0.0248193  2.64193e+07 2.72605e+07 867920 189187 336894 914150 181942 192209 153761 454164 70804.9 17934.1 9576.44 121360 42869.4 126787
1.73801e+06 1.73801e+06 0.00018637 0.00591189 0.111411 0.117243 0.0627002 0.0412811 0.0356345 0.034317 0.0341711 0.0341959 0.0342473 0.0345898 0.0354895 0.0365867 0.0373962 0.0377  4.48967e+07 1.18993e+07 1.32792e+07 585844 180553 348044 1.03757e+06 173280 197654 162335 449749 68065.3 16654.1 9268.09 124697 182930
861301 861301 0.000108546 0.00345014 0.0672283 0.0715937 0.037741 0.0245264 0.0210301 0.0201985 0.0200926 0.0200997 0.0201273 0.0203283 0.0208586 0.0215056 0.0219831 0.0221623  1.78979e+07 1.5046e+07 5.09117e+06 5.49384e+06 392633 173903 329545 1.04509e+06 138727 170785 143211 372794 56718.3 14057.2 8258.56 287927
657934 657934 0.000185728 0.0058957 0.112065 0.119731 0.064015 0.041717 0.035757 0.0343252 0.0341307 0.0341321 0.0341712 0.0345064 0.0354007 0.0364938 0.0373009 0.037604  1.17111e+08 3.11615e+06 3.00379e+06 1.21138e+06 1.52784e+06 131715 62777.4 118533 369979 46124.6 54969 44678.6 115062 18204.1 4761.1 106400
424098 424098 0.000144928 0.00460346 0.0885935 0.0943732 0.0500837 0.0326179 0.0279795 0.0268735 0.0267301 0.026737 0.0267713 0.0270367 0.0277399 0.0285985 0.0292322 0.0294702  2.96765e+07 2.89787e+07 901937 1.12416e+06 832603 810274 139172 82436.2 136194 430759 39873.3 51211.6 44018.8 113313 19253.9 119629
2.99588e+06 2.99588e+06 0.000326943 0.0102897 0.173979 0.164661 0.0901633 0.0643324 0.0585768 0.0577697 0.0581114 0.0584205 0.0586354 0.0592796 0.0608386 0.0627162 0.0640949 0.0646111  1.2288e+07 1.26263e+07 1.45341e+07 525288 852101 841842 741909 150882 91457.1 141622 432164 36919.2 47484.1 42744.9 114812 148583
968903 968903 0.000135011 0.00428954 0.0828964 0.0884227 0.0468394 0.0304581 0.0261069 0.0250677 0.0249317 0.0249376 0.0249699 0.0252178 0.0258742 0.0266757 0.0272672 0.0274893  9.589e+07 8.23509e+06 4.68218e+06 5.10834e+06 190096 471194 684537 520540 133244 82843.8 119177 354899 29001.8 38777.5 37213.7 236992
799184 799184 0.000262734 0.00832591 0.153685 0.163278 0.0885219 0.0581921 0.0500661 0.048126 0.0478731 0.0478794 0.0479338 0.0484012 0.0496503 0.0511777 0.0523055 0.0527292  1.36408e+08 1.66488e+07 1.78492e+06 1.06965e+06 1.42625e+06 62633 167485 247816 178721 45081.3 26866.9 37032.1 109479 9250.88 13082.3 97944.9
332467 332467 5.80377e-05 0.00184684 0.0367081 0.0392514 0.0204961 0.0132396 0.0113222 0.0108638 0.0108032 0.0108057 0.0108201 0.0109281 0.0112136 0.0115621 0.0118193 0.0119158  2.81768e+07 3.36327e+07 4.76973e+06 1.50037e+06 443648 1.03371e+06 56948.1 198151 312764 158208 46363.8 27754.7 36369.3 113355 9771.51 120395
4.18883e+06 4.18883e+06 0.000329287 0.0104133 0.186147 0.194339 0.106596 0.0712078 0.0618342 0.0596712 0.0594528 0.0595026 0.0595901 0.0601795 0.0617331 0.063629 0.065028 0.0655532  6.96249e+07 1.23673e+07 1.68359e+07 3.02908e+06 1.39732e+06 403291 1.08867e+06 61573.8 220211 335801 153769 44480.6 26629.3 35846.9 118462 142100
781879 781879 8.13572e-05 0.0025876 0.0509753 0.0544312 0.0285477 0.0184859 0.0158246 0.0151894 0.0151065 0.0151108 0.0151312 0.0152824 0.0156815 0.0161685 0.0165279 0.0166628  1.20268e+08 2.37056e+07 4.98072e+06 6.57394e+06 1.52562e+06 1.11844e+06 301218 957966 54834 199440 290341 120966 35565.4 22323.4 31325.7 238036
981668 981668 0.000184858 0.0058667 0.11121 0.118166 0.0631712 0.0413175 0.0355047 0.034122 0.0339456 0.0339548 0.0339976 0.034333 0.0352236 0.0363116 0.0371146 0.0374162  3.06895e+07 2.08715e+07 4.75259e+06 1.20442e+06 1.90734e+06 511236 403691 106747 337743 18663.8 65142.6 91231.1 37480.6 11474 7626.16 97328
205415 205415 3.3736e-05 0.00107402 0.0215303 0.0230225 0.011967 0.00771778 0.00659759 0.00633013 0.00629501 0.00629681 0.00630544 0.00636865 0.00653535 0.00673871 0.00688876 0.00694508  1.28217e+07 1.13002e+07 5.71159e+06 1.78385e+06 697261 1.246e+06 468457 428892 98575.8 346705 18313.5 65378.2 89942.6 36415.7 11884.9 113528
3.04331e+06 3.04331e+06 0.000435806 0.013749 0.236214 0.244698 0.136675 0.0924025 0.0806706 0.0780027 0.0777672 0.0778465 0.0779633 0.0787304 0.0807527 0.0832207 0.0850422 0.085726  3.71281e+06 7.58324e+06 6.6148e+06 3.5506e+06 1.44992e+06 715231 1.27576e+06 517307 450722 101036 344851 17501.7 62511.6 88792.9 37765.3 136978
818600 818600 0.000132037 0.00419555 0.0812332 0.0867834 0.0459449 0.0298394 0.0255572 0.0245319 0.0243956 0.0244001 0.0244312 0.0246736 0.025316 0.0261003 0.0266792 0.0268965  2.27775e+07 1.30406e+06 4.39742e+06 3.24224e+06 1.4524e+06 892577 604875 1.05177e+06 463484 368915 81691 271549 13669 51027.9 76017.6 156032
442655 442655 0.000268298 0.0085031 0.157053 0.167616 0.0909651 0.059636 0.0512038 0.049174 0.0488958 0.0488935 0.0489452 0.0494206 0.0506953 0.0522546 0.0534062 0.0538388  1.30602e+07 3.95583e+06 262318 1.07808e+06 950452 471717 311355 216652 365825 156730 118310 25295.9 83515.9 4365.84 17245.9 82701.3
206814 206814 0.000110937 0.00352646 0.0687677 0.0734446 0.0387318 0.0251254 0.0215157 0.0206525 0.0205385 0.0205429 0.0205694 0.0207738 0.0213151 0.021976 0.0224637 0.0226468  1.1667e+07 4.19979e+06 1.13645e+06 104059 1.06467e+06 1.07643e+06 355317 283885 251325 365773 163988 105008 24164.4 82783.8 4532.03 108585
930919 930919 0.000339663 0.0107417 0.19185 0.201231 0.110582 0.0736853 0.0638543 0.061561 0.0613086 0.0613469 0.0614305 0.0620346 0.063634 0.065587 0.0670286 0.0675698  4.21011e+07 5.27083e+06 2.2692e+06 707889 83016.8 1.14744e+06 1.21403e+06 372570 295310 267244 360514 157460 95793.2 23581.6 84946.4 122386
793745 793745 0.000209984 0.00666117 0.125242 0.133177 0.071521 0.0468305 0.0402436 0.0386737 0.0384719 0.0384817 0.0385302 0.0389105 0.0399195 0.0411518 0.0420615 0.042403  1.46435e+08 2.48467e+07 2.25071e+06 1.02393e+06 384890 59644.9 1.08918e+06 1.17166e+06 328916 251414 232790 291599 127878 76275.7 20690.7 189084
1.12539e+06 1.12539e+06 0.000243254 0.00771266 0.143584 0.15308 0.0827038 0.0541723 0.0465186 0.0446821 0.0444351 0.0444373 0.0444871 0.0449215 0.0460823 0.0475016 0.0485497 0.0489434  1.71756e+07 2.53855e+07 5.30733e+06 494009 272166 122641 20462.5 385348 406198 108864 79412.2 71263.7 88193.3 40201.5 25199.8 73741.9
743324 743324 9.86487e-05 0.00313666 0.0614523 0.0656784 0.034557 0.0223886 0.0191623 0.0183903 0.018288 0.0182918 0.0183156 0.0184979 0.0189803 0.0195692 0.0200038 0.0201669  1.60853e+07 4.44035e+06 6.7635e+06 4.05085e+06 341725 226519 134551 20407.4 455255 458592 111411 75282.8 72653.7 89271.3 43336.4 106580
1.70584e+06 1.70584e+06 0.000294633 0.00933333 0.170909 0.182495 0.0995066 0.0653229 0.0560959 0.053871 0.0535641 0.0535605 0.0536166 0.0541371 0.0555324 0.0572391 0.0584998 0.0589732  6.23539e+06 8.23664e+06 2.5207e+06 3.91678e+06 3.58591e+06 356914 231442 154797 21430.2 477025 458679 107241 70494.9 71796.6 92302.6 161983
645053 645053 0.000122692 0.00389938 0.0757611 0.0809719 0.042794 0.0277684 0.0237756 0.0228198 0.0226931 0.0226982 0.022728 0.0229544 0.0235528 0.0242832 0.0248222 0.0250245  1.21103e+07 3.76363e+06 4.05751e+06 1.40608e+06 1.86994e+06 2.96235e+06 338673 198391 152281 18558.2 408312 377683 88003 58443 64127.5 234389
451100 451100 0.000251196 0.0079636 0.147925 0.157839 0.0853963 0.0559328 0.0480172 0.046114 0.0458548 0.0458543 0.0459039 0.0463509 0.0475477 0.0490113 0.0500922 0.0504982  3.49232e+07 2.20436e+06 808957 980432 414118 603493 1.05407e+06 121853 68978.5 51861.7 5976.38 126974 116520 28202.5 19752.2 106811
