 1 -5.18855
 2 -4.86387
 3 -5.09072
 4 -4.97409
 5 -5.61262
 6 -4.92747
 7 -4.59569
 8 -4.44349
 9 -4.1351
 10 -4.27573
 11 -4.46781
 12 -4.43579
 13 -4.61877
 14 -4.36694
 15 -4.36834
 16 -4.81212
 17 -5.00453
 18 -4.59643
 19 -4.65157
 20 -4.7019
 21 -5.43861
 22 -5.03418
 23 -4.68749
 24 -5.20756
 25 -5.34346
 26 -4.91798
 27 -4.60407
 28 -4.44829
 29 -4.67658
 30 -4.59094
 31 -4.63682
 32 -4.67162
 33 -5.10044
 34 -4.93122
 35 -4.46587
 36 -4.36284
 37 -4.58016
 38 -4.4657
 39 -4.62501
 40 -4.52753
 41 -4.7199
 42 -4.74148
 43 -4.88937
 44 -4.72767
 45 -5.13073
 46 -4.89317
 47 -4.79783
 48 -4.29701
 49 -4.27972
 50 -4.32208
 51 -4.58569
 52 -4.66258
 53 -4.97913
 54 -4.8664
 55 -4.69043
 56 -4.48435
 57 -4.45918
 58 -4.58331
 59 -4.49358
 60 -4.36432
 61 -4.72397
 62 -4.70482
 63 -5.03771
 64 -5.67109
 65 -5.33404
 66 -5.40506
 67 -4.92825
 68 -4.98037
 69 -4.98294
 70 -4.651
 71 -4.16282
 72 -4.72739
 73 -5.28688
 74 -5.06446
 75 -4.89204
 76 -5.15612
 77 -4.59412
 78 -4.29674
 79 -3.98735
 80 -3.81679
 81 -5.10346
 82 -4.29354
 83 -3.85305
 84 -4.8035
 85 -5.06061
 86 -4.55082
 87 -4.68306
 88 -5.41473
 89 -4.63702
 90 -4.58984
 91 -4.8838
 92 -5.19942
 93 -4.82866
 94 -4.49018
 95 -4.52899
 96 -4.78959
 97 -5.95885
 98 -5.12786
 99 -4.56137
 100 -4.70977
 101 -4.75524
 102 -4.32415
 103 -4.38261
 104 -4.18588
 105 -5.06357
 106 -4.62588
 107 -4.8027
 108 -4.61768
 109 -4.8413
 110 -4.4961
 111 -4.70776
 112 -5.24784
 113 -5.27886
 114 -5.11617
 115 -3.68437
 116 -4.00152
 117 -3.22508
 118 -4.74629
 119 -4.79558
 120 -4.60074
 121 -4.67768
 122 -4.76361
 123 -4.3829
 124 -4.18961
 125 -4.40931
 126 -4.59201
 127 -4.5886
 128 -4.68205
 129 -4.25537
 130 -4.66013
 131 -5.21541
 132 -5.10739
 133 -4.98955
 134 -4.9261
 135 -5.8387
 136 -4.68172
 137 -4.46414
 138 -4.5461
 139 -5.82233
 140 -5.25606
 141 -5.07158
 142 -5.24393
 143 -6.09938
 144 -5.35887
 145 -5.00839
 146 -5.02805
 147 -3.82863
 148 -5.07102
 149 -4.80009
 150 -4.4012
 151 -4.99354
 152 -5.53902
 153 -4.38015
 154 -4.12179
 155 -4.15601
 156 -4.99601
 157 -4.64961
 158 -4.43482
 159 -4.89264
 160 -4.93478
 161 -4.92494
 162 -4.94987
 163 -3.91053
 164 -5.84658
 165 -5.01064
 166 -5.53732
 167 -5.98966
 168 -5.20852
 169 -4.5431
 170 -5.15736
 171 -6.01568
 172 -5.59896
 173 -4.79169
 174 -5.65031
 175 -6.20639
 176 -5.50531
 177 -4.84867
 178 -5.16576
 179 -5.77421
 180 -4.58765
 181 -4.53121
 182 -5.10061
 183 -5.15265
 184 -4.76685
 185 -4.52668
