 1 -5.14219
 2 -4.15755
 3 -3.66716
 4 -3.72868
 5 -3.30351
 6 -3.66377
 7 -3.55013
 8 -2.90111
 9 -4.03882
 10 -3.36192
 11 -3.43034
 12 -3.14594
 13 -4.00133
 14 -3.18165
 15 -2.90947
 16 -2.86676
 17 -3.72686
 18 -3.24284
 19 -3.09462
 20 -3.34684
 21 -2.94541
 22 -2.58749
 23 -2.69273
 24 -2.33633
 25 -2.176
 26 -2.68411
 27 -2.61696
 28 -2.3643
 29 -2.36741
 30 -2.37006
 31 -2.56724
 32 -2.40601
 33 -3.10406
 34 -2.40682
 35 -2.68845
 36 -2.43055
 37 -2.5037
 38 -2.96517
 39 -2.86695
 40 -2.38562
 41 -2.96288
 42 -2.52295
 43 -2.25929
 44 -2.30622
 45 -3.21694
 46 -2.2507
 47 -3.03222
 48 -2.64337
 49 -3.13903
 50 -2.43384
 51 -2.45203
 52 -2.4507
 53 -2.12077
 54 -2.24788
 55 -2.43902
 56 -2.39899
 57 -2.62272
 58 -2.53005
 59 -2.66923
 60 -2.70397
 61 -3.58306
 62 -2.70672
 63 -2.61324
 64 -2.62783
 65 -3.45584
 66 -2.84757
 67 -2.77376
 68 -3.07869
 69 -2.67235
 70 -2.84777
 71 -2.13735
 72 -2.39456
 73 -2.34794
 74 -2.39125
 75 -2.17166
 76 -2.46659
 77 -2.22277
 78 -1.94677
 79 -2.14205
 80 -1.83817
 81 -2.33985
 82 -2.1717
 83 -2.41622
 84 -2.25823
 85 -2.39495
 86 -1.92503
 87 -1.85577
 88 -2.02401
 89 -2.90564
 90 -1.89002
 91 -1.97763
 92 -2.09544
 93 -0.143219
 94 -1.89828
 95 -1.9184
 96 -1.72508
 97 -1.16601
 98 -1.85423
 99 -1.79774
 100 -1.55424
 101 -0.885213
 102 -2.2074
 103 -2.21843
 104 -1.52549
 105 -1.27021
 106 -2.31344
 107 -1.75942
 108 -1.46257
 109 -1.53338
 110 -1.83285
 111 -1.39296
 112 -1.58493
 113 -1.19125
 114 -1.80827
 115 -1.83938
 116 -1.21003
 117 -1.45631
 118 -1.73612
 119 -1.83977
 120 -2.01855
 121 -1.08171
 122 -1.92692
 123 -1.75999
 124 -1.7856
 125 -0.448401
 126 -1.31726
 127 -1.41452
 128 -1.04317
 129 -1.17902
 130 -1.90326
 131 -1.36857
 132 -1.58863
 133 -1.28532
 134 -1.70182
 135 -1.82899
 136 -1.52983
 137 -1.48114
 138 -2.08279
 139 -1.64317
 140 -1.3225
 141 -1.89574
 142 -2.03364
 143 -1.26317
 144 -1.06697
 145 -1.20415
 146 -1.64974
 147 -1.41696
 148 -0.742184
 149 -1.13801
 150 -1.57571
 151 -1.08207
 152 -0.402892
 153 -1.13897
 154 -1.41788
 155 -1.31909
 156 -0.412361
 157 -1.72642
 158 -1.47153
 159 -1.59696
 160 -1.19254
 161 -1.50377
 162 -1.6563
 163 -1.56021
 164 -1.07255
 165 -1.36331
 166 -1.18361
 167 -0.980958
 168 -1.30531
 169 -1.68454
 170 -1.47882
 171 -1.21816
 172 -0.811221
 173 -1.29908
 174 -1.16489
 175 -1.54328
 176 -1.09719
 177 -1.38339
 178 -2.05707
 179 -1.64877
 180 -1.77776
 181 -1.64695
 182 -1.64951
 183 -1.49827
 184 -1.64318
 185 -2.26015
 186 -1.72899
 187 -1.81551
 188 -1.71246
 189 -2.93493
 190 -2.16275
 191 -1.86273
 192 -1.73995
 193 -2.05333
 194 -1.69831
 195 -1.23685
 196 -1.11763
 197 -1.61358
 198 -1.88906
 199 -1.65962
 200 -0.304399
