 1 -6.47244
 2 -6.81055
 3 -6.55895
 4 -7.23043
 5 -6.59304
 6 -6.46129
 7 -7.3587
 8 -7.10204
 9 -6.44815
 10 -6.80301
 11 -6.55038
 12 -6.56168
 13 -6.47007
 14 -5.83038
 15 -6.12148
 16 -6.44394
 17 -6.5239
 18 -6.4482
 19 -5.95491
 20 -6.26635
 21 -6.42018
 22 -6.34942
 23 -5.90133
 24 -6.32284
 25 -6.59918
 26 -7.24423
 27 -5.98489
 28 -5.98375
 29 -6.00043
 30 -6.40953
 31 -6.34527
 32 -6.29978
 33 -6.41172
 34 -7.00333
 35 -6.34433
 36 -6.88691
 37 -7.00337
 38 -5.86625
 39 -6.06981
 40 -5.9764
 41 -6.70366
 42 -6.2513
 43 -6.45423
 44 -7.2332
 45 -6.67689
 46 -6.12952
 47 -6.16555
 48 -6.23142
 49 -6.35188
 50 -6.01303
 51 -6.01703
 52 -6.10281
 53 -6.03873
 54 -5.38162
 55 -5.63484
 56 -5.79447
 57 -6.62791
 58 -5.27944
 59 -5.61077
 60 -5.66482
 61 -6.03546
 62 -6.59558
 63 -6.27391
 64 -6.13717
 65 -6.61741
 66 -6.7245
 67 -6.96969
 68 -5.55689
 69 -5.75996
 70 -5.6768
 71 -6.06181
 72 -6.316
 73 -6.00431
 74 -5.6345
 75 -4.86465
 76 -4.63317
 77 -5.47547
 78 -5.3376
 79 -5.80751
 80 -6.14432
 81 -6.1161
 82 -5.75413
 83 -5.93363
 84 -6.07572
 85 -6.92231
 86 -5.75706
 87 -6.00846
 88 -6.14703
 89 -6.25848
 90 -5.4801
 91 -5.18742
 92 -6.13045
 93 -6.14247
 94 -5.76128
 95 -6.14138
 96 -6.14465
 97 -6.29889
 98 -5.36717
 99 -7.5193
 100 -7.66174
 101 -6.12082
 102 -5.92877
 103 -6.40644
 104 -6.19986
 105 -6.33701
 106 -6.51642
 107 -6.48547
 108 -6.64162
 109 -7.1144
 110 -7.93006
 111 -7.07923
 112 -6.54003
 113 -6.69114
 114 -7.57223
 115 -5.77936
 116 -5.85033
 117 -6.53578
 118 -6.85923
 119 -5.89267
 120 -5.96199
 121 -6.1229
 122 -6.51249
 123 -6.23487
 124 -7.01582
 125 -7.7244
 126 -7.32732
 127 -5.86383
 128 -5.7872
 129 -6.67623
 130 -6.07917
 131 -5.95132
 132 -6.8762
 133 -6.90324
 134 -6.83885
 135 -6.02055
 136 -5.94776
 137 -6.11427
 138 -6.87373
 139 -6.0799
 140 -7.28634
 141 -5.23622
 142 -6.6787
 143 -5.30691
 144 -6.895
 145 -5.55416
 146 -5.76597
 147 -5.6996
 148 -4.82618
 149 -5.63731
 150 -5.41343
 151 -6.64976
 152 -5.72099
 153 -5.90929
 154 -5.83623
 155 -5.9721
 156 -5.45983
 157 -6.27778
 158 -4.85064
 159 -5.68765
 160 -4.58516
 161 -5.53321
 162 -5.95212
 163 -5.62795
 164 -5.26745
 165 -6.80729
 166 -6.95527
 167 -5.96538
 168 -6.19388
