 1 -3.2287
 2 -3.00307
 3 -2.96573
 4 -3.42369
 5 -2.97766
 6 -2.72242
 7 -2.72955
 8 -2.89068
 9 -2.64639
 10 -2.46655
 11 -3.14328
 12 -3.00524
 13 -3.40333
 14 -3.51526
 15 -3.0829
 16 -3.43696
 17 -4.3896
 18 -4.11722
 19 -4.40649
 20 -4.96564
 21 -4.27456
 22 -4.02883
 23 -6.02747
 24 -4.39245
 25 -4.32001
 26 -7.57908
 27 -8.57017
 28 -5.62621
 29 -3.48136
 30 -4.42575
 31 -6.39686
 32 -5.6404
 33 -3.83846
 34 -3.34911
 35 -3.55036
 36 -3.55516
 37 -3.88282
 38 -3.54447
 39 -3.52462
 40 -3.71164
 41 -3.97987
 42 -3.67654
 43 -3.99799
 44 -4.27926
 45 -4.15047
 46 -3.61497
 47 -3.52147
 48 -3.63895
 49 -3.67056
 50 -3.22714
 51 -3.29809
 52 -3.70276
 53 -3.92532
 54 -2.99194
 55 -2.74959
 56 -3.64811
 57 -3.27104
 58 -2.94798
 59 -2.70858
 60 -3.46993
 61 -3.3189
 62 -2.607
 63 -2.53222
 64 -3.25177
 65 -3.05017
 66 -2.6402
 67 -3.04012
 68 -2.94755
 69 -2.93772
 70 -2.87676
 71 -3.51034
 72 -4.39036
 73 -4.95541
 74 -4.07419
 75 -3.71718
 76 -3.52933
 77 -4.04443
 78 -4.15733
 79 -3.52037
 80 -4.0415
 81 -3.54409
 82 -2.35785
 83 -2.45655
 84 -2.88058
 85 -3.64936
 86 -3.26201
 87 -3.89054
 88 -3.64654
 89 -3.99197
 90 -3.38172
 91 -3.47415
 92 -3.38174
 93 -3.42249
 94 -3.3678
 95 -3.12434
 96 -3.1502
 97 -3.45072
 98 -2.78629
 99 -2.7146
 100 -3.45093
 101 -3.47278
 102 -3.29172
 103 -2.87177
 104 -4.01806
 105 -3.44771
 106 -2.57667
 107 -4.20407
 108 -3.0943
 109 -3.07914
 110 -4.01274
 111 -3.66925
 112 -4.7745
 113 -3.29036
 114 -3.09703
 115 -3.14561
 116 -4.4985
 117 -3.45557
 118 -3.25911
 119 -3.90916
 120 -3.53244
 121 -3.6864
 122 -3.44103
 123 -3.58087
 124 -3.88904
 125 -3.27446
 126 -3.03328
 127 -2.64388
 128 -3.6883
 129 -4.10431
 130 -4.00605
 131 -5.27144
 132 -3.83183
 133 -3.98718
 134 -3.45555
 135 -2.46558
 136 -4.38478
 137 -3.96922
 138 -3.36903
 139 -3.54897
 140 -3.72634
 141 -3.55046
 142 -4.16612
 143 -3.68425
 144 -3.78126
 145 -3.84616
 146 -3.58899
 147 -4.50407
 148 -4.92357
 149 -4.06244
 150 -3.46526
 151 -3.89767
 152 -4.48621
 153 -3.95398
 154 -3.32661
 155 -3.13975
 156 -4.33323
 157 -4.14266
 158 -4.02581
 159 -5.53003
 160 -3.94713
 161 -3.98358
 162 -3.20764
 163 -3.54322
 164 -3.87228
 165 -3.89188
 166 -3.37996
 167 -4.57479
 168 -3.89774
 169 -3.87535
 170 -3.40608
 171 -3.77895
 172 -3.43078
 173 -3.62169
 174 -3.45878
 175 -3.60287
 176 -3.77999
 177 -3.79396
 178 -3.3061
 179 -3.33533
 180 -3.83908
 181 -3.80958
 182 -3.38997
 183 -3.3987
 184 -3.6747
 185 -3.47625
 186 -2.91958
 187 -2.93608
 188 -3.33257
 189 -3.6312
 190 -3.4475
 191 -3.28126
 192 -4.83281
 193 -3.35244
 194 -3.11943
 195 -3.01066
 196 -3.22334
 197 -3.52803
 198 -3.24359
 199 -3.01492
 200 -3.17486
