 1 -3.29251
 2 -3.29188
 3 -3.33655
 4 -3.33553
 5 -3.26989
 6 -3.33313
 7 -3.37601
 8 -3.29751
 9 -3.17201
 10 -3.22339
 11 -3.31811
 12 -3.27195
 13 -3.15344
 14 -3.23847
 15 -3.26238
 16 -3.12572
 17 -2.89936
 18 -2.95241
 19 -3.05658
 20 -3.03795
 21 -2.85589
 22 -2.88906
 23 -2.91418
 24 -2.88452
 25 -2.84278
 26 -2.85661
 27 -2.81435
 28 -2.77476
 29 -2.7474
 30 -2.83271
 31 -3.01158
 32 -3.06387
 33 -2.98446
 34 -3.01015
 35 -3.04305
 36 -2.98179
 37 -2.8415
 38 -2.96586
 39 -2.9833
 40 -2.7788
 41 -2.53068
 42 -2.68873
 43 -2.76996
 44 -2.69974
 45 -2.78651
 46 -2.70742
 47 -2.73635
 48 -2.7826
 49 -2.84414
 50 -2.85107
 51 -3.02761
 52 -3.00517
 53 -2.65499
 54 -2.65813
 55 -2.80913
 56 -2.95538
 57 -2.83563
 58 -2.76298
 59 -2.51936
 60 -2.1919
 61 -2.12151
 62 -2.41269
 63 -2.49335
 64 -2.72238
 65 -2.38475
 66 -2.16686
 67 -2.05602
 68 -2.22129
