 1 -4.15083
 2 -3.5479
 3 -3.66367
 4 -3.92279
 5 -3.8377
 6 -3.42077
 7 -3.50346
 8 -3.82163
 9 -3.71694
 10 -3.56328
 11 -3.87878
 12 -4.13691
 13 -3.71625
 14 -4.96742
 15 -4.7813
 16 -4.59321
 17 -4.27491
 18 -3.66998
 19 -4.06292
 20 -4.1429
 21 -4.02376
 22 -4.41168
 23 -4.43401
 24 -4.55256
 25 -3.95531
 26 -4.51284
 27 -4.96405
 28 -4.69924
 29 -4.53235
 30 -4.34832
 31 -4.70542
 32 -4.53591
 33 -4.35368
 34 -3.97268
 35 -3.98691
 36 -3.8402
 37 -3.95781
 38 -3.82957
 39 -4.62858
 40 -4.90428
 41 -4.51803
 42 -4.37054
 43 -4.27081
 44 -4.68194
 45 -4.93594
 46 -4.64622
 47 -4.53615
 48 -4.02832
 49 -3.88999
 50 -3.93115
 51 -4.28033
 52 -3.85419
 53 -3.82383
 54 -3.64844
 55 -3.52374
 56 -3.54177
 57 -3.59576
 58 -3.81373
 59 -3.88658
 60 -3.65436
 61 -3.85119
 62 -4.13864
 63 -4.00424
 64 -3.98688
 65 -3.8976
 66 -3.66296
 67 -3.77279
 68 -4.08507
 69 -3.9209
 70 -3.92354
 71 -4.30104
 72 -4.4867
 73 -4.14436
 74 -3.99814
 75 -4.30117
 76 -4.68453
 77 -4.88921
 78 -4.46345
 79 -4.15389
 80 -3.59273
 81 -3.75935
 82 -4.13206
 83 -4.46444
 84 -4.60716
 85 -4.17196
 86 -3.71232
 87 -4.10681
