 1 -7.43033
 2 -7.44417
 3 -6.87054
 4 -7.76555
 5 -7.25293
 6 -7.94526
 7 -7.16758
 8 -6.80108
 9 -7.23561
 10 -6.73955
 11 -4.93204
 12 -7.8457
 13 -6.9479
 14 -6.66237
 15 -6.72979
 16 -6.1667
 17 -7.84288
 18 -6.92377
 19 -6.75347
 20 -7.02
 21 -6.74223
 22 -6.1637
 23 -7.46928
 24 -7.79425
 25 -7.63868
 26 -7.58575
 27 -8.04046
 28 -7.04301
 29 -6.85091
 30 -6.34821
 31 -6.7548
 32 -6.85981
 33 -6.69946
 34 -6.64165
 35 -7.32014
 36 -6.94736
 37 -6.57599
 38 -6.42682
 39 -6.89253
 40 -7.06548
 41 -7.15926
 42 -6.73573
 43 -7.45244
 44 -6.14721
 45 -8.10818
 46 -6.17575
 47 -6.86459
 48 -7.66976
 49 -6.75485
 50 -6.14224
 51 -5.92687
 52 -7.10851
 53 -6.22099
 54 -6.57021
 55 -7.28403
 56 -6.56498
 57 -7.26018
 58 -7.39539
 59 -7.17076
 60 -8.16359
 61 -6.61258
 62 -6.5005
 63 -5.82074
 64 -6.37015
 65 -6.56514
 66 -5.20639
 67 -5.21366
 68 -6.25333
 69 -5.81436
 70 -6.44147
 71 -7.46788
 72 -6.33447
 73 -5.89337
 74 -6.67697
 75 -5.81225
 76 -6.15447
 77 -6.80126
 78 -5.85773
 79 -6.17542
 80 -5.68572
 81 -5.52959
 82 -5.82291
 83 -6.14001
 84 -6.02451
 85 -5.3546
 86 -6.98137
 87 -5.67012
 88 -6.27951
 89 -6.10287
 90 -5.87738
 91 -5.95042
 92 -5.33025
 93 -6.06023
 94 -6.00337
 95 -6.35843
 96 -6.08373
 97 -5.62938
 98 -5.00179
 99 -6.28118
 100 -6.72465
 101 -6.51259
 102 -6.99888
 103 -6.80765
 104 -4.87368
 105 -6.45365
 106 -6.45051
 107 -6.33965
 108 -6.0908
 109 -5.84212
 110 -7.03382
 111 -5.38623
 112 -5.87952
 113 -6.27919
 114 -6.72416
 115 -6.14883
 116 -6.09127
 117 -6.01715
 118 -6.86114
 119 -6.84471
 120 -6.33306
 121 -5.95377
 122 -6.56141
 123 -6.58059
 124 -7.08223
 125 -6.2558
 126 -6.25555
 127 -7.10808
 128 -7.65932
 129 -6.32127
 130 -7.18088
 131 -7.15278
 132 -6.59279
 133 -5.88736
 134 -6.36151
 135 -7.15642
 136 -6.11641
 137 -5.70574
 138 -5.91995
 139 -6.29305
 140 -6.92118
 141 -5.69716
 142 -6.05311
 143 -6.88287
 144 -5.39082
 145 -6.07054
 146 -6.09759
 147 -6.78282
 148 -5.64603
 149 -6.14413
