 1 -4.28643
 2 -4.25317
 3 -4.25035
 4 -4.25551
 5 -4.27261
 6 -4.35259
 7 -4.3771
 8 -4.32951
 9 -4.20666
 10 -4.2469
 11 -4.25557
 12 -4.28705
 13 -4.19329
 14 -4.27714
 15 -4.31548
 16 -4.17815
 17 -4.37601
 18 -4.47887
 19 -4.5562
 20 -4.58144
 21 -4.47128
 22 -4.40308
 23 -4.41808
 24 -4.34222
 25 -4.58729
 26 -4.63276
 27 -4.58918
 28 -4.57242
 29 -4.04266
 30 -4.08997
 31 -4.23966
 32 -4.35361
 33 -4.33668
 34 -4.36291
 35 -4.32028
 36 -4.27655
 37 -3.89512
 38 -4.08758
 39 -4.12439
 40 -3.97677
 41 -4.19467
 42 -4.04201
 43 -3.96307
 44 -4.10493
 45 -4.09912
 46 -3.93863
 47 -4.00308
 48 -4.12642
 49 -4.09752
 50 -3.94663
 51 -4.01414
 52 -4.24456
 53 -4.25579
 54 -4.20824
 55 -3.85488
 56 -3.62707
 57 -3.30941
 58 -3.63957
 59 -3.78398
 60 -4.10933
 61 -3.91669
 62 -3.5502
 63 -3.28919
 64 -3.5293
