 1 -5.21472
 2 -4.61993
 3 -4.68957
 4 -4.79557
 5 -5.76209
 6 -4.33881
 7 -3.9015
 8 -4.14142
 9 -3.98336
 10 -4.00642
 11 -4.18635
 12 -4.37247
 13 -4.00857
 14 -2.8952
 15 -3.68216
 16 -3.78238
 17 -4.27107
 18 -4.01782
 19 -5.14789
 20 -4.09824
 21 -4.16226
 22 -3.68282
 23 -3.4229
 24 -3.5848
 25 -3.73622
 26 -3.86458
 27 -4.11815
 28 -3.35161
 29 -3.75198
 30 -4.14636
 31 -3.8088
 32 -3.45968
 33 -3.83426
 34 -3.98975
 35 -4.58061
 36 -3.56456
 37 -3.70863
 38 -4.21004
 39 -3.83322
 40 -3.80397
 41 -3.90394
 42 -4.25461
 43 -3.67433
 44 -3.42069
 45 -4.15263
 46 -3.68059
 47 -3.64738
 48 -3.85998
 49 -4.11445
 50 -4.50962
 51 -3.93564
 52 -3.33995
 53 -3.29329
 54 -3.3937
 55 -3.65462
 56 -3.86562
 57 -4.04014
 58 -4.09821
 59 -3.7687
 60 -3.90391
 61 -3.59829
 62 -4.11816
 63 -3.60268
 64 -3.54337
 65 -3.92555
 66 -4.228
 67 -4.05666
 68 -4.07882
 69 -3.72514
 70 -3.81469
 71 -3.53743
 72 -3.57435
 73 -3.63685
 74 -3.77922
 75 -3.72135
 76 -3.59744
 77 -3.77611
 78 -3.66582
 79 -3.68447
 80 -3.98583
 81 -3.56175
 82 -3.73473
 83 -3.45391
 84 -3.63194
 85 -3.57179
 86 -3.74997
 87 -3.58958
 88 -3.86829
 89 -3.82895
 90 -4.15296
 91 -4.14041
 92 -3.74731
 93 -3.6548
 94 -3.90156
 95 -3.63497
 96 -3.86422
 97 -3.47603
 98 -3.57716
 99 -3.13007
 100 -3.06568
 101 -3.27168
 102 -3.36019
 103 -3.48114
 104 -4.01786
 105 -3.69341
 106 -3.00796
 107 -3.47408
 108 -3.60868
 109 -3.3937
 110 -3.6826
 111 -3.77243
 112 -3.94118
 113 -3.83764
 114 -3.4222
 115 -3.47469
 116 -3.4705
 117 -3.23517
 118 -2.98438
 119 -3.37963
 120 -3.26086
 121 -3.65942
 122 -3.85753
 123 -3.94202
 124 -3.2055
 125 -3.59127
 126 -3.42037
 127 -3.36192
 128 -3.40484
 129 -3.23757
 130 -3.37848
 131 -3.74601
 132 -3.60089
 133 -3.62615
 134 -3.50759
 135 -3.67184
 136 -3.46085
 137 -3.78038
 138 -4.10219
 139 -3.7394
 140 -3.63323
 141 -3.60639
 142 -3.3664
 143 -3.46737
 144 -3.854
 145 -3.8166
 146 -3.65779
 147 -3.52397
 148 -3.17359
 149 -3.47539
 150 -3.26054
 151 -3.19522
 152 -3.25071
 153 -3.2623
 154 -3.57122
 155 -3.37496
 156 -3.52649
 157 -3.37185
 158 -3.46803
 159 -3.17797
 160 -3.60891
 161 -3.77013
 162 -2.82738
 163 -3.24743
 164 -3.08102
 165 -3.04536
 166 -3.52908
 167 -3.41078
 168 -3.00716
