 1 -4.56063
 2 -4.36317
 3 -4.60324
 4 -4.77864
 5 -4.84914
 6 -4.97564
 7 -4.60598
 8 -4.85321
 9 -5.45932
 10 -4.91666
 11 -4.97704
 12 -5.68084
 13 -4.88341
 14 -5.30434
 15 -5.05211
 16 -4.40392
 17 -5.74274
 18 -5.26823
 19 -4.60775
 20 -4.87235
 21 -5.17041
 22 -5.14692
 23 -4.63454
 24 -5.01086
 25 -5.3665
 26 -4.94134
 27 -6.39651
 28 -5.225
 29 -4.14385
 30 -4.52868
 31 -4.35767
 32 -3.93837
 33 -3.97654
 34 -4.54313
 35 -4.91414
 36 -5.17551
 37 -4.68352
 38 -4.30613
 39 -4.25337
 40 -4.06779
 41 -4.03477
 42 -4.33496
 43 -4.0031
 44 -4.00632
 45 -3.79899
 46 -4.16237
 47 -3.83388
 48 -4.01058
 49 -5.10562
 50 -4.68107
 51 -4.25503
 52 -4.5883
 53 -4.37698
 54 -4.46644
 55 -4.49062
 56 -4.53426
 57 -4.42923
 58 -4.59074
 59 -3.97698
 60 -4.35924
 61 -4.44281
 62 -4.47524
 63 -4.38223
 64 -4.11788
 65 -4.07729
 66 -4.03536
 67 -4.03112
 68 -4.08085
 69 -4.15021
 70 -3.98466
 71 -4.3892
 72 -4.33089
 73 -4.3096
 74 -4.50873
 75 -4.35809
 76 -4.43357
 77 -4.07675
 78 -4.2611
 79 -4.35508
 80 -4.16235
 81 -4.22944
 82 -4.2486
 83 -4.15175
 84 -4.0621
 85 -3.78222
 86 -3.95175
 87 -3.86191
 88 -3.96294
 89 -4.14262
 90 -4.04039
 91 -4.10192
 92 -4.03793
 93 -3.82493
 94 -3.85337
 95 -4.20136
 96 -5.00476
 97 -4.06515
 98 -3.94397
 99 -4.21023
 100 -4.31926
 101 -4.08702
 102 -4.07533
 103 -3.84474
 104 -4.30762
 105 -4.12502
 106 -4.19213
 107 -4.13172
 108 -4.03491
 109 -3.78717
 110 -4.28378
 111 -4.17279
 112 -3.82618
 113 -3.73659
 114 -3.83867
 115 -3.94019
 116 -4.06361
 117 -3.90597
 118 -4.07693
 119 -3.81615
 120 -3.5055
 121 -3.85805
 122 -3.96872
 123 -3.93731
 124 -3.69448
 125 -3.84919
 126 -3.93132
 127 -4.00283
 128 -3.72089
 129 -3.8761
 130 -3.84994
 131 -3.91766
 132 -3.65107
 133 -3.97485
 134 -3.95689
 135 -3.40457
 136 -3.25575
 137 -3.52274
 138 -3.62885
 139 -3.32712
 140 -3.36758
 141 -3.56949
