 1 -5.5383
 2 -5.11036
 3 -3.81843
 4 -5.99252
 5 -4.9513
 6 -4.61482
 7 -4.79339
 8 -4.19934
 9 -4.29744
 10 -5.22011
 11 -4.71164
 12 -2.81749
 13 -5.35031
 14 -4.92217
 15 -3.90921
 16 -4.91962
 17 -5.60988
 18 -3.00495
 19 -4.00296
 20 -4.49093
 21 -6.07906
 22 -3.76346
 23 -3.19712
 24 -4.52117
 25 -3.87136
 26 -4.54697
 27 -3.91967
 28 -3.92447
 29 -3.86025
 30 -4.08942
 31 -4.44335
 32 -4.41894
 33 -4.39385
 34 -4.26191
 35 -4.20291
 36 -4.23513
 37 -4.20232
 38 -4.04758
 39 -4.51269
 40 -4.52458
 41 -4.17109
 42 -4.14392
 43 -3.94233
 44 -4.22226
 45 -4.94245
 46 -4.52756
 47 -4.28841
 48 -3.53145
 49 -4.06401
 50 -4.01677
 51 -3.75459
 52 -3.62187
 53 -3.96046
 54 -3.64491
 55 -3.26388
 56 -2.98123
 57 -3.34047
 58 -3.73497
 59 -4.23904
 60 -3.92969
 61 -3.55772
 62 -3.76186
 63 -4.39846
 64 -3.42036
 65 -3.40219
 66 -3.55632
 67 -3.8299
 68 -4.10127
 69 -3.34855
 70 -3.63457
 71 -3.78824
 72 -3.61524
 73 -3.50038
 74 -3.29938
 75 -3.23134
 76 -3.37557
 77 -3.55621
 78 -3.64726
 79 -3.27044
 80 -2.76204
 81 -3.71464
 82 -4.43236
 83 -3.56373
 84 -3.69069
 85 -2.76356
 86 -4.04021
 87 -3.90552
 88 -3.01669
 89 -2.6704
 90 -3.7683
 91 -3.60019
 92 -3.49825
 93 -3.43852
 94 -3.26616
 95 -3.68225
 96 -3.2592
 97 -2.90237
 98 -3.78555
 99 -3.63643
 100 -3.69392
 101 -3.09231
 102 -3.21501
 103 -4.11999
 104 -2.95752
 105 -3.45168
 106 -3.14492
 107 -3.439
 108 -3.15248
 109 -3.36366
 110 -3.30372
 111 -3.25711
 112 -2.84889
 113 -3.21278
 114 -3.53482
 115 -3.63203
 116 -3.74514
 117 -3.65961
 118 -3.40067
 119 -3.55495
 120 -3.27394
 121 -3.59332
 122 -3.74625
 123 -3.47004
 124 -4.0135
 125 -3.54774
 126 -3.81533
 127 -4.03415
 128 -3.41296
 129 -4.23825
 130 -3.55815
 131 -3.87895
 132 -3.27747
 133 -3.34145
 134 -2.98015
 135 -3.5459
 136 -3.4183
 137 -3.34682
 138 -3.42911
 139 -3.52069
 140 -3.32206
 141 -3.43623
 142 -3.61085
 143 -3.57073
 144 -3.40563
 145 -3.25744
 146 -3.56118
 147 -3.92602
 148 -3.57455
 149 -3.37554
 150 -3.63605
 151 -3.79994
 152 -3.60499
 153 -3.4519
 154 -3.7601
 155 -4.01053
 156 -3.42118
 157 -3.96581
 158 -4.07506
 159 -3.67547
 160 -3.44689
 161 -3.46901
 162 -3.45146
 163 -3.5624
 164 -3.54725
 165 -3.3263
 166 -3.2849
 167 -3.42125
 168 -3.28329
 169 -3.7926
 170 -3.68708
 171 -3.44327
 172 -2.96937
 173 -3.06185
 174 -3.35326
 175 -3.62255
 176 -3.08772
 177 -2.5907
 178 -2.77495
 179 -2.99524
 180 -3.30424
 181 -3.33051
 182 -3.55784
