 1 -6.58812
 2 -6.15909
 3 -6.1583
 4 -7.51221
 5 -6.02374
 6 -6.55306
 7 -6.16183
 8 -6.34412
 9 -8.25971
 10 -6.96654
 11 -6.35737
 12 -7.33315
 13 -5.84664
 14 -6.15389
 15 -5.98573
 16 -6.25904
 17 -6.02518
 18 -6.32796
 19 -6.18209
 20 -6.89221
 21 -5.7065
 22 -5.72875
 23 -5.80778
 24 -6.03035
 25 -5.90048
 26 -5.8644
 27 -6.31675
 28 -7.43826
 29 -5.83463
 30 -5.95082
 31 -5.72858
 32 -6.07732
 33 -6.015
 34 -5.70754
 35 -6.00901
 36 -6.59183
 37 -6.12602
 38 -5.47605
 39 -5.78997
 40 -6.21681
 41 -5.76558
 42 -5.93335
 43 -5.65901
 44 -6.36884
 45 -5.57666
 46 -5.55693
 47 -6.03878
 48 -6.50706
 49 -5.5956
 50 -6.15803
 51 -5.66142
 52 -6.52372
 53 -6.36541
 54 -5.42708
 55 -5.52057
 56 -5.887
 57 -5.67291
 58 -5.78409
 59 -6.24259
 60 -5.88042
 61 -5.29921
 62 -5.44839
 63 -5.67173
 64 -5.87613
 65 -5.80481
 66 -5.51754
 67 -5.85728
 68 -6.38207
 69 -5.68279
 70 -5.44698
 71 -5.40216
 72 -6.08948
 73 -6.1095
 74 -5.44412
 75 -5.37483
 76 -5.75622
 77 -5.34483
 78 -5.60298
 79 -5.55783
 80 -6.16907
 81 -6.9035
 82 -4.94958
 83 -4.91184
 84 -5.23565
 85 -5.07883
 86 -5.32545
 87 -5.84645
 88 -5.78103
 89 -5.49852
 90 -5.16271
 91 -4.65026
 92 -5.21836
 93 -5.17794
 94 -5.90316
 95 -5.02686
 96 -6.85598
 97 -5.67513
 98 -5.0617
 99 -4.88786
 100 -5.14645
 101 -5.24577
 102 -5.23785
 103 -4.79232
 104 -6.24344
 105 -5.25508
 106 -5.09221
 107 -6.13466
 108 -5.57939
 109 -5.1604
 110 -5.91427
 111 -5.45439
 112 -5.26165
 113 -5.40936
 114 -4.82007
 115 -5.40505
 116 -5.08212
 117 -5.33695
 118 -5.44265
 119 -5.27293
 120 -5.16026
 121 -5.70113
 122 -5.24736
 123 -5.02126
 124 -5.30897
 125 -6.83315
 126 -6.19436
 127 -5.93134
 128 -4.87088
 129 -5.31892
 130 -5.24944
 131 -5.76575
 132 -5.31759
 133 -5.34899
 134 -5.18494
 135 -5.43996
 136 -5.38757
 137 -4.98986
 138 -5.03275
 139 -4.44521
 140 -5.16515
 141 -5.31201
 142 -6.13185
 143 -6.02346
 144 -6.86313
 145 -6.01398
 146 -4.91217
 147 -5.18941
 148 -5.89123
 149 -5.17242
 150 -5.17168
 151 -5.97104
 152 -8.10513
 153 -6.22861
 154 -5.61679
 155 -5.51133
 156 -5.54304
 157 -5.21313
 158 -5.921
 159 -5.33031
 160 -5.71631
 161 -5.81672
 162 -6.77346
 163 -5.2001
 164 -5.25211
 165 -4.66965
 166 -5.18124
 167 -5.06454
 168 -4.84169
 169 -4.9629
 170 -5.79019
 171 -5.19553
 172 -4.84672
 173 -5.00351
 174 -5.08022
 175 -5.43928
 176 -5.15369
 177 -5.03158
 178 -5.16278
 179 -4.93109
 180 -5.15754
 181 -5.31317
 182 -5.73397
 183 -4.96362
 184 -5.07896
 185 -5.08815
 186 -6.9492
 187 -5.1746
 188 -4.76623
 189 -4.81156
 190 -5.26592
 191 -5.52267
 192 -5.70282
