 1 -7.68734
 2 -7.47855
 3 -2.69251
 4 -3.77463
 5 -1.23247
 6 -2.37229
 7 -2.37151
 8 -5.45095
 9 -3.91887
 10 -6.93472
 11 -4.57034
 12 -3.87685
 13 -4.05766
 14 -3.92902
 15 -3.61279
 16 -2.66858
 17 -3.76848
 18 -2.90827
 19 -3.68646
 20 -4.13157
 21 -4.3051
 22 -4.74716
 23 -6.70265
 24 -5.15027
 25 -2.53769
 26 -3.85572
 27 -4.4889
 28 -3.7181
 29 -3.82703
 30 -1.89148
 31 -2.84819
 32 -2.35719
 33 -4.05478
 34 -3.60929
 35 -3.88207
 36 -4.05253
 37 -4.39228
 38 -1.94235
 39 -3.82399
 40 -2.13303
 41 -2.57625
 42 -2.95757
 43 -2.94726
 44 -1.42611
 45 -8.56761
 46 -4.32951
 47 -7.09147
 48 -6.08003
 49 -8.23353
 50 -3.03106
 51 -4.50265
 52 -5.75476
 53 -8.79455
 54 -3.56966
 55 -5.60195
 56 -6.84245
 57 -8.17356
 58 -3.58336
 59 -7.63827
 60 -7.35986
 61 -9.85546
 62 -4.38403
 63 -9.77447
 64 -7.26555
 65 -8.35295
 66 -5.33647
 67 -6.10504
 68 -8.15397
 69 -6.6068
 70 -3.17536
 71 -6.43806
 72 -5.66873
 73 -8.51725
 74 -4.48257
 75 -6.87252
 76 -5.58828
 77 -8.51056
 78 -4.55583
 79 -7.67883
 80 -7.54157
 81 -7.58249
 82 -4.9734
 83 -5.57872
 84 -6.31246
