 1 -5.91576
 2 -3.75684
 3 -4.95255
 4 -4.47507
 5 -3.87334
 6 -4.41921
 7 -3.55735
 8 -4.66765
 9 -3.97698
 10 -5.61326
 11 -5.52572
 12 -3.3941
 13 -4.70976
 14 -4.50503
 15 -3.87836
 16 -4.10206
 17 -4.03127
 18 -4.79445
 19 -3.33267
 20 -4.16294
 21 -4.17314
 22 -3.85103
 23 -3.73422
 24 -3.9845
 25 -4.19839
 26 -3.80321
 27 -3.78882
 28 -3.90024
 29 -4.25781
 30 -4.14278
 31 -3.86224
 32 -3.72895
 33 -4.03067
 34 -3.97584
 35 -4.06983
 36 -3.98522
 37 -3.90706
 38 -3.83609
 39 -3.46938
 40 -3.66386
 41 -3.95038
 42 -3.79293
 43 -3.50265
 44 -3.5683
 45 -3.79683
 46 -3.66253
 47 -3.47068
 48 -3.61912
 49 -3.47372
 50 -4.09097
 51 -3.77657
 52 -3.84375
 53 -3.96667
 54 -4.20301
 55 -3.69507
 56 -3.47065
 57 -3.73405
 58 -3.56799
 59 -3.34601
 60 -3.40417
 61 -3.66507
 62 -3.00249
 63 -3.35276
 64 -3.47425
 65 -3.20479
 66 -3.25563
 67 -3.21239
 68 -3.34954
 69 -3.3164
 70 -3.43103
 71 -3.71933
 72 -3.36332
 73 -3.51331
 74 -3.16957
 75 -3.2154
 76 -3.39829
 77 -3.15824
 78 -3.21303
 79 -2.94253
 80 -3.35127
 81 -3.1993
 82 -3.05956
 83 -2.66289
 84 -2.95804
 85 -3.40949
 86 -3.15323
 87 -3.19044
 88 -3.61232
 89 -3.32353
 90 -3.19082
 91 -3.40423
 92 -3.37827
 93 -4.16247
 94 -3.71888
 95 -3.01835
 96 -3.00399
 97 -3.51697
 98 -3.34169
 99 -3.47553
 100 -3.17139
 101 -3.35816
 102 -3.19933
 103 -2.92843
 104 -2.91025
 105 -3.54695
 106 -3.02819
 107 -2.93627
 108 -3.12158
 109 -3.06165
 110 -3.12239
 111 -3.13154
 112 -2.8129
 113 -2.89616
 114 -2.78013
 115 -2.92736
 116 -2.97505
 117 -2.76327
 118 -2.7031
 119 -2.67563
 120 -3.21286
 121 -3.21138
 122 -2.96809
 123 -2.83904
 124 -3.04691
 125 -3.00871
 126 -3.04678
 127 -2.93946
 128 -2.95552
 129 -3.40465
 130 -3.10326
 131 -3.28967
 132 -3.17821
 133 -3.1693
 134 -3.09565
 135 -3.18873
 136 -3.33497
 137 -3.27336
 138 -2.92354
 139 -2.88458
 140 -3.03821
 141 -3.03908
 142 -3.3151
 143 -3.40759
 144 -3.09248
 145 -3.02933
 146 -3.24626
 147 -3.07484
 148 -3.23583
 149 -3.44498
 150 -2.89926
 151 -2.81206
 152 -3.0985
 153 -3.39196
 154 -3.17719
 155 -2.9718
 156 -2.9783
 157 -3.13541
 158 -3.03832
 159 -3.1644
 160 -3.11869
 161 -3.16354
 162 -3.06208
 163 -3.012
 164 -3.57444
 165 -3.05075
 166 -3.21425
 167 -3.06512
 168 -3.16227
 169 -2.89033
 170 -2.9802
 171 -3.0753
 172 -3.11733
 173 -2.89631
 174 -2.96406
 175 -2.94934
 176 -2.63207
 177 -2.94176
 178 -3.08485
 179 -2.86741
 180 -2.94795
 181 -2.88238
 182 -2.59528
 183 -2.58653
 184 -2.53292
 185 -2.42153
 186 -2.50697
 187 -2.74043
 188 -2.48182
 189 -2.85705
