 1 -3.0089
 2 -4.31113
 3 -4.277
 4 -4.12911
 5 -4.24518
 6 -4.51732
 7 -4.75384
 8 -4.19122
 9 -3.52374
 10 -3.56351
 11 -3.99545
 12 -3.73649
 13 -3.94592
 14 -4.0792
 15 -3.73371
 16 -3.40456
 17 -3.98805
 18 -4.12408
 19 -3.63692
 20 -3.91151
 21 -4.07862
 22 -3.92807
 23 -3.57486
 24 -3.61013
 25 -3.51593
 26 -3.95274
 27 -3.91575
 28 -4.19522
 29 -3.68722
 30 -3.73261
 31 -3.71033
 32 -3.47932
 33 -4.00104
 34 -4.05955
 35 -3.82995
 36 -3.49569
 37 -3.55395
 38 -3.70221
 39 -3.48933
 40 -3.20266
 41 -3.51028
 42 -3.53956
 43 -3.62112
 44 -4.08867
 45 -3.88432
 46 -3.66048
 47 -3.43058
 48 -3.53911
 49 -3.72648
 50 -3.54517
 51 -3.19399
 52 -3.62798
 53 -3.96037
 54 -3.17002
 55 -3.62172
 56 -3.92535
 57 -3.36475
 58 -3.50942
 59 -3.53864
 60 -3.36897
 61 -2.85445
 62 -3.03636
 63 -2.89003
 64 -2.92336
 65 -3.28086
 66 -3.36721
 67 -3.41611
 68 -3.3732
 69 -3.26128
 70 -3.18104
 71 -3.35017
 72 -3.55969
 73 -3.48209
 74 -3.79118
 75 -3.34019
 76 -3.09629
 77 -3.27002
 78 -3.27035
 79 -3.1228
 80 -2.89571
 81 -2.82415
 82 -2.91385
 83 -2.9741
 84 -3.091
 85 -2.85525
 86 -3.04577
 87 -2.97726
 88 -2.74039
 89 -2.71829
 90 -2.84549
 91 -2.92627
 92 -2.99644
 93 -2.87793
 94 -3.16009
 95 -3.10053
 96 -2.77729
 97 -2.91025
 98 -2.96708
 99 -3.06152
 100 -3.02179
 101 -2.89706
 102 -2.8228
 103 -2.957
 104 -2.95482
 105 -3.16638
 106 -3.03549
 107 -3.24768
 108 -2.62888
 109 -2.97355
 110 -2.81568
 111 -2.72719
 112 -2.84586
 113 -2.68072
 114 -3.00128
 115 -3.42406
 116 -3.13114
 117 -2.88638
 118 -2.90523
 119 -2.99468
 120 -2.58649
 121 -2.83153
 122 -2.93615
 123 -3.06987
 124 -2.65487
 125 -2.96386
 126 -3.07856
 127 -3.83861
 128 -2.99794
 129 -2.98598
 130 -2.49371
 131 -2.97221
 132 -2.72358
 133 -2.88379
 134 -2.77749
 135 -2.53048
 136 -2.56604
 137 -2.8093
 138 -2.87879
 139 -2.82479
 140 -2.6631
 141 -2.62869
 142 -2.87519
 143 -3.53089
 144 -2.71283
 145 -2.81094
 146 -2.31977
 147 -2.32581
 148 -2.49071
 149 -2.54778
 150 -2.56611
 151 -2.43702
 152 -2.45402
