 1 -4.86504
 2 -4.95127
 3 -5.31883
 4 -5.39712
 5 -5.5025
 6 -5.39836
 7 -5.31658
 8 -4.97965
 9 -5.12067
 10 -4.74555
 11 -5.10209
 12 -5.18943
 13 -5.34884
 14 -5.53351
 15 -5.25608
 16 -5.07564
 17 -5.00688
 18 -4.83225
 19 -5.04055
 20 -4.94885
 21 -5.15838
 22 -4.94117
 23 -5.35097
 24 -4.93053
 25 -5.09296
 26 -5.1048
 27 -5.06183
 28 -4.74993
 29 -5.23547
 30 -5.13279
 31 -5.76161
 32 -5.06989
 33 -5.75667
 34 -5.50013
 35 -5.25414
 36 -5.05991
 37 -5.19805
 38 -5.32933
 39 -4.97345
 40 -4.98321
 41 -5.27138
 42 -5.2053
 43 -5.45705
 44 -5.25932
 45 -5.15763
 46 -5.64179
 47 -5.182
 48 -5.01381
 49 -4.85902
 50 -5.12887
 51 -5.21499
 52 -4.97414
 53 -5.29268
 54 -5.42022
 55 -5.26215
 56 -4.87087
 57 -4.85204
 58 -4.97864
 59 -5.02306
 60 -5.08824
 61 -5.36162
 62 -5.73308
 63 -5.85183
 64 -5.87873
 65 -5.23222
 66 -4.81246
 67 -4.91397
 68 -4.34808
 69 -3.9799
 70 -4.24825
 71 -4.68257
 72 -4.89414
 73 -4.83306
 74 -6.43347
 75 -5.68597
 76 -5.03892
 77 -4.79591
 78 -5.64519
 79 -5.12817
 80 -5.43165
 81 -5.95376
 82 -6.80576
 83 -6.0911
 84 -4.58107
 85 -4.9304
 86 -4.74639
 87 -6.34559
 88 -5.47208
 89 -4.68512
 90 -5.56055
 91 -6.93954
 92 -4.83948
 93 -4.6277
 94 -4.83233
 95 -5.62831
 96 -5.08401
 97 -5.3962
 98 -6.85992
 99 -5.55849
 100 -5.17432
 101 -4.95154
 102 -5.16276
 103 -6.01076
 104 -4.97683
 105 -6.09716
 106 -5.10735
 107 -6.37918
 108 -5.41599
 109 -5.31877
 110 -4.68574
 111 -6.02729
 112 -5.50088
 113 -4.812
 114 -5.08701
 115 -4.45832
 116 -5.24913
 117 -4.47694
 118 -5.31571
 119 -5.63476
 120 -4.93232
 121 -5.43198
 122 -4.24431
 123 -4.38013
 124 -4.31353
 125 -5.23756
 126 -5.61114
 127 -5.11723
 128 -4.54952
 129 -4.74331
 130 -4.63161
 131 -6.11873
 132 -5.08796
 133 -4.91417
 134 -4.91529
 135 -5.25918
 136 -5.19091
 137 -6.05303
 138 -5.64011
 139 -5.85581
 140 -5.888
 141 -5.07352
 142 -4.8381
 143 -5.68576
 144 -4.95966
 145 -5.50136
 146 -5.16258
 147 -5.1034
 148 -6.35401
 149 -5.40005
 150 -4.80073
 151 -4.6761
 152 -4.81819
 153 -4.44507
 154 -6.82764
 155 -5.12845
 156 -5.37329
 157 -5.41381
 158 -4.96772
 159 -4.91543
 160 -4.35445
 161 -6.1478
 162 -4.47767
 163 -5.00401
 164 -4.93769
 165 -5.22935
 166 -4.37138
 167 -4.88299
 168 -4.94358
 169 -5.52998
 170 -5.28761
 171 -4.95973
 172 -5.22277
 173 -5.0628
 174 -5.406
 175 -5.12055
 176 -5.33093
 177 -5.55767
 178 -6.14083
 179 -5.30059
 180 -6.19275
 181 -5.91289
 182 -4.94694
 183 -5.5605
 184 -4.86323
 185 -4.37356
 186 -4.2769
