 1 -5.20101
 2 -5.41737
 3 -5.62106
 4 -5.76668
 5 -5.59339
 6 -5.53787
 7 -4.58413
 8 -4.94005
 9 -5.62233
 10 -5.21588
 11 -5.08079
 12 -5.63565
 13 -5.11839
 14 -5.91774
 15 -5.24694
 16 -4.75409
 17 -4.31648
 18 -5.25798
 19 -5.05121
 20 -4.68943
 21 -5.50584
 22 -5.04481
 23 -4.74097
 24 -5.08481
 25 -5.70797
 26 -6.08497
 27 -4.2021
 28 -4.64679
 29 -5.4403
 30 -4.93522
 31 -5.0652
 32 -4.30851
 33 -4.05956
 34 -4.41352
 35 -4.28088
 36 -4.40349
 37 -4.38857
 38 -4.49952
 39 -4.18815
 40 -4.49037
 41 -4.45607
 42 -3.92656
 43 -3.66919
 44 -4.01876
 45 -3.98782
 46 -4.06338
 47 -3.88721
 48 -4.1914
 49 -4.1442
 50 -4.51094
 51 -4.28319
 52 -4.46257
 53 -4.30451
 54 -3.45924
 55 -4.19838
 56 -4.37275
 57 -4.16284
 58 -4.28918
 59 -4.29081
 60 -3.16919
 61 -4.51403
 62 -4.21027
 63 -5.34435
 64 -4.23472
 65 -4.45057
 66 -4.34241
 67 -4.56723
 68 -4.73108
 69 -4.58583
 70 -4.1966
 71 -4.45143
 72 -4.98018
 73 -3.98392
 74 -4.05662
 75 -4.42005
 76 -3.76657
 77 -3.8834
 78 -4.04664
 79 -4.62599
 80 -4.17047
 81 -3.98981
 82 -4.12636
 83 -3.98276
 84 -3.65784
 85 -4.52898
 86 -4.51062
 87 -4.09227
 88 -4.2718
 89 -4.34623
 90 -4.52768
 91 -4.33073
 92 -4.69232
 93 -4.278
 94 -4.34957
 95 -4.35969
 96 -4.58186
 97 -4.2819
 98 -4.48534
 99 -4.58771
 100 -5.00984
 101 -4.34879
 102 -4.35895
 103 -4.44071
 104 -4.30411
 105 -4.25321
 106 -4.55973
 107 -4.58708
 108 -4.17405
 109 -4.30546
 110 -4.05154
 111 -4.18066
 112 -4.30368
 113 -4.56519
 114 -4.31309
 115 -4.39889
 116 -4.9729
 117 -4.89154
 118 -4.54744
 119 -4.57762
 120 -4.39012
 121 -4.36079
 122 -4.35313
 123 -4.72158
 124 -4.31507
 125 -4.34651
 126 -4.3929
 127 -4.69449
 128 -4.50385
 129 -4.53355
 130 -4.5919
 131 -4.52843
 132 -4.29101
 133 -4.49931
 134 -4.46443
 135 -4.53398
 136 -4.30694
 137 -4.2515
 138 -4.23083
 139 -4.57991
 140 -4.46817
 141 -4.21089
 142 -4.70809
 143 -4.3119
 144 -4.57737
 145 -4.44905
 146 -4.57137
 147 -4.5522
 148 -4.44991
 149 -4.05964
 150 -4.21005
 151 -4.39567
 152 -4.40542
 153 -4.00428
 154 -3.89627
 155 -3.95374
 156 -3.79771
 157 -3.70008
 158 -3.32736
 159 -3.98797
