 1 -4.9469
 2 -3.86354
 3 -3.87232
 4 -4.73939
 5 -4.30799
 6 -4.25941
 7 -3.78438
 8 -4.33314
 9 -3.18485
 10 -4.80514
 11 -4.24017
 12 -4.2588
 13 -4.45244
 14 -3.84422
 15 -4.0578
 16 -5.22385
 17 -3.90451
 18 -5.20046
 19 -3.61493
 20 -4.87637
 21 -3.81548
 22 -5.33926
 23 -4.01759
 24 -4.55595
 25 -4.23389
 26 -5.04706
 27 -3.97547
 28 -3.44281
 29 -4.37714
 30 -3.78046
 31 -3.86653
 32 -4.06254
 33 -4.01449
 34 -3.5977
 35 -4.22002
 36 -3.97965
 37 -3.22743
 38 -4.15418
 39 -3.98924
 40 -3.35799
 41 -3.8872
 42 -3.97955
 43 -2.93364
 44 -3.06507
 45 -4.17492
 46 -3.45918
 47 -4.06114
 48 -3.98788
 49 -3.533
 50 -3.47766
 51 -4.23689
 52 -3.48473
 53 -3.83666
 54 -3.18416
 55 -3.03572
 56 -3.74929
 57 -3.37001
 58 -2.87176
 59 -3.10925
 60 -4.09789
 61 -3.09012
 62 -3.47368
 63 -2.98174
 64 -2.877
 65 -3.24931
 66 -3.30378
 67 -3.03334
 68 -3.08589
 69 -2.92626
 70 -2.56896
 71 -2.82203
 72 -3.14434
 73 -2.99768
 74 -2.93825
 75 -2.87984
 76 -3.13006
 77 -3.43664
 78 -3.31779
 79 -3.47604
 80 -3.83837
 81 -3.53735
 82 -3.17896
 83 -2.94473
 84 -3.34868
 85 -3.12314
 86 -2.80823
 87 -3.22053
 88 -2.62216
 89 -2.96456
 90 -3.28952
 91 -3.00374
 92 -2.73033
 93 -2.55302
 94 -3.49991
 95 -3.5692
 96 -3.43288
 97 -3.93679
 98 -3.51428
 99 -3.48306
 100 -2.93971
 101 -3.25543
 102 -3.45379
 103 -3.5759
 104 -2.76846
 105 -3.9456
 106 -3.1849
 107 -2.91998
 108 -3.02933
 109 -3.81423
 110 -2.52332
 111 -3.01948
 112 -4.17174
 113 -2.58437
 114 -2.70578
 115 -3.81547
 116 -2.29584
 117 -2.11044
 118 -3.03236
 119 -4.7793
 120 -2.43594
 121 -3.03769
 122 -3.61438
 123 -2.66856
 124 -2.74774
 125 -4.47666
 126 -2.58164
 127 -2.5897
 128 -6.03398
 129 -2.72112
 130 -3.08843
 131 -3.87003
 132 -2.42094
 133 -2.23359
 134 -3.95767
 135 -2.36527
 136 -3.03162
 137 -2.95389
 138 -2.82263
 139 -2.90848
 140 -3.71811
 141 -2.18278
 142 -3.26929
 143 -3.87777
 144 -2.52673
 145 -3.64924
 146 -3.90592
 147 -2.72197
 148 -3.8661
 149 -2.60321
 150 -2.63454
 151 -2.63528
 152 -3.40268
 153 -2.2545
 154 -2.66662
 155 -3.34618
 156 -2.4484
 157 -3.33976
