 1 -5.14909
 2 -5.81254
 3 -5.53412
 4 -5.34731
 5 -8.86108
 6 -7.53903
 7 -6.469
 8 -7.7989
 9 -6.50292
 10 -5.82422
 11 -6.24602
 12 -7.07287
 13 -5.15498
 14 -6.34114
 15 -6.66566
 16 -8.21036
 17 -5.48254
 18 -5.4604
 19 -4.70153
 20 -7.16842
 21 -6.69043
 22 -6.03764
 23 -5.88206
 24 -6.77689
 25 -5.23328
 26 -5.23553
 27 -4.80785
 28 -5.93085
 29 -5.41382
 30 -5.73404
 31 -5.20545
 32 -4.89285
 33 -4.64519
 34 -4.46597
 35 -4.09218
 36 -4.81881
 37 -4.34738
 38 -5.16826
 39 -4.33712
 40 -5.6715
 41 -4.26493
 42 -4.01365
 43 -5.60354
 44 -4.97347
 45 -4.60967
 46 -3.14519
 47 -3.60108
 48 -3.73449
 49 -3.9906
 50 -3.69443
 51 -3.30306
 52 -4.19373
 53 -4.37138
 54 -4.00302
 55 -3.84604
 56 -4.04866
 57 -3.84551
 58 -2.82149
 59 -3.31832
 60 -3.2805
 61 -3.08508
 62 -3.63121
 63 -4.39754
 64 -3.08852
 65 -3.61826
 66 -3.84322
 67 -2.73838
 68 -3.76904
 69 -2.98502
 70 -4.04196
 71 -3.16349
 72 -4.79053
 73 -3.38926
 74 -3.4716
 75 -3.10005
 76 -3.74035
 77 -3.43871
 78 -3.36314
 79 -3.13688
 80 -2.9436
 81 -3.92344
 82 -2.60757
 83 -2.70766
 84 -2.35696
 85 -2.6134
 86 -2.39928
 87 -3.04472
 88 -3.12998
 89 -3.25742
 90 -2.59447
 91 -3.31275
 92 -2.69663
 93 -2.77533
 94 -3.44714
 95 -4.55682
 96 -3.11266
 97 -3.27256
 98 -2.04742
 99 -2.55511
 100 -2.73975
 101 -3.15047
 102 -2.58409
 103 -3.71178
 104 -2.78656
 105 -3.19989
 106 -3.09948
 107 -4.44205
 108 -7.18997
 109 -4.04336
 110 -4.22336
 111 -4.52202
 112 -4.82528
 113 -2.81919
 114 -2.98232
 115 -3.73838
 116 -3.72165
 117 -4.51373
