 1 -4.03599
 2 -3.93474
 3 -3.7346
 4 -3.75419
 5 -4.28504
 6 -4.26274
 7 -4.03289
 8 -3.57992
 9 -4.23208
 10 -4.14616
 11 -4.15593
 12 -3.352
 13 -4.04523
 14 -4.11537
 15 -4.06228
 16 -3.50489
 17 -3.67089
 18 -4.08091
 19 -4.26331
 20 -3.47956
 21 -3.84592
 22 -3.81756
 23 -3.93856
 24 -3.32946
 25 -3.76001
 26 -3.67457
 27 -4.10759
 28 -4.19562
 29 -3.16376
 30 -3.50801
 31 -3.76872
 32 -3.25912
 33 -3.01822
 34 -3.66356
 35 -3.84784
 36 -3.68148
 37 -3.46903
 38 -3.57506
 39 -4.06961
 40 -3.38957
 41 -3.67159
 42 -4.16963
 43 -3.8884
 44 -3.32909
 45 -3.6266
 46 -3.85343
 47 -4.13137
 48 -3.86447
 49 -3.68752
 50 -3.82765
 51 -3.78617
 52 -3.9614
 53 -3.6314
 54 -3.73002
 55 -4.31734
 56 -4.51012
 57 -3.81846
 58 -3.79453
 59 -4.22856
 60 -4.54187
 61 -3.90551
 62 -4.16875
 63 -4.34788
 64 -4.02728
 65 -3.66454
 66 -3.92286
 67 -4.00012
 68 -3.76012
 69 -3.89027
 70 -3.84237
 71 -3.94621
 72 -4.11477
 73 -3.69407
 74 -3.66193
 75 -3.87914
 76 -3.90781
 77 -3.75819
 78 -3.69353
 79 -3.61668
 80 -3.84719
 81 -3.54684
 82 -3.4323
 83 -3.85693
 84 -4.22363
 85 -3.29572
 86 -3.27504
 87 -3.50046
 88 -3.78243
 89 -3.58884
 90 -3.47316
 91 -3.658
 92 -3.96715
 93 -3.11003
 94 -3.519
 95 -3.78555
 96 -3.86912
 97 -3.48874
 98 -3.05191
 99 -3.61028
 100 -3.94998
 101 -3.35775
 102 -3.41903
 103 -3.85365
 104 -3.88516
 105 -3.2239
 106 -3.65466
 107 -3.77675
 108 -3.75175
 109 -3.61838
 110 -3.57086
 111 -3.52125
 112 -3.63606
 113 -3.41999
 114 -3.33278
 115 -3.65988
 116 -3.37763
 117 -3.86032
 118 -3.75523
 119 -3.92654
 120 -3.84599
 121 -2.96414
 122 -3.30945
 123 -3.61321
 124 -3.86606
 125 -2.20309
 126 -3.22514
 127 -3.62286
 128 -3.39547
 129 -3.04592
 130 -3.44114
 131 -3.41591
 132 -3.23182
 133 -3.04792
 134 -3.18764
 135 -3.79819
 136 -3.58286
 137 -3.1302
 138 -3.40622
 139 -3.8002
 140 -3.8525
 141 -3.55517
 142 -3.39671
 143 -3.61431
 144 -3.24134
 145 -3.33869
 146 -2.84659
 147 -3.0968
 148 -2.48739
 149 -2.61992
 150 -3.18371
 151 -3.16057
 152 -2.91733
 153 -2.95332
 154 -3.04676
 155 -3.32853
 156 -3.1529
 157 -3.04887
 158 -2.98092
 159 -3.58464
 160 -3.6904
 161 -3.28961
 162 -3.29628
 163 -3.52485
 164 -3.44265
 165 -2.77247
 166 -3.04768
 167 -3.53024
 168 -3.44857
 169 -2.71512
 170 -2.9309
 171 -3.51983
 172 -3.02669
 173 -2.26699
 174 -2.67755
 175 -3.3317
 176 -2.36385
 177 -2.6427
 178 -2.92314
 179 -3.40664
 180 -3.22068
 181 -2.66232
 182 -2.72718
 183 -3.14385
 184 -3.51107
 185 -2.88857
 186 -2.78459
 187 -3.25129
 188 -2.97504
 189 -3.24719
 190 -3.53806
 191 -3.34827
 192 -3.63007
 193 -3.26701
 194 -2.66632
 195 -3.30716
 196 -3.85618
 197 -3.38122
 198 -3.50332
 199 -3.26058
 200 -2.52232
