 1 -4.89015
 2 -9.0724
 3 -8.13541
 4 -7.48741
 5 -6.03431
 6 -5.30776
 7 -5.96505
 8 -5.13808
 9 -6.39133
 10 -5.61722
 11 -6.22706
 12 -6.3716
 13 -6.03573
 14 -6.99025
 15 -5.62559
 16 -6.69511
 17 -5.6025
 18 -6.82724
 19 -5.94614
 20 -6.01887
 21 -6.04716
 22 -5.35038
 23 -5.85877
 24 -6.04446
 25 -5.39973
 26 -7.29169
 27 -4.7679
 28 -6.69643
 29 -5.45712
 30 -5.16563
 31 -6.50403
 32 -4.74103
 33 -4.94981
 34 -3.71671
 35 -5.79931
 36 -8.91403
 37 -9.10469
 38 -8.97068
 39 -7.0783
 40 -8.51197
 41 -8.1436
 42 -10.3703
 43 -9.75819
 44 -8.71525
 45 -9.46161
 46 -9.05255
 47 -8.91985
 48 -9.16224
 49 -8.45523
 50 -7.34952
 51 -8.46811
 52 -7.54519
 53 -5.72207
 54 -5.72888
 55 -9.62638
 56 -5.84043
 57 -5.57828
 58 -4.79249
 59 -4.36549
 60 -5.43614
 61 -5.90842
 62 -7.04022
 63 -10.4353
 64 -8.45092
 65 -6.91924
 66 -7.63305
 67 -6.17457
 68 -7.905
 69 -6.14981
 70 -5.87048
 71 -9.0551
 72 -7.4677
 73 -7.16636
 74 -6.75521
 75 -7.82138
 76 -8.19453
 77 -9.98421
 78 -8.65991
 79 -7.78464
 80 -10.3221
 81 -7.94317
 82 -7.20032
 83 -10.209
 84 -9.42154
 85 -8.42605
 86 -10.6293
 87 -11.1909
 88 -9.39933
 89 -11.1698
 90 -8.93749
 91 -11.8036
 92 -9.91554
 93 -7.69798
 94 -10.7296
 95 -7.45256
 96 -11.5636
 97 -11.3819
 98 -6.6519
 99 -11.4426
 100 -7.41504
 101 -11.5034
 102 -8.03926
 103 -6.56918
 104 -10.4764
 105 -8.04118
 106 -8.15389
 107 -7.82452
 108 -4.76434
 109 -11.1889
 110 -10.567
 111 -5.46534
 112 -7.73066
 113 -4.52286
 114 -6.25843
 115 -7.91063
 116 -8.41176
 117 -6.813
 118 -5.73829
