 1 -3.55746
 2 -3.55746
 3 -3.55746
 4 -3.55746
 5 -3.55746
 6 -3.55746
 7 -3.55746
 8 -3.55746
 9 -3.55746
 10 -3.55746
 11 -3.55746
 12 -3.55746
 13 -3.55746
 14 -3.55746
 15 -3.55746
 16 -3.55746
 17 -3.55746
 18 -3.55746
 19 -3.55746
 20 -3.55746
 21 -3.55746
 22 -3.55746
 23 -3.55746
 24 -3.55746
 25 -3.55746
 26 -3.55746
 27 -3.55746
 28 -3.55746
 29 -3.55746
 30 -3.55746
 31 -3.55746
 32 -3.55746
 33 -3.55746
 34 -3.55746
 35 -3.55746
 36 -3.55746
 37 -3.55746
 38 -3.55746
 39 -3.55746
 40 -3.55746
 41 -3.55746
 42 -3.55746
 43 -3.55746
 44 -3.55746
 45 -3.55746
 46 -3.55746
 47 -3.55746
 48 -3.55746
 49 -3.55746
 50 -3.55746
 51 -3.55746
 52 -3.55746
 53 -3.55746
 54 -3.55746
 55 -3.55746
 56 -3.55746
 57 -3.55746
 58 -3.55746
 59 -3.55746
 60 -3.55746
 61 -3.55746
 62 -3.55746
 63 -3.55746
 64 -3.55746
 65 -3.55746
 66 -3.55746
 67 -3.55746
 68 -3.55746
 69 -3.55746
 70 -3.55746
 71 -3.55746
 72 -3.55746
 73 -3.55746
 74 -3.55746
 75 -3.55746
 76 -3.55746
 77 -3.55746
 78 -3.55746
 79 -3.55746
 80 -3.55746
 81 -3.55746
 82 -3.55746
 83 -3.55746
 84 -3.55746
 85 -3.55746
 86 -3.55746
 87 -3.55746
 88 -3.55746
 89 -3.55746
 90 -3.55746
 91 -3.55746
 92 -3.55746
 93 -3.55746
 94 -3.55746
 95 -3.55746
 96 -3.55746
 97 -3.55746
 98 -3.55746
 99 -3.55746
 100 -3.55746
 101 -3.55746
 102 -3.55746
 103 -3.55746
 104 -3.55746
 105 -3.55746
 106 -3.55746
 107 -3.55746
 108 -3.55746
 109 -3.55746
 110 -3.55746
 111 -3.55746
 112 -3.55746
 113 -3.55746
 114 -3.55746
 115 -3.55746
 116 -3.55746
 117 -3.55746
 118 -3.55746
 119 -3.55746
 120 -3.55746
 121 -3.55746
 122 -3.55746
 123 -3.55746
 124 -3.55746
 125 -3.55746
 126 -3.55746
 127 -3.55746
 128 -3.55746
 129 -3.55746
 130 -3.55746
 131 -3.55746
 132 -3.55746
 133 -3.55746
 134 -3.55746
 135 -3.55746
 136 -3.55746
 137 -3.55746
 138 -3.55746
 139 -3.55746
 140 -3.55746
 141 -3.55746
 142 -3.55746
 143 -3.55746
 144 -3.55746
 145 -3.55746
 146 -3.55746
 147 -3.55746
 148 -3.55746
 149 -3.55746
 150 -3.55746
 151 -3.55746
 152 -3.55746
 153 -3.55746
 154 -3.55746
 155 -3.55746
 156 -3.55746
 157 -3.55746
 158 -3.55746
 159 -3.55746
 160 -3.55746
 161 -3.55746
 162 -3.55746
 163 -3.55746
 164 -3.55746
 165 -3.55746
 166 -3.55746
 167 -3.55746
 168 -3.55746
 169 -3.55746
 170 -3.55746
 171 -3.55746
 172 -3.55746
 173 -3.55746
 174 -3.55746
 175 -3.55746
 176 -3.55746
 177 -3.55746
 178 -3.55746
 179 -3.55746
 180 -3.55746
 181 -3.55746
 182 -3.55746
 183 -3.55746
 184 -3.55746
 185 -3.55746
 186 -3.55746
 187 -3.55746
 188 -3.55746
 189 -3.55746
 190 -3.55746
 191 -3.55746
 192 -3.55746
 193 -3.55746
 194 -3.55746
 195 -3.55746
 196 -3.55746
 197 -3.55746
 198 -3.55746
 199 -3.55746
 200 -3.55746
