 1 -4.92354
 2 -4.92354
 3 -4.92354
 4 -4.92354
 5 -4.92354
 6 -4.92354
 7 -4.92354
 8 -4.92354
 9 -4.92354
 10 -4.92354
 11 -4.92354
 12 -4.92354
 13 -4.92354
 14 -4.92354
 15 -4.92354
 16 -4.92354
 17 -4.92354
 18 -4.92354
 19 -4.92354
 20 -4.92354
 21 -4.92354
 22 -4.92354
 23 -4.92354
 24 -4.92354
 25 -4.92354
 26 -4.92354
 27 -4.92354
 28 -4.92354
 29 -4.92354
 30 -4.92354
 31 -4.92354
 32 -4.92354
 33 -4.92354
 34 -4.92354
 35 -4.92354
 36 -4.92354
 37 -4.92354
 38 -4.92354
 39 -4.92354
 40 -4.92354
 41 -4.92354
 42 -4.92354
 43 -4.92354
 44 -4.92354
 45 -4.92354
 46 -4.92354
 47 -4.92354
 48 -4.92354
 49 -4.92354
 50 -4.92354
 51 -4.92354
 52 -4.92354
 53 -4.92354
 54 -4.92354
 55 -4.92354
 56 -4.92354
 57 -4.92354
 58 -4.92354
 59 -4.92354
 60 -4.92354
 61 -4.92354
 62 -4.92354
 63 -4.92354
 64 -4.92354
 65 -4.92354
 66 -4.92354
 67 -4.92354
 68 -4.92354
 69 -4.92354
 70 -4.92354
 71 -4.92354
 72 -4.92354
 73 -4.92354
 74 -4.92354
 75 -4.92354
 76 -4.92354
 77 -4.92354
 78 -4.92354
 79 -4.92354
 80 -4.92354
 81 -4.92354
 82 -4.92354
 83 -4.92354
 84 -4.92354
