 1 -5.61326
 2 -5.65459
 3 -5.73018
 4 -5.74788
 5 -5.87794
 6 -6.04188
 7 -6.05666
 8 -6.10123
 9 -6.11618
 10 -6.16139
 11 -6.20722
 12 -6.22265
 13 -6.23816
 14 -6.25374
 15 -6.28515
 16 -6.30096
 17 -6.34887
 18 -6.36499
 19 -6.41374
 20 -6.68123
 21 -6.73213
 22 -6.76608
 23 -6.85094
 24 -6.88482
 25 -6.90174
 26 -6.93554
 27 -6.96927
 28 -6.98612
 29 -7.01974
 30 -7.03652
 31 -7.05329
 32 -7.08676
 33 -7.10347
 34 -7.12015
 35 -7.15348
 36 -7.17012
 37 -7.20335
 38 -7.21994
 39 -7.23652
 40 -7.25309
 41 -7.2862
 42 -7.30275
 43 -7.31929
 44 -7.35235
 45 -7.38542
 46 -7.40195
 47 -7.41849
 48 -7.43503
 49 -7.45158
 50 -7.46814
 51 -7.50129
 52 -7.51788
 53 -7.55111
 54 -7.56775
 55 -7.58441
 56 -7.60109
 57 -7.61779
 58 -7.63451
 59 -7.65125
 60 -7.66801
 61 -7.6848
 62 -7.70161
 63 -7.71844
 64 -7.7353
 65 -7.75218
 66 -7.76909
 67 -7.78601
 68 -7.80297
 69 -7.81994
 70 -7.83693
 71 -7.85395
 72 -7.87098
 73 -7.88803
 74 -7.90509
 75 -7.92217
 76 -7.93926
 77 -7.95636
 78 -7.97346
 79 -7.99057
 80 -8.00767
 81 -8.02478
 82 -8.04188
 83 -8.07604
 84 -8.0931
 85 -8.11013
 86 -8.12714
 87 -8.14411
 88 -8.16105
 89 -8.17794
 90 -8.19479
 91 -8.21158
 92 -8.22832
 93 -8.24498
 94 -8.26158
 95 -8.29453
 96 -8.31088
 97 -8.34326
 98 -8.35928
 99 -8.37519
 100 -8.39096
 101 -8.40661
 102 -8.42211
 103 -8.43746
 104 -8.45265
 105 -8.46767
 106 -8.48252
 107 -8.49719
 108 -8.51167
 109 -8.52595
 110 -8.54003
 111 -8.55389
 112 -8.58095
 113 -8.59414
 114 -8.60708
 115 -8.63221
 116 -8.64438
 117 -8.65629
 118 -8.69036
