 1 -4.11101
 2 -4.11101
 3 -4.11101
 4 -4.11101
 5 -4.11101
 6 -4.11101
 7 -4.11101
 8 -4.11101
 9 -4.11101
 10 -4.11101
 11 -4.11101
 12 -4.11101
 13 -4.11101
 14 -4.11101
 15 -4.11101
 16 -4.11101
 17 -4.11101
 18 -4.11101
 19 -4.11101
 20 -4.11101
 21 -4.11101
 22 -4.11101
 23 -4.11101
 24 -4.11101
 25 -4.11101
 26 -4.11101
 27 -4.11101
 28 -4.11101
 29 -4.11101
 30 -4.11101
 31 -4.11101
 32 -4.11101
 33 -4.11101
 34 -4.11101
 35 -4.11101
 36 -4.11101
 37 -4.11101
 38 -4.11101
 39 -4.11101
 40 -4.11101
 41 -4.11101
 42 -4.11101
 43 -4.11101
 44 -4.11101
 45 -4.11101
 46 -4.11101
 47 -4.11101
 48 -4.11101
 49 -4.11101
 50 -4.11101
 51 -4.11101
 52 -4.11101
 53 -4.11101
 54 -4.11101
 55 -4.11101
 56 -4.11101
 57 -4.11101
 58 -4.11101
 59 -4.11101
 60 -4.11101
 61 -4.11101
 62 -4.11101
 63 -4.11101
 64 -4.11101
 65 -4.11101
 66 -4.11101
 67 -4.11101
 68 -4.11101
 69 -4.11101
 70 -4.11101
 71 -4.11101
 72 -4.11101
 73 -4.11101
 74 -4.11101
 75 -4.11101
 76 -4.11101
 77 -4.11101
 78 -4.11101
 79 -4.11101
 80 -4.11101
 81 -4.11101
 82 -4.11101
 83 -4.11101
 84 -4.11101
 85 -4.11101
 86 -4.11101
 87 -4.11101
