 1 -2.89558
 2 -2.89558
 3 -2.89558
 4 -2.89558
 5 -2.89558
 6 -2.89558
 7 -2.89558
 8 -2.89558
 9 -2.89558
 10 -2.89558
 11 -2.89558
 12 -2.89558
 13 -2.89558
 14 -2.89558
 15 -2.89558
 16 -2.89558
 17 -2.89558
 18 -2.89558
 19 -2.89558
 20 -2.89558
 21 -2.89558
 22 -2.89558
 23 -2.89558
 24 -2.89558
 25 -2.89558
 26 -2.89558
 27 -2.89558
 28 -2.89558
 29 -2.89558
 30 -2.89558
 31 -2.89558
 32 -2.89558
 33 -2.89558
 34 -2.89558
 35 -2.89558
 36 -2.89558
 37 -2.89558
 38 -2.89558
 39 -2.89558
 40 -2.89558
 41 -2.89558
 42 -2.89558
 43 -2.89558
 44 -2.89558
 45 -2.89558
 46 -2.89558
 47 -2.89558
 48 -2.89558
 49 -2.89558
 50 -2.89558
 51 -2.89558
 52 -2.89558
 53 -2.89558
 54 -2.89558
 55 -2.89558
 56 -2.89558
 57 -2.89558
 58 -2.89558
 59 -2.89558
 60 -2.89558
 61 -2.89558
 62 -2.89558
 63 -2.89558
 64 -2.89558
 65 -2.89558
 66 -2.89558
 67 -2.89558
 68 -2.89558
