 1 -4.6471
 2 -4.74879
 3 -4.78913
 4 -4.82319
 5 -4.85148
 6 -4.87448
 7 -4.89263
 8 -4.90637
 9 -4.91609
 10 -4.92217
 11 -4.92498
 12 -4.92483
 13 -4.92205
 14 -4.91692
 15 -4.90972
 16 -4.89009
 17 -4.87812
 18 -4.865
 19 -4.8509
 20 -4.836
 21 -4.82045
 22 -4.80442
 23 -4.78802
 24 -4.75462
 25 -4.73782
 26 -4.72107
 27 -4.70446
 28 -4.67192
 29 -4.64066
 30 -4.62561
 31 -4.611
 32 -4.59686
 33 -4.5832
 34 -4.57003
 35 -4.55738
 36 -4.54524
 37 -4.53361
 38 -4.5225
 39 -4.5119
 40 -4.50179
 41 -4.49217
 42 -4.48303
 43 -4.47434
 44 -4.46609
 45 -4.45826
 46 -4.44376
 47 -4.43067
 48 -4.41879
 49 -4.41324
 50 -4.40791
 51 -4.40279
 52 -4.39784
 53 -4.39304
 54 -4.38837
 55 -4.3838
 56 -4.37932
 57 -4.37489
 58 -4.36612
 59 -4.36174
 60 -4.35735
 61 -4.34843
 62 -4.34388
 63 -4.33924
 64 -4.33452
 65 -4.31451
 66 -4.30375
 67 -4.27439
 68 -4.25513
 69 -4.24846
 70 -4.24167
 71 -4.23477
 72 -4.22777
 73 -4.22068
 74 -4.21351
 75 -4.20625
 76 -4.19894
 77 -4.18415
 78 -4.16923
 79 -4.16174
 80 -4.15425
 81 -4.14677
 82 -4.1393
 83 -4.13187
 84 -4.12446
 85 -4.11711
 86 -4.1098
 87 -4.10256
 88 -4.09538
 89 -4.08828
 90 -4.08126
 91 -4.07432
 92 -4.06747
 93 -4.0607
 94 -4.05403
 95 -4.04744
 96 -4.04094
 97 -4.03453
 98 -4.0282
 99 -4.02195
 100 -4.01576
 101 -4.00964
 102 -4.00357
 103 -3.99754
 104 -3.99154
 105 -3.98555
 106 -3.97957
 107 -3.97356
 108 -3.96752
 109 -3.96142
 110 -3.95525
 111 -3.94898
 112 -3.94258
 113 -3.93603
 114 -3.9293
 115 -3.92237
 116 -3.91521
 117 -3.90778
 118 -3.90006
 119 -3.89202
 120 -3.88361
 121 -3.87482
 122 -3.86559
 123 -3.85591
 124 -3.84574
 125 -3.83503
 126 -3.82377
 127 -3.81191
 128 -3.79941
 129 -3.78626
 130 -3.77241
 131 -3.75784
 132 -3.74252
 133 -3.72641
 134 -3.7095
 135 -3.69176
 136 -3.67317
 137 -3.65371
 138 -3.63337
 139 -3.61213
 140 -3.59
 141 -3.56695
