 1 -6.5286
 2 -6.48955
 3 -6.47901
 4 -6.45333
 5 -6.44645
 6 -6.43471
 7 -6.42971
 8 -6.42518
 9 -6.42109
 10 -6.41735
 11 -6.41393
 12 -6.41077
 13 -6.40505
 14 -6.40242
 15 -6.39989
 16 -6.39743
 17 -6.395
 18 -6.3926
 19 -6.39018
 20 -6.38773
 21 -6.38524
 22 -6.38268
 23 -6.38005
 24 -6.37733
 25 -6.37451
 26 -6.37158
 27 -6.36855
 28 -6.3654
 29 -6.36213
 30 -6.35874
 31 -6.35523
 32 -6.3516
 33 -6.34786
 34 -6.34401
 35 -6.34004
 36 -6.33598
 37 -6.33182
 38 -6.32756
 39 -6.32323
 40 -6.31882
 41 -6.31434
 42 -6.3098
 43 -6.30521
 44 -6.29593
 45 -6.29125
 46 -6.28656
 47 -6.28187
 48 -6.27719
 49 -6.27252
 50 -6.26788
 51 -6.26328
 52 -6.25872
 53 -6.25422
 54 -6.24979
 55 -6.24543
 56 -6.24115
 57 -6.23695
 58 -6.23286
 59 -6.22887
 60 -6.22498
 61 -6.22122
 62 -6.21758
 63 -6.21407
 64 -6.21069
 65 -6.20744
 66 -6.20434
 67 -6.20139
 68 -6.19858
 69 -6.19592
 70 -6.19341
 71 -6.19106
 72 -6.18886
 73 -6.18682
 74 -6.18493
 75 -6.1832
 76 -6.18161
 77 -6.18018
 78 -6.17889
 79 -6.17775
 80 -6.17675
 81 -6.17588
 82 -6.17515
 83 -6.17455
 84 -6.17407
 85 -6.17371
 86 -6.17346
 87 -6.17332
 88 -6.17327
 89 -6.17332
 90 -6.17345
 91 -6.17365
 92 -6.17392
 93 -6.17425
 94 -6.17463
 95 -6.17506
 96 -6.17551
 97 -6.17599
 98 -6.17648
 99 -6.17698
 100 -6.17747
 101 -6.17881
 102 -6.1795
 103 -6.17976
 104 -6.17994
 105 -6.18004
 106 -6.18005
 107 -6.17995
 108 -6.17975
 109 -6.17942
 110 -6.17897
 111 -6.17839
 112 -6.17766
 113 -6.17678
 114 -6.17574
 115 -6.17453
 116 -6.17316
 117 -6.1716
 118 -6.16987
 119 -6.16794
 120 -6.16583
 121 -6.16351
 122 -6.161
 123 -6.15828
 124 -6.15536
 125 -6.15224
 126 -6.1489
 127 -6.14536
 128 -6.14161
 129 -6.13765
 130 -6.13349
 131 -6.12912
 132 -6.12456
 133 -6.1198
 134 -6.11485
 135 -6.10972
 136 -6.1044
 137 -6.09892
 138 -6.09327
 139 -6.08746
 140 -6.08151
 141 -6.05646
 142 -6.04337
 143 -6.03673
 144 -6.03004
 145 -6.01662
 146 -6.00992
 147 -6.00324
 148 -5.99006
 149 -5.97724
 150 -5.95339
 151 -5.93321
 152 -5.91834
 153 -5.91168
 154 -5.91047
 155 -5.9098
 156 -5.9097
 157 -5.9102
 158 -5.91133
 159 -5.91557
 160 -5.91873
 161 -5.92261
 162 -5.92725
 163 -5.93266
 164 -5.94588
 165 -5.96245
 166 -5.97203
 167 -5.98251
 168 -5.99388
