 1 -4.18596
 2 -4.18596
 3 -4.18596
 4 -4.18596
 5 -4.18596
 6 -4.18596
 7 -4.18596
 8 -4.18596
 9 -4.18596
 10 -4.18596
 11 -4.18596
 12 -4.18596
 13 -4.18596
 14 -4.18596
 15 -4.18596
 16 -4.18596
 17 -4.18596
 18 -4.18596
 19 -4.18596
 20 -4.18596
 21 -4.18596
 22 -4.18596
 23 -4.18596
 24 -4.18596
 25 -4.18596
 26 -4.18596
 27 -4.18596
 28 -4.18596
 29 -4.18596
 30 -4.18596
 31 -4.18596
 32 -4.18596
 33 -4.18596
 34 -4.18596
 35 -4.18596
 36 -4.18596
 37 -4.18596
 38 -4.18596
 39 -4.18596
 40 -4.18596
 41 -4.18596
 42 -4.18596
 43 -4.18596
 44 -4.18596
 45 -4.18596
 46 -4.18596
 47 -4.18596
 48 -4.18596
 49 -4.18596
 50 -4.18596
 51 -4.18596
 52 -4.18596
 53 -4.18596
 54 -4.18596
 55 -4.18596
 56 -4.18596
 57 -4.18596
 58 -4.18596
 59 -4.18596
 60 -4.18596
 61 -4.18596
 62 -4.18596
 63 -4.18596
 64 -4.18596
 65 -4.18596
 66 -4.18596
 67 -4.18596
 68 -4.18596
 69 -4.18596
 70 -4.18596
 71 -4.18596
 72 -4.18596
 73 -4.18596
 74 -4.18596
 75 -4.18596
 76 -4.18596
 77 -4.18596
 78 -4.18596
 79 -4.18596
 80 -4.18596
 81 -4.18596
 82 -4.18596
 83 -4.18596
 84 -4.18596
 85 -4.18596
 86 -4.18596
 87 -4.18596
 88 -4.18596
 89 -4.18596
 90 -4.18596
 91 -4.18596
 92 -4.18596
 93 -4.18596
 94 -4.18596
 95 -4.18596
 96 -4.18596
 97 -4.18596
 98 -4.18596
 99 -4.18596
 100 -4.18596
 101 -4.18596
 102 -4.18596
 103 -4.18596
 104 -4.18596
 105 -4.18596
 106 -4.18596
 107 -4.18596
 108 -4.18596
 109 -4.18596
 110 -4.18596
 111 -4.18596
 112 -4.18596
 113 -4.18596
 114 -4.18596
 115 -4.18596
 116 -4.18596
 117 -4.18596
