 1 -3.42196
 2 -3.42196
 3 -3.42196
 4 -3.42196
 5 -3.42196
 6 -3.42196
 7 -3.42196
 8 -3.42196
 9 -3.42196
 10 -3.42196
 11 -3.42196
 12 -3.42196
 13 -3.42196
 14 -3.42196
 15 -3.42196
 16 -3.42196
 17 -3.42196
 18 -3.42196
 19 -3.42196
 20 -3.42196
 21 -3.42196
 22 -3.42196
 23 -3.42196
 24 -3.42196
 25 -3.42196
 26 -3.42196
 27 -3.42196
 28 -3.42196
 29 -3.42196
 30 -3.42196
 31 -3.42196
 32 -3.42196
 33 -3.42196
 34 -3.42196
 35 -3.42196
 36 -3.42196
 37 -3.42196
 38 -3.42196
 39 -3.42196
 40 -3.42196
 41 -3.42196
 42 -3.42196
 43 -3.42196
 44 -3.42196
 45 -3.42196
 46 -3.42196
 47 -3.42196
 48 -3.42196
 49 -3.42196
 50 -3.42196
 51 -3.42196
 52 -3.42196
 53 -3.42196
 54 -3.42196
 55 -3.42196
 56 -3.42196
 57 -3.42196
 58 -3.42196
 59 -3.42196
 60 -3.42196
 61 -3.42196
 62 -3.42196
 63 -3.42196
 64 -3.42196
 65 -3.42196
 66 -3.42196
 67 -3.42196
 68 -3.42196
 69 -3.42196
 70 -3.42196
 71 -3.42196
 72 -3.42196
 73 -3.42196
 74 -3.42196
 75 -3.42196
 76 -3.42196
 77 -3.42196
 78 -3.42196
 79 -3.42196
 80 -3.42196
 81 -3.42196
 82 -3.42196
 83 -3.42196
 84 -3.42196
 85 -3.42196
 86 -3.42196
 87 -3.42196
 88 -3.42196
 89 -3.42196
 90 -3.42196
 91 -3.42196
 92 -3.42196
 93 -3.42196
 94 -3.42196
 95 -3.42196
 96 -3.42196
 97 -3.42196
 98 -3.42196
 99 -3.42196
 100 -3.42196
 101 -3.42196
 102 -3.42196
 103 -3.42196
 104 -3.42196
 105 -3.42196
 106 -3.42196
 107 -3.42196
 108 -3.42196
 109 -3.42196
 110 -3.42196
 111 -3.42196
 112 -3.42196
 113 -3.42196
 114 -3.42196
 115 -3.42196
 116 -3.42196
 117 -3.42196
 118 -3.42196
 119 -3.42196
 120 -3.42196
 121 -3.42196
 122 -3.42196
 123 -3.42196
 124 -3.42196
 125 -3.42196
 126 -3.42196
 127 -3.42196
 128 -3.42196
 129 -3.42196
 130 -3.42196
 131 -3.42196
 132 -3.42196
 133 -3.42196
 134 -3.42196
 135 -3.42196
 136 -3.42196
 137 -3.42196
 138 -3.42196
 139 -3.42196
 140 -3.42196
 141 -3.42196
 142 -3.42196
 143 -3.42196
 144 -3.42196
 145 -3.42196
 146 -3.42196
 147 -3.42196
 148 -3.42196
 149 -3.42196
 150 -3.42196
 151 -3.42196
 152 -3.42196
 153 -3.42196
 154 -3.42196
 155 -3.42196
 156 -3.42196
 157 -3.42196
