 1 -4.52378
 2 -4.50627
 3 -4.48969
 4 -4.45915
 5 -4.44507
 6 -4.41906
 7 -4.40702
 8 -4.38469
 9 -4.37431
 10 -4.3644
 11 -4.32873
 12 -4.30524
 13 -4.29788
 14 -4.29071
 15 -4.2837
 16 -4.26347
 17 -4.24401
 18 -4.23761
 19 -4.21849
 20 -4.2121
 21 -4.20568
 22 -4.19923
 23 -4.19273
 24 -4.18618
 25 -4.17957
 26 -4.17289
 27 -4.16615
 28 -4.15933
 29 -4.15242
 30 -4.14544
 31 -4.13837
 32 -4.13121
 33 -4.11663
 34 -4.10921
 35 -4.10169
 36 -4.09409
 37 -4.08639
 38 -4.07861
 39 -4.07075
 40 -4.0628
 41 -4.05477
 42 -4.04667
 43 -4.0385
 44 -4.03025
 45 -4.02194
 46 -4.01357
 47 -4.00514
 48 -3.99666
 49 -3.98813
 50 -3.97956
 51 -3.97096
 52 -3.96232
 53 -3.95365
 54 -3.94497
 55 -3.93627
 56 -3.92756
 57 -3.91885
 58 -3.91014
 59 -3.90144
 60 -3.89275
 61 -3.88409
 62 -3.87544
 63 -3.86683
 64 -3.85826
 65 -3.84973
 66 -3.84125
 67 -3.83282
 68 -3.82446
 69 -3.81615
 70 -3.80792
 71 -3.79976
 72 -3.79168
 73 -3.78368
 74 -3.77578
 75 -3.76796
 76 -3.76025
 77 -3.75263
 78 -3.74512
 79 -3.73771
 80 -3.73042
 81 -3.72325
 82 -3.71619
 83 -3.70925
 84 -3.70243
 85 -3.69574
 86 -3.68917
 87 -3.68273
 88 -3.67642
 89 -3.67024
 90 -3.6642
 91 -3.65828
 92 -3.6525
 93 -3.64685
 94 -3.64133
 95 -3.63594
 96 -3.63068
 97 -3.62555
 98 -3.62055
 99 -3.61567
 100 -3.61092
 101 -3.6063
 102 -3.60179
 103 -3.59739
 104 -3.59312
 105 -3.58895
 106 -3.58489
 107 -3.58093
 108 -3.57707
 109 -3.57331
 110 -3.56963
 111 -3.56605
 112 -3.56254
 113 -3.55911
 114 -3.55575
 115 -3.55245
 116 -3.54921
 117 -3.54602
 118 -3.54288
 119 -3.53978
 120 -3.53671
 121 -3.53367
 122 -3.53065
 123 -3.52764
 124 -3.52464
 125 -3.52163
 126 -3.51862
 127 -3.51559
 128 -3.51253
 129 -3.50945
 130 -3.50632
 131 -3.50315
 132 -3.49992
 133 -3.49664
 134 -3.49328
 135 -3.48985
 136 -3.48633
 137 -3.48272
 138 -3.47901
 139 -3.4752
 140 -3.47127
 141 -3.46722
 142 -3.46304
 143 -3.45873
 144 -3.45428
 145 -3.44968
 146 -3.44493
 147 -3.44002
 148 -3.43494
 149 -3.4297
 150 -3.42428
 151 -3.41868
 152 -3.4129
 153 -3.40693
 154 -3.40077
 155 -3.39442
 156 -3.38787
 157 -3.38113
 158 -3.37418
 159 -3.36704
 160 -3.35969
 161 -3.35215
 162 -3.34441
 163 -3.33646
 164 -3.32833
 165 -3.32
 166 -3.31148
 167 -3.30278
 168 -3.2939
 169 -3.28485
 170 -3.27563
 171 -3.26625
 172 -3.25673
 173 -3.24706
 174 -3.23727
 175 -3.22736
 176 -3.21734
 177 -3.20724
 178 -3.19706
 179 -3.18682
 180 -3.17654
 181 -3.16623
 182 -3.15593
