 1 -4.01953
 2 -4.01615
 3 -4.01301
 4 -3.99861
 5 -3.99238
 6 -3.97815
 7 -3.97027
 8 -3.96195
 9 -3.95323
 10 -3.94416
 11 -3.9348
 12 -3.92517
 13 -3.91531
 14 -3.90527
 15 -3.89508
 16 -3.88476
 17 -3.87435
 18 -3.86387
 19 -3.85334
 20 -3.8428
 21 -3.83226
 22 -3.82174
 23 -3.81125
 24 -3.80082
 25 -3.79046
 26 -3.78018
 27 -3.76999
 28 -3.7599
 29 -3.74992
 30 -3.74007
 31 -3.73033
 32 -3.72073
 33 -3.71125
 34 -3.70192
 35 -3.69273
 36 -3.68367
 37 -3.67476
 38 -3.66599
 39 -3.65736
 40 -3.64887
 41 -3.64051
 42 -3.63229
 43 -3.62421
 44 -3.60841
 45 -3.6007
 46 -3.5931
 47 -3.58561
 48 -3.57822
 49 -3.57094
 50 -3.56374
 51 -3.55664
 52 -3.54962
 53 -3.54267
 54 -3.52899
 55 -3.52223
 56 -3.50887
 57 -3.50226
 58 -3.49567
 59 -3.48912
 60 -3.46306
 61 -3.45656
 62 -3.44355
 63 -3.43702
 64 -3.42392
 65 -3.41733
 66 -3.41071
 67 -3.39739
 68 -3.39067
 69 -3.34249
 70 -3.32833
 71 -3.27738
 72 -3.255
 73 -3.24749
 74 -3.23995
 75 -3.20966
 76 -3.20208
 77 -3.18691
 78 -3.16425
 79 -3.11974
 80 -3.11249
 81 -3.10529
 82 -3.09816
 83 -3.0911
 84 -3.06364
 85 -3.04398
 86 -3.03763
 87 -3.03138
 88 -3.00747
 89 -3.00178
 90 -2.9962
 91 -2.99074
 92 -2.9854
 93 -2.98018
 94 -2.97507
 95 -2.97008
 96 -2.9652
 97 -2.96043
 98 -2.95577
 99 -2.95122
 100 -2.94677
 101 -2.94241
 102 -2.93815
 103 -2.93397
 104 -2.92988
 105 -2.92586
 106 -2.9219
 107 -2.918
 108 -2.91415
 109 -2.91033
 110 -2.90654
 111 -2.90277
 112 -2.899
 113 -2.89522
 114 -2.89142
 115 -2.88758
 116 -2.88369
 117 -2.87973
 118 -2.87567
 119 -2.87152
 120 -2.86723
 121 -2.86281
 122 -2.85821
 123 -2.85343
 124 -2.84844
 125 -2.84321
 126 -2.83772
 127 -2.83194
 128 -2.82586
 129 -2.81943
 130 -2.81263
 131 -2.80543
 132 -2.79781
 133 -2.78972
 134 -2.78113
 135 -2.77202
 136 -2.76234
 137 -2.75206
 138 -2.74114
 139 -2.72955
 140 -2.71724
 141 -2.70418
 142 -2.69032
 143 -2.67562
 144 -2.66004
 145 -2.64353
 146 -2.62605
 147 -2.60755
 148 -2.58798
 149 -2.5673
 150 -2.54545
 151 -2.52239
 152 -2.49806
