 1 -4.41448
 2 -4.38017
 3 -4.34785
 4 -4.28883
 5 -4.26194
 6 -4.19076
 7 -4.16992
 8 -4.11509
 9 -4.09914
 10 -4.08424
 11 -4.07035
 12 -4.05739
 13 -4.04532
 14 -4.03409
 15 -4.02363
 16 -4.01391
 17 -4.00488
 18 -3.99648
 19 -3.98869
 20 -3.98146
 21 -3.97475
 22 -3.95739
 23 -3.95241
 24 -3.94349
 25 -3.93948
 26 -3.93575
 27 -3.93226
 28 -3.929
 29 -3.92594
 30 -3.92305
 31 -3.92033
 32 -3.91775
 33 -3.91529
 34 -3.91293
 35 -3.91067
 36 -3.90848
 37 -3.90636
 38 -3.90428
 39 -3.90023
 40 -3.89823
 41 -3.89624
 42 -3.89224
 43 -3.89021
 44 -3.88816
 45 -3.88607
 46 -3.88394
 47 -3.87955
 48 -3.87727
 49 -3.87494
 50 -3.86495
 51 -3.86227
 52 -3.85381
 53 -3.85083
 54 -3.84778
 55 -3.84465
 56 -3.84145
 57 -3.83816
 58 -3.8348
 59 -3.83136
 60 -3.82785
 61 -3.82427
 62 -3.82061
 63 -3.81688
 64 -3.81308
 65 -3.80921
 66 -3.80527
 67 -3.79721
 68 -3.78891
 69 -3.78468
 70 -3.78039
 71 -3.76724
 72 -3.76276
 73 -3.75825
 74 -3.7445
 75 -3.73986
 76 -3.73519
 77 -3.7305
 78 -3.72579
 79 -3.72106
 80 -3.71632
 81 -3.71157
 82 -3.70682
 83 -3.70206
 84 -3.69254
 85 -3.68779
 86 -3.68304
 87 -3.67359
 88 -3.66889
 89 -3.6642
 90 -3.65955
 91 -3.65491
 92 -3.65031
 93 -3.6412
 94 -3.6367
 95 -3.63224
 96 -3.62783
 97 -3.62346
 98 -3.61913
 99 -3.61063
 100 -3.60647
 101 -3.60235
 102 -3.5983
 103 -3.59431
 104 -3.58271
 105 -3.57897
 106 -3.5717
 107 -3.56817
 108 -3.56471
 109 -3.56131
 110 -3.55799
 111 -3.55474
 112 -3.55156
 113 -3.54845
 114 -3.5454
 115 -3.54243
 116 -3.53952
 117 -3.53667
 118 -3.53388
 119 -3.53116
 120 -3.52849
 121 -3.52587
 122 -3.52331
 123 -3.52079
 124 -3.51831
 125 -3.51586
 126 -3.51345
 127 -3.51106
 128 -3.50869
 129 -3.50633
 130 -3.50397
 131 -3.5016
 132 -3.49922
 133 -3.49681
 134 -3.49437
 135 -3.49188
 136 -3.48933
 137 -3.48671
 138 -3.484
 139 -3.4812
 140 -3.47827
 141 -3.47521
 142 -3.472
 143 -3.46863
 144 -3.46506
 145 -3.46128
 146 -3.45727
 147 -3.453
 148 -3.44845
 149 -3.4436
 150 -3.43841
 151 -3.43285
 152 -3.42691
 153 -3.42054
 154 -3.41371
 155 -3.40639
 156 -3.39854
 157 -3.39012
 158 -3.38109
 159 -3.37141
 160 -3.36103
 161 -3.34992
 162 -3.33801
 163 -3.32527
 164 -3.31163
 165 -3.29705
 166 -3.28146
 167 -3.26481
 168 -3.24704
