 1 -7.11243
 2 -7.07447
 3 -7.03088
 4 -7.02114
 5 -7.01181
 6 -7.0029
 7 -6.97096
 8 -6.95697
 9 -6.9504
 10 -6.94409
 11 -6.93802
 12 -6.93218
 13 -6.92654
 14 -6.92109
 15 -6.91582
 16 -6.9107
 17 -6.90571
 18 -6.90084
 19 -6.89608
 20 -6.89141
 21 -6.88682
 22 -6.88228
 23 -6.87778
 24 -6.87332
 25 -6.86888
 26 -6.86444
 27 -6.86
 28 -6.85554
 29 -6.85105
 30 -6.84652
 31 -6.83731
 32 -6.83261
 33 -6.82298
 34 -6.81804
 35 -6.80787
 36 -6.80263
 37 -6.79729
 38 -6.79183
 39 -6.78626
 40 -6.78057
 41 -6.77477
 42 -6.76885
 43 -6.7628
 44 -6.75664
 45 -6.75036
 46 -6.74396
 47 -6.73744
 48 -6.73081
 49 -6.72407
 50 -6.71721
 51 -6.71025
 52 -6.70319
 53 -6.69604
 54 -6.68878
 55 -6.68145
 56 -6.67402
 57 -6.66653
 58 -6.65896
 59 -6.65133
 60 -6.64364
 61 -6.63589
 62 -6.62811
 63 -6.62029
 64 -6.61244
 65 -6.60457
 66 -6.59668
 67 -6.58879
 68 -6.58091
 69 -6.57303
 70 -6.56517
 71 -6.55734
 72 -6.54954
 73 -6.54179
 74 -6.53408
 75 -6.52644
 76 -6.51136
 77 -6.50394
 78 -6.4966
 79 -6.48937
 80 -6.48224
 81 -6.47521
 82 -6.46831
 83 -6.46153
 84 -6.45488
 85 -6.44199
 86 -6.42968
 87 -6.40694
 88 -6.40167
 89 -6.39163
 90 -6.38687
 91 -6.38228
 92 -6.37787
 93 -6.35175
 94 -6.34297
 95 -6.34034
 96 -6.33784
 97 -6.33547
 98 -6.3311
 99 -6.32907
 100 -6.32715
 101 -6.32531
 102 -6.32356
 103 -6.32188
 104 -6.32026
 105 -6.31868
 106 -6.31715
 107 -6.31565
 108 -6.31417
 109 -6.31268
 110 -6.3112
 111 -6.30815
 112 -6.30657
 113 -6.30494
 114 -6.30323
 115 -6.30144
 116 -6.29956
 117 -6.29757
 118 -6.29085
 119 -6.28831
 120 -6.28272
 121 -6.27965
 122 -6.26116
 123 -6.25678
 124 -6.25216
 125 -6.24729
 126 -6.24217
 127 -6.2368
 128 -6.2253
 129 -6.21918
 130 -6.21282
 131 -6.19938
 132 -6.19233
 133 -6.1622
 134 -6.15428
 135 -6.14624
 136 -6.13811
 137 -6.12993
 138 -6.12172
 139 -6.11353
 140 -6.10539
 141 -6.09735
 142 -6.08944
 143 -6.08173
 144 -6.07427
 145 -6.06712
 146 -6.06033
 147 -6.0429
 148 -6.03831
 149 -6.03152
