 1 -4.97625
 2 -4.97991
 3 -4.98154
 4 -4.98131
 5 -4.97938
 6 -4.97588
 7 -4.97096
 8 -4.96474
 9 -4.95736
 10 -4.94893
 11 -4.93957
 12 -4.92937
 13 -4.91845
 14 -4.90689
 15 -4.89479
 16 -4.88223
 17 -4.86929
 18 -4.85605
 19 -4.84257
 20 -4.82892
 21 -4.81516
 22 -4.80134
 23 -4.78752
 24 -4.77375
 25 -4.76006
 26 -4.74651
 27 -4.73312
 28 -4.71994
 29 -4.70698
 30 -4.69428
 31 -4.68187
 32 -4.6465
 33 -4.6354
 34 -4.62465
 35 -4.61428
 36 -4.60428
 37 -4.59467
 38 -4.58544
 39 -4.57659
 40 -4.56813
 41 -4.56006
 42 -4.55236
 43 -4.54504
 44 -4.53809
 45 -4.5315
 46 -4.52526
 47 -4.51937
 48 -4.51381
 49 -4.50857
 50 -4.50365
 51 -4.49903
 52 -4.49469
 53 -4.49062
 54 -4.48327
 55 -4.47994
 56 -4.47684
 57 -4.47394
 58 -4.47123
 59 -4.46869
 60 -4.46632
 61 -4.4641
 62 -4.46201
 63 -4.46003
 64 -4.45817
 65 -4.4564
 66 -4.45471
 67 -4.45309
 68 -4.45153
 69 -4.45001
 70 -4.44853
 71 -4.44707
 72 -4.44562
 73 -4.44419
 74 -4.44275
 75 -4.4413
 76 -4.43983
 77 -4.43833
 78 -4.43681
 79 -4.43525
 80 -4.43365
 81 -4.432
 82 -4.43031
 83 -4.42857
 84 -4.42677
 85 -4.42492
 86 -4.42302
 87 -4.42106
 88 -4.41905
 89 -4.41698
 90 -4.41487
 91 -4.4127
 92 -4.41049
 93 -4.40824
 94 -4.40595
 95 -4.40362
 96 -4.40126
 97 -4.39888
 98 -4.39648
 99 -4.39406
 100 -4.39163
 101 -4.38919
 102 -4.38676
 103 -4.38434
 104 -4.38193
 105 -4.37953
 106 -4.37716
 107 -4.37482
 108 -4.37252
 109 -4.37025
 110 -4.36803
 111 -4.36585
 112 -4.36372
 113 -4.36165
 114 -4.35962
 115 -4.35765
 116 -4.35573
 117 -4.35386
 118 -4.35204
 119 -4.35027
 120 -4.34853
 121 -4.34682
 122 -4.34514
 123 -4.34347
 124 -4.3418
 125 -4.34011
 126 -4.3384
 127 -4.33663
 128 -4.3348
 129 -4.33287
 130 -4.33082
 131 -4.32863
 132 -4.32626
 133 -4.32367
 134 -4.32083
 135 -4.31769
 136 -4.31422
 137 -4.31036
 138 -4.30606
 139 -4.30127
 140 -4.29592
 141 -4.28995
 142 -4.2833
 143 -4.27588
 144 -4.26762
 145 -4.25843
 146 -4.24823
 147 -4.23693
 148 -4.22441
 149 -4.21059
 150 -4.19534
 151 -4.17854
 152 -4.16008
 153 -4.13983
 154 -4.11764
 155 -4.09338
 156 -4.06689
 157 -4.03801
 158 -4.00658
 159 -3.97242
