 1 -4.18655
 2 -4.18655
 3 -4.18655
 4 -4.18655
 5 -4.18655
 6 -4.18655
 7 -4.18655
 8 -4.18655
 9 -4.18655
 10 -4.18655
 11 -4.18655
 12 -4.18655
 13 -4.18655
 14 -4.18655
 15 -4.18655
 16 -4.18655
 17 -4.18655
 18 -4.18655
 19 -4.18655
 20 -4.18655
 21 -4.18655
 22 -4.18655
 23 -4.18655
 24 -4.18655
 25 -4.18655
 26 -4.18655
 27 -4.18655
 28 -4.18655
 29 -4.18655
 30 -4.18655
 31 -4.18655
 32 -4.18655
 33 -4.18655
 34 -4.18655
 35 -4.18655
 36 -4.18655
 37 -4.18655
 38 -4.18655
 39 -4.18655
 40 -4.18655
 41 -4.18655
 42 -4.18655
 43 -4.18655
 44 -4.18655
 45 -4.18655
 46 -4.18655
 47 -4.18655
 48 -4.18655
 49 -4.18655
 50 -4.18655
 51 -4.18655
 52 -4.18655
 53 -4.18655
 54 -4.18655
 55 -4.18655
 56 -4.18655
 57 -4.18655
 58 -4.18655
 59 -4.18655
 60 -4.18655
 61 -4.18655
 62 -4.18655
 63 -4.18655
 64 -4.18655
