 1 -5.18198
 2 -5.18198
 3 -5.18198
 4 -5.18198
 5 -5.18198
 6 -5.18198
 7 -5.18198
 8 -5.18198
 9 -5.18198
 10 -5.18198
 11 -5.18198
 12 -5.18198
 13 -5.18198
 14 -5.18198
 15 -5.18198
 16 -5.18198
 17 -5.18198
 18 -5.18198
 19 -5.18198
 20 -5.18198
 21 -5.18198
 22 -5.18198
 23 -5.18198
 24 -5.18198
 25 -5.18198
 26 -5.18198
 27 -5.18198
 28 -5.18198
 29 -5.18198
 30 -5.18198
 31 -5.18198
 32 -5.18198
 33 -5.18198
 34 -5.18198
 35 -5.18198
 36 -5.18198
 37 -5.18198
 38 -5.18198
 39 -5.18198
 40 -5.18198
 41 -5.18198
 42 -5.18198
 43 -5.18198
 44 -5.18198
 45 -5.18198
 46 -5.18198
 47 -5.18198
 48 -5.18198
 49 -5.18198
 50 -5.18198
 51 -5.18198
 52 -5.18198
 53 -5.18198
 54 -5.18198
 55 -5.18198
 56 -5.18198
 57 -5.18198
 58 -5.18198
 59 -5.18198
 60 -5.18198
 61 -5.18198
 62 -5.18198
 63 -5.18198
 64 -5.18198
 65 -5.18198
 66 -5.18198
 67 -5.18198
 68 -5.18198
 69 -5.18198
 70 -5.18198
 71 -5.18198
 72 -5.18198
 73 -5.18198
 74 -5.18198
 75 -5.18198
 76 -5.18198
 77 -5.18198
 78 -5.18198
 79 -5.18198
 80 -5.18198
 81 -5.18198
 82 -5.18198
 83 -5.18198
 84 -5.18198
 85 -5.18198
 86 -5.18198
 87 -5.18198
 88 -5.18198
 89 -5.18198
 90 -5.18198
 91 -5.18198
 92 -5.18198
 93 -5.18198
 94 -5.18198
 95 -5.18198
 96 -5.18198
 97 -5.18198
 98 -5.18198
 99 -5.18198
 100 -5.18198
 101 -5.18198
 102 -5.18198
 103 -5.18198
 104 -5.18198
 105 -5.18198
 106 -5.18198
 107 -5.18198
 108 -5.18198
 109 -5.18198
 110 -5.18198
 111 -5.18198
 112 -5.18198
 113 -5.18198
 114 -5.18198
 115 -5.18198
 116 -5.18198
 117 -5.18198
 118 -5.18198
 119 -5.18198
 120 -5.18198
 121 -5.18198
 122 -5.18198
 123 -5.18198
 124 -5.18198
 125 -5.18198
 126 -5.18198
 127 -5.18198
 128 -5.18198
 129 -5.18198
 130 -5.18198
 131 -5.18198
 132 -5.18198
 133 -5.18198
 134 -5.18198
 135 -5.18198
 136 -5.18198
 137 -5.18198
 138 -5.18198
 139 -5.18198
 140 -5.18198
 141 -5.18198
 142 -5.18198
 143 -5.18198
 144 -5.18198
 145 -5.18198
 146 -5.18198
 147 -5.18198
 148 -5.18198
 149 -5.18198
 150 -5.18198
 151 -5.18198
 152 -5.18198
 153 -5.18198
 154 -5.18198
 155 -5.18198
 156 -5.18198
 157 -5.18198
 158 -5.18198
 159 -5.18198
 160 -5.18198
 161 -5.18198
 162 -5.18198
 163 -5.18198
 164 -5.18198
 165 -5.18198
 166 -5.18198
 167 -5.18198
 168 -5.18198
 169 -5.18198
 170 -5.18198
 171 -5.18198
 172 -5.18198
 173 -5.18198
 174 -5.18198
 175 -5.18198
 176 -5.18198
 177 -5.18198
 178 -5.18198
 179 -5.18198
 180 -5.18198
 181 -5.18198
 182 -5.18198
 183 -5.18198
 184 -5.18198
 185 -5.18198
 186 -5.18198
