 1 -5.62943
 2 -5.62943
 3 -5.62943
 4 -5.62943
 5 -5.62943
 6 -5.62943
 7 -5.62943
 8 -5.62943
 9 -5.62943
 10 -5.62943
 11 -5.62943
 12 -5.62943
 13 -5.62943
 14 -5.62943
 15 -5.62943
 16 -5.62943
 17 -5.62943
 18 -5.62943
 19 -5.62943
 20 -5.62943
 21 -5.62943
 22 -5.62943
 23 -5.62943
 24 -5.62943
 25 -5.62943
 26 -5.62943
 27 -5.62943
 28 -5.62943
 29 -5.62943
 30 -5.62943
 31 -5.62943
 32 -5.62943
 33 -5.62943
 34 -5.62943
 35 -5.62943
 36 -5.62943
 37 -5.62943
 38 -5.62943
 39 -5.62943
 40 -5.62943
 41 -5.62943
 42 -5.62943
 43 -5.62943
 44 -5.62943
 45 -5.62943
 46 -5.62943
 47 -5.62943
 48 -5.62943
 49 -5.62943
 50 -5.62943
 51 -5.62943
 52 -5.62943
 53 -5.62943
 54 -5.62943
 55 -5.62943
 56 -5.62943
 57 -5.62943
 58 -5.62943
 59 -5.62943
 60 -5.62943
 61 -5.62943
 62 -5.62943
 63 -5.62943
 64 -5.62943
 65 -5.62943
 66 -5.62943
 67 -5.62943
 68 -5.62943
 69 -5.62943
 70 -5.62943
 71 -5.62943
 72 -5.62943
 73 -5.62943
 74 -5.62943
 75 -5.62943
 76 -5.62943
 77 -5.62943
 78 -5.62943
 79 -5.62943
 80 -5.62943
 81 -5.62943
 82 -5.62943
 83 -5.62943
 84 -5.62943
 85 -5.62943
 86 -5.62943
 87 -5.62943
 88 -5.62943
 89 -5.62943
 90 -5.62943
 91 -5.62943
 92 -5.62943
 93 -5.62943
 94 -5.62943
 95 -5.62943
 96 -5.62943
 97 -5.62943
 98 -5.62943
 99 -5.62943
 100 -5.62943
 101 -5.62943
 102 -5.62943
 103 -5.62943
 104 -5.62943
 105 -5.62943
 106 -5.62943
 107 -5.62943
 108 -5.62943
 109 -5.62943
 110 -5.62943
 111 -5.62943
 112 -5.62943
 113 -5.62943
 114 -5.62943
 115 -5.62943
 116 -5.62943
 117 -5.62943
 118 -5.62943
 119 -5.62943
 120 -5.62943
 121 -5.62943
 122 -5.62943
 123 -5.62943
 124 -5.62943
 125 -5.62943
 126 -5.62943
 127 -5.62943
 128 -5.62943
 129 -5.62943
 130 -5.62943
 131 -5.62943
 132 -5.62943
 133 -5.62943
 134 -5.62943
 135 -5.62943
 136 -5.62943
 137 -5.62943
 138 -5.62943
 139 -5.62943
 140 -5.62943
 141 -5.62943
 142 -5.62943
 143 -5.62943
 144 -5.62943
 145 -5.62943
 146 -5.62943
 147 -5.62943
 148 -5.62943
 149 -5.62943
 150 -5.62943
 151 -5.62943
 152 -5.62943
 153 -5.62943
 154 -5.62943
 155 -5.62943
 156 -5.62943
 157 -5.62943
 158 -5.62943
 159 -5.62943
 160 -5.62943
 161 -5.62943
 162 -5.62943
 163 -5.62943
 164 -5.62943
 165 -5.62943
 166 -5.62943
 167 -5.62943
 168 -5.62943
 169 -5.62943
 170 -5.62943
 171 -5.62943
 172 -5.62943
 173 -5.62943
 174 -5.62943
 175 -5.62943
 176 -5.62943
 177 -5.62943
 178 -5.62943
 179 -5.62943
 180 -5.62943
 181 -5.62943
 182 -5.62943
 183 -5.62943
 184 -5.62943
 185 -5.62943
 186 -5.62943
 187 -5.62943
 188 -5.62943
 189 -5.62943
 190 -5.62943
 191 -5.62943
 192 -5.62943
