 1 -2.02882
 2 -2.02882
 3 -2.02882
 4 -2.02882
 5 -2.02882
 6 -2.02882
 7 -2.02882
 8 -2.02882
 9 -2.02882
 10 -2.02882
 11 -2.02882
 12 -2.02882
 13 -2.02882
 14 -2.02882
 15 -2.02882
 16 -2.02882
 17 -2.02882
 18 -2.02882
 19 -2.02882
 20 -2.02882
 21 -2.02882
 22 -2.02882
 23 -2.02882
 24 -2.02882
 25 -2.02882
 26 -2.02882
 27 -2.02882
 28 -2.02882
 29 -2.02882
 30 -2.02882
 31 -2.02882
 32 -2.02882
 33 -2.02882
 34 -2.02882
 35 -2.02882
 36 -2.02882
 37 -2.02882
 38 -2.02882
 39 -2.02882
 40 -2.02882
 41 -2.02882
 42 -2.02882
 43 -2.02882
 44 -2.02882
 45 -2.02882
 46 -2.02882
 47 -2.02882
 48 -2.02882
 49 -2.02882
 50 -2.02882
 51 -2.02882
 52 -2.02882
 53 -2.02882
 54 -2.02882
 55 -2.02882
 56 -2.02882
 57 -2.02882
 58 -2.02882
 59 -2.02882
 60 -2.02882
 61 -2.02882
 62 -2.02882
 63 -2.02882
 64 -2.02882
 65 -2.02882
 66 -2.02882
 67 -2.02882
 68 -2.02882
 69 -2.02882
 70 -2.02882
 71 -2.02882
 72 -2.02882
 73 -2.02882
 74 -2.02882
 75 -2.02882
 76 -2.02882
 77 -2.02882
 78 -2.02882
 79 -2.02882
 80 -2.02882
 81 -2.02882
 82 -2.02882
 83 -2.02882
 84 -2.02882
 85 -2.02882
 86 -2.02882
 87 -2.02882
 88 -2.02882
 89 -2.02882
 90 -2.02882
 91 -2.02882
 92 -2.02882
 93 -2.02882
 94 -2.02882
 95 -2.02882
 96 -2.02882
 97 -2.02882
 98 -2.02882
 99 -2.02882
 100 -2.02882
 101 -2.02882
 102 -2.02882
 103 -2.02882
 104 -2.02882
 105 -2.02882
 106 -2.02882
 107 -2.02882
 108 -2.02882
 109 -2.02882
 110 -2.02882
 111 -2.02882
 112 -2.02882
 113 -2.02882
 114 -2.02882
 115 -2.02882
 116 -2.02882
 117 -2.02882
 118 -2.02882
 119 -2.02882
 120 -2.02882
 121 -2.02882
 122 -2.02882
 123 -2.02882
 124 -2.02882
 125 -2.02882
 126 -2.02882
 127 -2.02882
 128 -2.02882
 129 -2.02882
 130 -2.02882
 131 -2.02882
 132 -2.02882
 133 -2.02882
 134 -2.02882
 135 -2.02882
 136 -2.02882
 137 -2.02882
 138 -2.02882
 139 -2.02882
 140 -2.02882
 141 -2.02882
 142 -2.02882
 143 -2.02882
 144 -2.02882
 145 -2.02882
 146 -2.02882
 147 -2.02882
 148 -2.02882
 149 -2.02882
 150 -2.02882
 151 -2.02882
 152 -2.02882
 153 -2.02882
 154 -2.02882
 155 -2.02882
 156 -2.02882
 157 -2.02882
 158 -2.02882
 159 -2.02882
 160 -2.02882
 161 -2.02882
 162 -2.02882
 163 -2.02882
 164 -2.02882
 165 -2.02882
 166 -2.02882
 167 -2.02882
 168 -2.02882
 169 -2.02882
 170 -2.02882
 171 -2.02882
 172 -2.02882
 173 -2.02882
 174 -2.02882
 175 -2.02882
 176 -2.02882
 177 -2.02882
 178 -2.02882
 179 -2.02882
 180 -2.02882
 181 -2.02882
 182 -2.02882
 183 -2.02882
 184 -2.02882
 185 -2.02882
 186 -2.02882
 187 -2.02882
 188 -2.02882
 189 -2.02882
 190 -2.02882
 191 -2.02882
 192 -2.02882
 193 -2.02882
 194 -2.02882
 195 -2.02882
 196 -2.02882
 197 -2.02882
 198 -2.02882
 199 -2.02882
 200 -2.02882
