 1 -4.78637
 2 -4.78637
 3 -4.78637
 4 -4.78637
 5 -4.78637
 6 -4.78637
 7 -4.78637
 8 -4.78637
 9 -4.78637
 10 -4.78637
 11 -4.78637
 12 -4.78637
 13 -4.78637
 14 -4.78637
 15 -4.78637
 16 -4.78637
 17 -4.78637
 18 -4.78637
 19 -4.78637
 20 -4.78637
 21 -4.78637
 22 -4.78637
 23 -4.78637
 24 -4.78637
 25 -4.78637
 26 -4.78637
 27 -4.78637
 28 -4.78637
 29 -4.78637
 30 -4.78637
 31 -4.78637
 32 -4.78637
 33 -4.78637
 34 -4.78637
 35 -4.78637
 36 -4.78637
 37 -4.78637
 38 -4.78637
 39 -4.78637
 40 -4.78637
 41 -4.78637
 42 -4.78637
 43 -4.78637
 44 -4.78637
 45 -4.78637
 46 -4.78637
 47 -4.78637
 48 -4.78637
 49 -4.78637
 50 -4.78637
 51 -4.78637
 52 -4.78637
 53 -4.78637
 54 -4.78637
 55 -4.78637
 56 -4.78637
 57 -4.78637
 58 -4.78637
 59 -4.78637
 60 -4.78637
 61 -4.78637
 62 -4.78637
 63 -4.78637
 64 -4.78637
 65 -4.78637
 66 -4.78637
 67 -4.78637
 68 -4.78637
 69 -4.78637
 70 -4.78637
 71 -4.78637
 72 -4.78637
 73 -4.78637
 74 -4.78637
 75 -4.78637
 76 -4.78637
 77 -4.78637
 78 -4.78637
 79 -4.78637
 80 -4.78637
 81 -4.78637
 82 -4.78637
 83 -4.78637
 84 -4.78637
 85 -4.78637
 86 -4.78637
 87 -4.78637
 88 -4.78637
 89 -4.78637
 90 -4.78637
 91 -4.78637
 92 -4.78637
 93 -4.78637
 94 -4.78637
 95 -4.78637
 96 -4.78637
 97 -4.78637
 98 -4.78637
 99 -4.78637
 100 -4.78637
 101 -4.78637
 102 -4.78637
 103 -4.78637
 104 -4.78637
 105 -4.78637
 106 -4.78637
 107 -4.78637
 108 -4.78637
 109 -4.78637
 110 -4.78637
 111 -4.78637
 112 -4.78637
 113 -4.78637
 114 -4.78637
 115 -4.78637
 116 -4.78637
 117 -4.78637
 118 -4.78637
 119 -4.78637
 120 -4.78637
 121 -4.78637
 122 -4.78637
 123 -4.78637
 124 -4.78637
 125 -4.78637
 126 -4.78637
 127 -4.78637
 128 -4.78637
 129 -4.78637
 130 -4.78637
 131 -4.78637
 132 -4.78637
 133 -4.78637
 134 -4.78637
 135 -4.78637
 136 -4.78637
 137 -4.78637
 138 -4.78637
 139 -4.78637
 140 -4.78637
 141 -4.78637
 142 -4.78637
 143 -4.78637
 144 -4.78637
 145 -4.78637
 146 -4.78637
 147 -4.78637
 148 -4.78637
 149 -4.78637
 150 -4.78637
 151 -4.78637
 152 -4.78637
 153 -4.78637
 154 -4.78637
 155 -4.78637
 156 -4.78637
 157 -4.78637
 158 -4.78637
 159 -4.78637
 160 -4.78637
 161 -4.78637
 162 -4.78637
 163 -4.78637
 164 -4.78637
 165 -4.78637
 166 -4.78637
 167 -4.78637
 168 -4.78637
 169 -4.78637
 170 -4.78637
 171 -4.78637
 172 -4.78637
 173 -4.78637
 174 -4.78637
 175 -4.78637
 176 -4.78637
 177 -4.78637
 178 -4.78637
 179 -4.78637
 180 -4.78637
 181 -4.78637
 182 -4.78637
 183 -4.78637
 184 -4.78637
 185 -4.78637
