 1 -4.19541
 2 -4.17087
 3 -4.14536
 4 -4.13667
 5 -4.1279
 6 -4.11905
 7 -4.11013
 8 -4.10114
 9 -4.07381
 10 -4.06459
 11 -4.05532
 12 -4.04601
 13 -4.03666
 14 -4.02728
 15 -4.01785
 16 -4.00839
 17 -3.99891
 18 -3.98939
 19 -3.97985
 20 -3.97028
 21 -3.96069
 22 -3.95108
 23 -3.94145
 24 -3.9318
 25 -3.92214
 26 -3.91246
 27 -3.90277
 28 -3.89306
 29 -3.88334
 30 -3.87362
 31 -3.86388
 32 -3.85414
 33 -3.84439
 34 -3.83463
 35 -3.82487
 36 -3.81511
 37 -3.80534
 38 -3.79557
 39 -3.7858
 40 -3.77604
 41 -3.76627
 42 -3.75651
 43 -3.74675
 44 -3.73699
 45 -3.72724
 46 -3.7175
 47 -3.70777
 48 -3.69804
 49 -3.68833
 50 -3.67863
 51 -3.66894
 52 -3.65927
 53 -3.64962
 54 -3.63999
 55 -3.63037
 56 -3.62078
 57 -3.61121
 58 -3.60166
 59 -3.59214
 60 -3.58266
 61 -3.5732
 62 -3.56377
 63 -3.55438
 64 -3.54502
 65 -3.53571
 66 -3.52643
 67 -3.5172
 68 -3.50801
 69 -3.49887
 70 -3.48977
 71 -3.48073
 72 -3.47175
 73 -3.46282
 74 -3.45394
 75 -3.44513
 76 -3.43638
 77 -3.4277
 78 -3.41908
 79 -3.41054
 80 -3.40207
 81 -3.39367
 82 -3.38535
 83 -3.37711
 84 -3.36895
 85 -3.36087
 86 -3.34499
 87 -3.33718
 88 -3.32946
 89 -3.32184
 90 -3.31432
 91 -3.30689
 92 -3.29957
 93 -3.29235
 94 -3.28523
 95 -3.27822
 96 -3.27132
 97 -3.26453
 98 -3.25784
 99 -3.25127
 100 -3.24482
 101 -3.23848
 102 -3.23225
 103 -3.22614
 104 -3.22015
 105 -3.21427
 106 -3.20851
 107 -3.20287
 108 -3.19735
 109 -3.19194
 110 -3.18666
 111 -3.18149
 112 -3.17643
 113 -3.17149
 114 -3.16667
 115 -3.16196
 116 -3.15736
 117 -3.15287
 118 -3.14849
 119 -3.14422
 120 -3.14004
 121 -3.13597
 122 -3.132
 123 -3.12812
 124 -3.12433
 125 -3.12063
 126 -3.11702
 127 -3.11348
 128 -3.11001
 129 -3.10662
 130 -3.10328
 131 -3.10001
 132 -3.09679
 133 -3.09361
 134 -3.09048
 135 -3.08737
 136 -3.08429
 137 -3.08123
 138 -3.07818
 139 -3.07512
 140 -3.07206
 141 -3.06899
 142 -3.06588
 143 -3.06274
 144 -3.05955
 145 -3.0563
 146 -3.05298
 147 -3.04958
 148 -3.04609
 149 -3.04249
 150 -3.03878
 151 -3.03493
 152 -3.03093
 153 -3.02677
 154 -3.02244
 155 -3.01792
 156 -3.01319
 157 -3.00824
 158 -3.00304
 159 -2.99759
 160 -2.99187
 161 -2.98585
 162 -2.97952
 163 -2.97286
 164 -2.96585
 165 -2.95847
 166 -2.9507
 167 -2.94251
 168 -2.93389
 169 -2.92481
 170 -2.91525
 171 -2.90519
 172 -2.8946
 173 -2.88346
 174 -2.87174
 175 -2.85942
 176 -2.84647
 177 -2.83286
 178 -2.81857
 179 -2.80357
 180 -2.78783
 181 -2.77132
 182 -2.75402
 183 -2.73588
 184 -2.71689
 185 -2.69701
 186 -2.6762
 187 -2.65445
 188 -2.63171
 189 -2.60794
