 1 -3.58135
 2 -3.58135
 3 -3.58135
 4 -3.58135
 5 -3.58135
 6 -3.58135
 7 -3.58135
 8 -3.58135
 9 -3.58135
 10 -3.58135
 11 -3.58135
 12 -3.58135
 13 -3.58135
 14 -3.58135
 15 -3.58135
 16 -3.58135
 17 -3.58135
 18 -3.58135
 19 -3.58135
 20 -3.58135
 21 -3.58135
 22 -3.58135
 23 -3.58135
 24 -3.58135
 25 -3.58135
 26 -3.58135
 27 -3.58135
 28 -3.58135
 29 -3.58135
 30 -3.58135
 31 -3.58135
 32 -3.58135
 33 -3.58135
 34 -3.58135
 35 -3.58135
 36 -3.58135
 37 -3.58135
 38 -3.58135
 39 -3.58135
 40 -3.58135
 41 -3.58135
 42 -3.58135
 43 -3.58135
 44 -3.58135
 45 -3.58135
 46 -3.58135
 47 -3.58135
 48 -3.58135
 49 -3.58135
 50 -3.58135
 51 -3.58135
 52 -3.58135
 53 -3.58135
 54 -3.58135
 55 -3.58135
 56 -3.58135
 57 -3.58135
 58 -3.58135
 59 -3.58135
 60 -3.58135
 61 -3.58135
 62 -3.58135
 63 -3.58135
 64 -3.58135
 65 -3.58135
 66 -3.58135
 67 -3.58135
 68 -3.58135
 69 -3.58135
 70 -3.58135
 71 -3.58135
 72 -3.58135
 73 -3.58135
 74 -3.58135
 75 -3.58135
 76 -3.58135
 77 -3.58135
 78 -3.58135
 79 -3.58135
 80 -3.58135
 81 -3.58135
 82 -3.58135
 83 -3.58135
 84 -3.58135
 85 -3.58135
 86 -3.58135
 87 -3.58135
 88 -3.58135
 89 -3.58135
 90 -3.58135
 91 -3.58135
 92 -3.58135
 93 -3.58135
 94 -3.58135
 95 -3.58135
 96 -3.58135
 97 -3.58135
 98 -3.58135
 99 -3.58135
 100 -3.58135
 101 -3.58135
 102 -3.58135
 103 -3.58135
 104 -3.58135
 105 -3.58135
 106 -3.58135
 107 -3.58135
 108 -3.58135
 109 -3.58135
 110 -3.58135
 111 -3.58135
 112 -3.58135
 113 -3.58135
 114 -3.58135
 115 -3.58135
 116 -3.58135
 117 -3.58135
 118 -3.58135
 119 -3.58135
 120 -3.58135
 121 -3.58135
 122 -3.58135
 123 -3.58135
 124 -3.58135
 125 -3.58135
 126 -3.58135
 127 -3.58135
 128 -3.58135
 129 -3.58135
 130 -3.58135
 131 -3.58135
 132 -3.58135
 133 -3.58135
 134 -3.58135
 135 -3.58135
 136 -3.58135
 137 -3.58135
 138 -3.58135
 139 -3.58135
 140 -3.58135
 141 -3.58135
 142 -3.58135
 143 -3.58135
 144 -3.58135
 145 -3.58135
 146 -3.58135
 147 -3.58135
 148 -3.58135
 149 -3.58135
 150 -3.58135
 151 -3.58135
 152 -3.58135
 153 -3.58135
 154 -3.58135
 155 -3.58135
 156 -3.58135
 157 -3.58135
 158 -3.58135
 159 -3.58135
 160 -3.58135
 161 -3.58135
 162 -3.58135
 163 -3.58135
 164 -3.58135
 165 -3.58135
 166 -3.58135
 167 -3.58135
 168 -3.58135
 169 -3.58135
 170 -3.58135
 171 -3.58135
 172 -3.58135
 173 -3.58135
 174 -3.58135
 175 -3.58135
 176 -3.58135
 177 -3.58135
 178 -3.58135
 179 -3.58135
 180 -3.58135
 181 -3.58135
 182 -3.58135
 183 -3.58135
 184 -3.58135
 185 -3.58135
 186 -3.58135
 187 -3.58135
 188 -3.58135
 189 -3.58135
 190 -3.58135
 191 -3.58135
 192 -3.58135
 193 -3.58135
 194 -3.58135
 195 -3.58135
 196 -3.58135
 197 -3.58135
 198 -3.58135
 199 -3.58135
 200 -3.58135
