286111 286111 9.61433e-05 0.0014072 0.0153226 0.015601 0.00897118 0.00648589 0.00625195 0.00668219 0.00727468 0.00784118 0.00831774 0.00870688 0.00903085 0.00927838 0.00942669 0.00947653  6.04707e+07 1.1148e+08 4.41036e+06 1.6386e+06 1.51305e+06 1.84907e+06 204087 149477 135366 103155 22313.7 18896.6 16652 11916.8 3400.22 248.005
7.33285e+06 7.33285e+06 0.000594047 0.00866259 0.0906919 0.0924168 0.0541641 0.0394152 0.0379992 0.0405473 0.0440536 0.0473977 0.0502067 0.0525017 0.054417 0.0558846 0.0567667 0.0570639  8.45212e+06 3.947e+07 7.14946e+07 3.17148e+06 1.35509e+06 1.2893e+06 1.46628e+06 189875 144370 127888 93532.4 21668.3 18935.2 17195.7 12723.7 4272.72
1.8421e+06 1.8421e+06 0.000333459 0.00487331 0.0521899 0.0532456 0.0308789 0.0223733 0.0215545 0.0230113 0.0250222 0.0269439 0.0285599 0.0298804 0.0309813 0.0318239 0.0323297 0.0324999  5.88203e+06 4.66822e+06 1.29028e+07 1.98268e+07 1.17054e+06 654244 629516 615069 102287 81660 71325.8 50442.9 12793.1 11698.1 10975.5 11331.9
521956 521956 0.000314313 0.0045932 0.0491767 0.0501039 0.0290509 0.0210594 0.0202985 0.0216779 0.023578 0.025393 0.0269189 0.0281654 0.0292042 0.029999 0.0304759 0.0306363  1.98715e+08 1.71186e+06 1.3793e+06 3.73249e+06 5.95703e+06 371036 209603 198338 188473 30561.6 24074.6 21067.6 15176.8 3978.9 3774.19 7444.58
338775 338775 0.000196512 0.00287399 0.0310343 0.0315953 0.018241 0.0132073 0.0127326 0.0136052 0.0148061 0.0159535 0.0169184 0.0177064 0.0183626 0.0188643 0.0191651 0.0192662  6.73482e+07 5.28246e+07 1.52661e+06 1.52004e+06 1.9448e+06 2.23409e+06 265948 211451 189837 138900 29986 25779.4 22838.7 16366.3 4681.08 13853.2
6.99731e+06 6.99731e+06 0.00110069 0.0159845 0.160438 0.163269 0.0975922 0.0715721 0.0690678 0.0736131 0.0798397 0.0857577 0.0907189 0.0947728 0.0981631 0.100767 0.102337 0.102867  1.15827e+07 4.49773e+07 3.51004e+07 1.23774e+06 1.30164e+06 1.61282e+06 1.74815e+06 237430 192341 168257 118861 27168.9 24084 22038 16348.2 19535.2
2.14438e+06 2.14438e+06 0.000502136 0.00732676 0.0772109 0.0786302 0.0459327 0.0333944 0.0321996 0.0343729 0.0373614 0.0402124 0.0426075 0.044564 0.0461959 0.0474455 0.0481961 0.0484489  6.47451e+06 7.56301e+06 1.54404e+07 9.91356e+06 557689 663826 749612 705782 120115 100524 86249.8 59065.6 14754.2 13704.6 12984 22071.7
500497 500497 0.000305839 0.00446926 0.0478472 0.0487227 0.0282469 0.0204804 0.0197441 0.0210888 0.0229395 0.024707 0.0261929 0.0274065 0.0284178 0.0291914 0.0296555 0.0298117  2.44535e+08 1.88373e+06 2.22627e+06 4.29609e+06 2.85437e+06 172143 208635 232100 212479 35225.4 29058.5 24958 17399.8 4491.44 4326.96 11463.7
216632 216632 9.66699e-05 0.00141538 0.0154556 0.0157699 0.00906057 0.00654249 0.00630143 0.00673185 0.0073267 0.00789596 0.00837509 0.0087665 0.00909252 0.00934171 0.00949107 0.00954128  1.34256e+07 6.44414e+07 2.46493e+06 2.92952e+06 2.5687e+06 1.54413e+06 176920 219541 206650 152273 32798.3 28953.3 25116.4 17567.6 4993.09 18447.4
1.09894e+07 1.09894e+07 0.00158775 0.022967 0.221566 0.225212 0.137108 0.101288 0.0978305 0.104151 0.112774 0.120942 0.127777 0.133363 0.138045 0.141649 0.143827 0.144565  3.11474e+07 1.02519e+07 4.26429e+07 1.99561e+06 2.58985e+06 2.23191e+06 1.32753e+06 166808 200957 182177 129766 29652.1 26939.5 24118.3 17463.3 24648.6
1.35218e+06 1.35218e+06 0.000467992 0.00683117 0.072259 0.0736414 0.0429492 0.0311971 0.0300717 0.0320992 0.0348913 0.0375562 0.0397957 0.0416252 0.0431513 0.0443198 0.0450216 0.045258  2.90805e+07 1.01784e+07 4.50942e+06 1.08714e+07 814645 1.28873e+06 1.06111e+06 607915 87481.4 101766 88860.3 61191.1 15371.7 14597.5 13508.5 24704.6
723663 723663 0.000557007 0.00812466 0.0853033 0.0869177 0.0508702 0.0370001 0.0356698 0.0380656 0.0413629 0.0445084 0.0471509 0.0493098 0.0511113 0.0524913 0.0533206 0.0535999  1.40294e+08 8.46153e+06 2.99886e+06 1.26619e+06 3.16373e+06 253245 407119 330020 183815 25769.6 29553.2 25835.7 18113.5 4702.39 4631.67 12560.5
214175 214175 0.000126918 0.00185824 0.02028 0.0207216 0.0119129 0.00859875 0.00827775 0.00883959 0.00961778 0.0103628 0.0109901 0.0115026 0.0119297 0.0122564 0.0124522 0.0125181  9.67284e+06 3.77769e+07 3.35156e+06 1.55036e+06 1.24128e+06 1.79081e+06 293417 446795 310914 157483 26438.4 29018.5 25660.5 18168.9 5188.63 19891.5
6.98123e+06 6.98123e+06 0.00157913 0.0228496 0.221032 0.225009 0.136867 0.101009 0.0975017 0.103766 0.112337 0.120463 0.127265 0.132826 0.137488 0.141079 0.143249 0.143984  5.66454e+07 7.37178e+06 2.5159e+07 2.59089e+06 1.27243e+06 1.11963e+06 1.54269e+06 270101 409597 277478 138087 24318.6 26816.9 24505.9 17952.8 26269.9
1.3152e+06 1.3152e+06 0.000627673 0.009151 0.095586 0.0974334 0.057171 0.041615 0.0401161 0.0427986 0.0464915 0.0500134 0.0529717 0.0553889 0.0574067 0.0589532 0.0598829 0.0601962  7.38051e+07 1.7167e+07 3.23197e+06 6.56274e+06 978234 558057 560351 704774 136161 206932 137138 67571.3 12841.5 14337.9 13570.3 25681.8
699084 699084 0.000394873 0.00576905 0.0615622 0.0628725 0.0365334 0.0264761 0.0254973 0.0272081 0.0295739 0.0318352 0.0337371 0.0352915 0.0365882 0.0375812 0.0381775 0.0383783  2.8416e+08 2.14711e+07 5.04383e+06 880295 1.85374e+06 299155 174222 172246 210368 39537.2 59159.6 39213.6 19658.9 3859.51 4468.72 12674
216304 216304 7.97022e-05 0.00116722 0.0127741 0.0130419 0.00748627 0.00540245 0.00520206 0.00555686 0.00604777 0.00651774 0.00691337 0.00723662 0.00750587 0.00771169 0.00783505 0.00787651  4.90165e+07 7.1471e+07 6.5904e+06 1.99741e+06 875724 1.12601e+06 296786 170392 173166 185355 39181.8 59270.1 40268.6 20385.9 4615.31 20043.2
1.74703e+07 1.74703e+07 0.00235061 0.0337467 0.303158 0.305178 0.191503 0.143723 0.139448 0.148486 0.160552 0.17188 0.18131 0.189003 0.195458 0.200438 0.203456 0.20448  1.91277e+07 3.25225e+07 4.68297e+07 4.66336e+06 1.57028e+06 790578 981819 281197 154024 153537 161645 35048.7 54689.8 38619.5 20207.2 25799.2
2.73036e+06 2.73036e+06 0.000791275 0.0115164 0.118274 0.12022 0.0710609 0.0519282 0.0501195 0.0534798 0.05808 0.0624576 0.0661301 0.0691294 0.0716334 0.0735531 0.0747078 0.0750971  1.90065e+07 6.98388e+06 1.07308e+07 9.8115e+06 1.19443e+06 575885 375211 435030 141451 72786.4 71510.9 74492.4 16929.9 27712.6 20419.9 25358.9
544179 544179 0.000436824 0.00637891 0.067751 0.0691266 0.0402483 0.0292017 0.0281334 0.0300237 0.0326331 0.0351257 0.0372212 0.0389337 0.0403622 0.0414562 0.0421132 0.0423344  9.7151e+07 5.52739e+06 2.0436e+06 2.80398e+06 2.64301e+06 354171 175820 113084 127349 40256.1 20377.9 20010.2 21197.5 4975.22 8444.13 14434.2
381083 381083 0.000294276 0.00430286 0.046309 0.0473069 0.0273784 0.0198108 0.0190753 0.0203605 0.022139 0.0238401 0.0252713 0.026441 0.0274163 0.0281629 0.0286109 0.0287617  1.47417e+07 2.65512e+07 2.58919e+06 1.03816e+06 1.69078e+06 1.47462e+06 269348 168842 121627 121803 40940.1 21251.5 21079.1 23073.9 5795.65 28410.2
1.19185e+07 1.19185e+07 0.00464183 0.0654385 0.496977 0.498898 0.33712 0.260827 0.253884 0.268897 0.28859 0.306807 0.321853 0.334153 0.344582 0.352722 0.357717 0.359431  4.22964e+07 1.10252e+07 1.77552e+07 1.97335e+06 829342 1.43138e+06 1.2514e+06 237395 151423 107717 106390 36787.5 19397.6 19819.8 22572.2 35372.4
983795 983795 0.000652347 0.00950956 0.0991909 0.10115 0.0593978 0.0432396 0.0416754 0.0444539 0.0482817 0.0519326 0.0549995 0.0575057 0.0595983 0.0612024 0.0621669 0.0624921  1.7788e+07 1.34089e+07 4.51705e+06 2.86341e+06 541323 292458 564002 485750 98279.5 64967 45813.4 44824.1 16311.5 8816.73 9276.85 28670.7
1.07883e+06 1.07883e+06 0.000947447 0.0137814 0.14052 0.143383 0.0851251 0.0621958 0.0599428 0.0638708 0.0692842 0.0744412 0.07877 0.082309 0.0852687 0.0875413 0.0889104 0.0893727  1.74353e+08 5.17476e+06 3.93856e+06 1.22615e+06 806827 165418 91251 173208 144798 28489.2 18536.8 13071.6 13011 4890.82 2741.34 12237
1.63651e+06 1.63651e+06 0.000923466 0.0134279 0.136571 0.138899 0.0824935 0.0603705 0.0582594 0.0621312 0.0674352 0.0724805 0.076712 0.0801688 0.0830569 0.085273 0.086607 0.0870572  1.62176e+07 4.59946e+07 4.47408e+06 1.54191e+06 1.13569e+06 612518 191035 97201.7 178452 140009 29365.1 21046.3 14907.7 15393.2 5950.74 19518.8
1.94013e+07 1.94013e+07 0.00503401 0.0708245 0.527535 0.532389 0.363457 0.281645 0.273617 0.289102 0.309617 0.328616 0.344319 0.357187 0.368141 0.376721 0.382004 0.383822  6.38793e+06 1.21748e+07 3.00052e+07 3.15505e+06 1.05845e+06 957487 520824 173200 84601.7 149601 116356 24926.9 18579.5 13514.3 14522.1 25157.1
2.24225e+06 2.24225e+06 0.00142501 0.0206425 0.201963 0.205506 0.124322 0.0915805 0.0884003 0.094128 0.101965 0.1094 0.115627 0.120716 0.124979 0.12826 0.13024 0.130911  5.91858e+06 3.39517e+06 5.02196e+06 4.38278e+06 989281 367580 437642 226964 81915.1 37817 64235.9 50199.7 11248.7 8926.95 6667.57 20552.8
1.07541e+06 1.07541e+06 0.00189608 0.0273391 0.255827 0.258743 0.15955 0.118688 0.114879 0.122326 0.132386 0.141879 0.149806 0.156278 0.161703 0.165883 0.168411 0.169268  1.20121e+08 1.71998e+06 982666 1.16402e+06 1.0505e+06 275226 107181 125989 63155.3 22030.2 9953.14 16830.9 13340.9 3082.54 2534.64 8013.93
962596 962596 0.000924427 0.0134507 0.137552 0.14047 0.0832984 0.0608153 0.0585958 0.0624307 0.0677225 0.0727657 0.0769999 0.0804621 0.0833577 0.0855812 0.0869207 0.087373  3.5711e+07 3.0448e+07 1.59961e+06 652883 1.20108e+06 877496 411031 120884 153617 69260.7 25113.2 12018 20377.3 17231.2 4298.56 15579.5
1.56998e+07 1.56998e+07 0.00617822 0.0862378 0.599339 0.607492 0.427899 0.335163 0.32529 0.342315 0.365006 0.385956 0.403252 0.417479 0.429686 0.439322 0.445301 0.447371  9.61013e+06 2.36466e+07 1.97162e+07 1.1358e+06 501352 1.04895e+06 765928 373344 105710 132820 58722.2 21780.2 10661.5 18473.6 16352.2 19910.2
1.62171e+06 1.62171e+06 0.00100959 0.0146704 0.148182 0.150699 0.0897934 0.0657931 0.0634989 0.0677033 0.0734599 0.0789328 0.0835217 0.0872705 0.090404 0.0928093 0.0942581 0.0947472  8.54769e+06 3.57988e+06 7.36259e+06 2.31654e+06 322090 197086 473005 326871 166812 44742.8 56134 24469.4 9507.62 4833.67 8538.43 17837
814751 814751 0.00121246 0.0176009 0.175806 0.179429 0.107576 0.0788717 0.0760216 0.0809332 0.0877001 0.0941383 0.0995386 0.103955 0.107654 0.110498 0.112214 0.112794  1.24355e+08 2.48521e+06 1.04366e+06 1.84704e+06 599947 93498.8 59254.9 140370 94050.8 46564.7 12264.3 15357.2 6801.56 2727.79 1437.56 8127.56
550580 550580 0.000475835 0.00694515 0.0734102 0.0748086 0.0436438 0.0317051 0.0305605 0.0326192 0.0354545 0.0381608 0.0404352 0.0422933 0.0438432 0.04503 0.0457428 0.0459829  2.71154e+07 3.46646e+07 2.21672e+06 714586 1.02189e+06 441117 156878 71459.1 170739 106269 55800.4 14512.6 19185.2 8776.83 3723.39 14012.2
1.66746e+07 1.66746e+07 0.00585988 0.0818238 0.57229 0.573974 0.401607 0.315371 0.307416 0.324683 0.347142 0.367766 0.384737 0.398633 0.410487 0.419799 0.425552 0.427537  6.67303e+06 1.93808e+07 2.31735e+07 1.67296e+06 579337 855043 388024 147287 64671.2 151406 92664.4 49715.7 13158.5 18092.2 8590.34 18244.1
1.3068e+06 1.3068e+06 0.000759062 0.0110475 0.113504 0.115187 0.0680444 0.0497462 0.0480395 0.051282 0.0557105 0.0599229 0.0634559 0.0663402 0.068747 0.0705913 0.0717 0.0720738  3.17869e+06 3.52728e+06 7.16317e+06 3.22069e+06 453346 219358 332387 160365 66820 27781.3 63760.5 38484 21568 5868.67 8439.45 13154.6
755486 755486 0.00118347 0.0171757 0.171274 0.174296 0.1045 0.0767146 0.074023 0.0788641 0.0855003 0.0918067 0.0970931 0.101413 0.105028 0.107806 0.109481 0.110047  9.43934e+07 924375 1.03208e+06 1.8733e+06 865254 133893 66771.3 99994.8 46901.8 19012 7779.81 17851.7 10959.5 6343.93 1789.9 6819.4
461253 461253 0.000545167 0.00795292 0.0836002 0.0851976 0.0498369 0.036238 0.0349314 0.0372766 0.0405058 0.043587 0.0461757 0.0482908 0.0500557 0.0514077 0.05222 0.0524936  1.33152e+07 2.53338e+07 615412 860763 1.51641e+06 818083 225760 89900.4 111787 52047.1 23635.2 9236.54 21933.8 14085.1 8946.35 12448.1
7.27806e+06 7.27806e+06 0.00310391 0.0440237 0.356626 0.346855 0.225543 0.17442 0.171785 0.184145 0.19961 0.213816 0.225495 0.23494 0.242812 0.248861 0.252516 0.253755  6.95558e+06 1.02035e+07 1.68668e+07 484397 709921 1.3064e+06 743690 213605 82689.2 98182.5 45586.6 21242.2 8439.56 20713.1 13816.4 22029.5
1.12433e+06 1.12433e+06 0.000873434 0.0127052 0.129726 0.131931 0.0782091 0.0571977 0.0551966 0.0588746 0.0639134 0.0687075 0.0727291 0.0760141 0.078758 0.0808628 0.0821296 0.0825569  5.79367e+06 3.29851e+06 4.39319e+06 3.09077e+06 167813 298533 567721 344946 104635 39292.8 44499.6 20941.6 10243.5 4189.51 10654.3 19348.2
598065 598065 0.00111705 0.0162172 0.162319 0.164999 0.098724 0.0724579 0.0699443 0.0745545 0.080862 0.0868548 0.0918777 0.0959813 0.0994127 0.102048 0.103636 0.104173  9.74811e+07 1.68477e+06 963985 1.13178e+06 821893 49440.5 90718.5 170245 100385 29577 10918 12351.3 5908.85 2984.24 1265.39 9386.36
437739 437739 0.000474664 0.00692793 0.0732188 0.0746013 0.0435238 0.0316204 0.0304808 0.0325354 0.0353645 0.0380646 0.0403336 0.0421873 0.0437334 0.0449174 0.0456284 0.0458679  2.26483e+07 2.81511e+07 1.15276e+06 912335 945336 556729 75210.1 112755 194082 109941 35606.9 12475.6 14072.8 7120.51 3949.17 14348.7
1.1917e+07 1.1917e+07 0.00467928 0.0659583 0.500235 0.502607 0.339928 0.262978 0.255884 0.270922 0.290683 0.308971 0.324078 0.336433 0.346913 0.355097 0.360122 0.361846  9.19415e+06 1.57803e+07 1.92621e+07 875318 743781 825817 488602 73624.3 103170 170085 96625.5 32118.1 11416.9 13230.1 6992.69 18876
2.01046e+06 2.01046e+06 0.00133595 0.0193706 0.191252 0.194916 0.117461 0.0863408 0.0832828 0.0886673 0.0960594 0.103082 0.108967 0.113779 0.11781 0.12091 0.122782 0.123415  5.38215e+06 5.32844e+06 5.6292e+06 3.53987e+06 269115 303432 366820 211723 37233.2 47461.3 74265 43011 15019.3 5468.14 6502.61 13501.8
739535 739535 0.00121248 0.0175918 0.174929 0.177944 0.106818 0.0784657 0.0757264 0.0806798 0.0874641 0.093909 0.0993103 0.103724 0.107418 0.110256 0.111968 0.112546  6.40464e+07 1.56439e+06 1.54568e+06 1.33498e+06 871077 76167.1 89578.8 106753 59544.4 10123.5 12634.1 19688.3 11568.5 4166.2 1571.7 5956.87
246790 246790 0.000252505 0.00369234 0.0397877 0.0405804 0.0234621 0.0169822 0.0163604 0.0174706 0.0190033 0.0204686 0.0217013 0.0227084 0.0235477 0.0241898 0.0245749 0.0247045  5.45509e+07 2.16148e+07 1.34331e+06 1.36369e+06 1.02666e+06 649417 109314 115671 120337 62727.9 12824.9 14737.2 23267.2 14534.1 5907.35 10776
9.18961e+06 9.18961e+06 0.00338084 0.0481985 0.404339 0.409225 0.265325 0.201144 0.194906 0.206678 0.222485 0.237281 0.249579 0.25964 0.268137 0.274738 0.278766 0.280142  1.07227e+07 3.68095e+07 1.53174e+07 1.15375e+06 1.16354e+06 907193 590939 106099 106378 108123 56106.7 12042.8 13792.4 22339.3 14636.2 17681.8
1.50257e+06 1.50257e+06 0.000553622 0.00807344 0.0846062 0.0860708 0.0503995 0.0366897 0.0353918 0.0377828 0.0410646 0.0441933 0.0468207 0.0489665 0.0507564 0.052127 0.0529504 0.0532277  6.16599e+06 5.69148e+06 1.24971e+07 3.70804e+06 452053 507550 414557 276038 53753.9 50071.3 49750.8 25932.3 6003.01 6877.38 11414.6 17539.8
739543 739543 0.000670292 0.00977024 0.101802 0.103842 0.0610124 0.044416 0.0428018 0.0456469 0.0495699 0.0533124 0.0564564 0.059026 0.0611719 0.0628171 0.0638066 0.0641402  1.56266e+08 1.79376e+06 1.67312e+06 3.43022e+06 1.0509e+06 138085 158307 127494 82551.4 15656.5 14371.6 14291.2 7582.25 1813.61 2154.89 9393.94
210673 210673 0.000147432 0.00215546 0.0232249 0.0235377 0.0135881 0.0098574 0.00951903 0.0101832 0.0110907 0.0119563 0.0126837 0.013277 0.0137706 0.0141475 0.0143732 0.014449  1.15101e+07 4.55749e+07 1.11496e+06 1.81283e+06 1.89091e+06 976060 163869 180751 135098 77915.3 18406.3 15351.6 15791.8 8824.84 2440.41 14943
1.47412e+07 1.47412e+07 0.00371563 0.0525689 0.414705 0.40837 0.269688 0.208648 0.204571 0.218263 0.235666 0.251683 0.26487 0.275576 0.284556 0.291497 0.295717 0.297154  8.52906e+06 8.69977e+06 3.09047e+07 889498 1.53011e+06 1.59056e+06 903537 158739 165251 119813 68980.1 17090.4 14137 15145.2 8846.63 18295.9
1.22013e+06 1.22013e+06 0.000722997 0.0105177 0.107704 0.108806 0.0643017 0.0471129 0.0455774 0.048712 0.0529598 0.0569925 0.0603714 0.0631268 0.0654231 0.0671808 0.0682365 0.0685921  5.14079e+07 4.91778e+06 3.63859e+06 5.7516e+06 280382 622657 645650 424497 78677.3 75425.5 52808.7 30672.3 8216.62 6732.43 7548.48 14311
738600 738600 0.000916891 0.0133099 0.1335 0.134346 0.080094 0.0589712 0.0571421 0.0610899 0.0664016 0.0714303 0.075637 0.0790651 0.0819219 0.0841093 0.0854236 0.0858665  6.33305e+07 1.49468e+07 1.43723e+06 943452 1.5168e+06 81387.4 187178 192556 123393 22286.1 21050.6 14745.4 8714.73 2411.74 2049.25 6893.1
1.33556e+06 1.33556e+06 0.000993552 0.0144293 0.14511 0.146965 0.0876548 0.0643681 0.0622239 0.0664116 0.072104 0.0775059 0.0820306 0.0857234 0.0888066 0.0911713 0.0925944 0.0930745  1.4718e+07 1.82377e+07 4.75498e+06 1.15319e+06 791843 1.18235e+06 88699.8 231898 192062 133004 24109.6 23235.9 16209 10006.3 3287.73 11666.9
8.83996e+06 8.83996e+06 0.00516002 0.0713867 0.473162 0.442319 0.307935 0.250019 0.2513 0.27112 0.293946 0.314194 0.330497 0.343519 0.354309 0.362584 0.367588 0.369287  1.36845e+07 1.05529e+07 1.24464e+07 2.81441e+06 853633 655974 1.0199e+06 81004.2 203049 162049 113756 20951.4 20393 14585 9437.12 14846.6
1.10673e+06 1.10673e+06 0.000971464 0.0140919 0.140387 0.141023 0.0843043 0.0621852 0.0603046 0.0644905 0.0701026 0.0754093 0.0798454 0.083459 0.0864698 0.0887749 0.09016 0.0906267  4.21401e+06 1.15887e+07 3.89763e+06 1.91706e+06 440336 311995 265253 422315 36556.7 87335.4 67464.6 49441.2 9463.39 9414.71 6904.8 12250.1
691483 691483 0.000751714 0.0109242 0.110854 0.111434 0.0660515 0.0485502 0.0470539 0.0503388 0.054756 0.0589404 0.0624421 0.0652948 0.0676697 0.0694862 0.0705764 0.0709434  1.91307e+08 1.22448e+06 3.36384e+06 943792 466285 121073 90180.9 76462.9 118790 10015.1 23550.6 18183.6 13550.3 2678.26 2762.54 5821.53
348909 348909 0.000217899 0.00318243 0.0339554 0.0343106 0.0198858 0.0144654 0.0139856 0.0149683 0.0163042 0.0175764 0.0186443 0.0195149 0.0202389 0.0207916 0.0211226 0.0212338  2.64139e+07 5.52503e+07 1.34682e+06 2.48722e+06 829889 622857 177684 130335 103877 146828 12941.4 29602.6 23123.4 18602.1 3841.75 12951.6
1.45735e+07 1.45735e+07 0.00277423 0.0395739 0.336257 0.332603 0.212905 0.162332 0.158701 0.16953 0.183504 0.196475 0.207204 0.215919 0.223209 0.228824 0.232222 0.233375  1.22872e+07 2.0492e+07 3.7512e+07 1.05449e+06 2.03086e+06 734328 598036 163254 119481 93540.5 131856 12036.3 27410.9 22199.5 18784.3 17696.2
1.85229e+06 1.85229e+06 0.000635827 0.00925893 0.0957412 0.0969164 0.057041 0.0416932 0.0402992 0.0430614 0.0468189 0.0503913 0.0533868 0.0558306 0.0578674 0.0594264 0.0603626 0.0606778  8.05591e+06 9.41644e+06 9.07319e+06 8.16675e+06 363752 860127 350839 312048 78927 57628.4 44493.8 63221.3 6102.26 13900 11703.7 20314.9
847753 847753 0.000735964 0.0107057 0.109547 0.110691 0.0654416 0.0479488 0.0463802 0.0495635 0.0538798 0.057978 0.0614119 0.0642125 0.0665467 0.0683337 0.0694071 0.0697686  1.02965e+08 2.34274e+06 2.75856e+06 2.40971e+06 2.21567e+06 107613 262140 105883 91751.2 22618.1 16277.2 12577.4 18189.3 1813.99 4285.26 10224.2
438955 438955 0.000279841 0.00408915 0.0437768 0.044508 0.0257939 0.0187124 0.0180505 0.0192885 0.0209879 0.02261 0.0239733 0.0250863 0.0260133 0.0267222 0.0271473 0.0272902  1.92715e+07 2.97517e+07 2.9304e+06 1.83628e+06 2.09459e+06 1.75542e+06 158911 254437 116178 100609 24645.8 17313.4 13881.6 21200.1 2416.68 18569.1
6.12976e+06 6.12976e+06 0.00167416 0.0241369 0.226406 0.226552 0.139134 0.103853 0.100942 0.10784 0.116989 0.125587 0.132749 0.13858 0.143449 0.147187 0.149441 0.150203  9.41824e+06 1.46836e+07 2.02881e+07 2.29924e+06 1.51623e+06 1.85074e+06 1.58938e+06 150432 227760 104049 90889.3 22105.5 15870 13211.7 21127.6 21937.4
1.65914e+06 1.65914e+06 0.000769045 0.0111895 0.114661 0.116205 0.0687086 0.0502806 0.0485843 0.051881 0.0563713 0.0606391 0.0642171 0.0671371 0.069573 0.0714392 0.0725609 0.072939  1.06437e+07 6.63098e+06 6.42699e+06 5.45641e+06 908488 702588 920770 801083 80024.3 113059 52574.3 47199 11520.7 8573.67 7441.35 25557.1
650010 650010 0.00068755 0.0100086 0.103105 0.1044 0.0615594 0.0450199 0.0435109 0.0464822 0.0505257 0.0543695 0.0575923 0.0602218 0.062414 0.0640926 0.0651009 0.0654406  1.50834e+08 3.09497e+06 1.93881e+06 1.66978e+06 1.45203e+06 266352 212751 275912 233534 22703.8 31576.4 14681.9 13407.4 3380.14 2608.36 10413.9
267716 267716 0.000157987 0.00230659 0.024559 0.0246899 0.0143064 0.0104292 0.0101028 0.0108276 0.011805 0.0127341 0.0135131 0.0141475 0.0146743 0.015076 0.0153162 0.0153968  1.87452e+07 4.15572e+07 3.22588e+06 1.86178e+06 1.36711e+06 1.0774e+06 324369 181532 277186 227144 24927.9 30123.1 15096.3 14657.8 3894.33 15593.1
7.37181e+06 7.37181e+06 0.00157119 0.0226748 0.214705 0.215075 0.131551 0.0979947 0.0951971 0.101706 0.110358 0.118499 0.125284 0.13081 0.135424 0.138964 0.141098 0.141819  2.86317e+07 1.36642e+07 2.77944e+07 2.46409e+06 1.5222e+06 1.16549e+06 950419 293729 158500 242257 198974 22499.6 27151.4 14213.8 14490.5 20057.7
1.32514e+06 1.32514e+06 0.000566417 0.00824939 0.0854967 0.0863377 0.0507291 0.0370966 0.0358882 0.0383777 0.0417517 0.0449572 0.047644 0.0498347 0.0516588 0.053054 0.053891 0.0541727  1.02871e+07 1.04374e+07 5.54473e+06 7.18603e+06 957906 739612 582822 480697 150807 77250.7 119599 99741.1 11858.4 14363.2 7895.76 20214.8
631026 631026 0.000623964 0.0090678 0.0922008 0.0921326 0.054477 0.0401143 0.0389676 0.0417648 0.0454911 0.049014 0.0519589 0.0543544 0.0563447 0.0578643 0.0587747 0.0590807  6.04304e+07 2.99147e+06 3.05851e+06 1.48045e+06 1.94958e+06 282352 224812 175763 141471 43314 21889.7 33938.9 28819.4 3541.05 4448.56 9026.55
600133 600133 0.00052304 0.00762378 0.0796039 0.0806201 0.0472367 0.0344631 0.0333013 0.0355916 0.0387116 0.0416803 0.0441709 0.0462028 0.0478956 0.0491907 0.0499679 0.0502295  1.20389e+07 2.10998e+07 1.85214e+06 1.85746e+06 1.17109e+06 1.20525e+06 330747 238812 174117 136387 44339.1 20032 33984.8 30242 4208.81 15647.8
3.42327e+06 3.42327e+06 0.00122049 0.0176547 0.171246 0.17114 0.103451 0.076802 0.0746524 0.0798785 0.0868139 0.0933461 0.0987947 0.103228 0.106921 0.10975 0.11145 0.112023  6.35017e+07 8.91186e+06 1.49781e+07 1.3939e+06 1.42695e+06 995287 1.04192e+06 298690 213612 151266 118536 38916.6 17749.3 31394.2 29199.3 20145
1.72195e+06 1.72195e+06 0.000984681 0.0142982 0.14362 0.145253 0.0866518 0.0636766 0.0615896 0.0657589 0.0714122 0.0767736 0.0812628 0.0849254 0.0879822 0.0903259 0.0917359 0.0922116  4.50174e+06 2.03329e+07 3.73149e+06 4.77819e+06 584962 668841 504463 519847 156405 111278 77175.6 61592.2 20787.3 9683.9 17960 29629.4
865075 865075 0.000691416 0.0100604 0.103246 0.104277 0.0615566 0.0450867 0.0436179 0.0466228 0.0506949 0.0545613 0.0578012 0.0604431 0.0626444 0.0643291 0.0653407 0.0656814  4.64302e+07 1.30853e+06 5.91704e+06 922826 1.20506e+06 165880 197714 147880 148191 43335.5 30310.4 20995.9 17031.5 5934.38 2866.03 14584.9
370471 370471 0.000381978 0.00557391 0.0588811 0.0596431 0.0347542 0.0253033 0.0244451 0.0261357 0.0284412 0.030637 0.0324801 0.0339837 0.0352356 0.0361927 0.0367667 0.0369597  5.95215e+07 1.56868e+07 929104 2.26086e+06 758462 848520 141199 214575 154691 144681 45468.6 31387.2 22006.4 18629.4 6981.59 20954.7
4.22708e+06 4.22708e+06 0.00172391 0.0248057 0.228902 0.226981 0.140091 0.105194 0.102622 0.10986 0.119312 0.128154 0.135502 0.141471 0.146444 0.150256 0.152552 0.153326  5.4542e+07 3.90498e+07 1.10395e+07 745236 1.65418e+06 652414 744406 127545 192217 135438 126432 40197.2 28464.1 20603.5 18195.8 28480.7
3.28874e+06 3.28874e+06 0.00124211 0.0179983 0.176992 0.178882 0.107763 0.0795 0.0769322 0.0820917 0.089071 0.0956781 0.101205 0.105714 0.109481 0.112373 0.114116 0.114704  9.29898e+06 1.71291e+07 1.26254e+07 3.1363e+06 305415 635403 315356 357915 63251.9 94984.1 65844.3 62231.5 20345.3 14995.1 11231.1 26652.6
889426 889426 0.000635793 0.00926048 0.0959359 0.0972459 0.0572029 0.0417757 0.0403544 0.0431038 0.0468543 0.0504227 0.0534162 0.0558591 0.0578959 0.0594553 0.060392 0.0607074  5.14991e+07 2.702e+06 4.9602e+06 2.96184e+06 749298 83925 183609 90461 99700.3 17090.3 25181.3 17408.9 16707.1 5635.74 4304.96 11271.8
728635 728635 0.000679933 0.00989056 0.101285 0.102068 0.0602796 0.0442029 0.0428007 0.0457754 0.0497915 0.053601 0.0567915 0.0593918 0.0615571 0.0632135 0.0642076 0.0645422  2.06695e+07 1.89497e+07 1.85547e+06 1.93326e+06 1.33743e+06 716307 112983 176077 97397.6 95892.1 17305.6 27300.6 19157.6 19373.5 6911.39 19878.5
6.06891e+06 6.06891e+06 0.00262372 0.0375314 0.326501 0.32587 0.206967 0.156666 0.152573 0.162682 0.175949 0.188331 0.198604 0.206969 0.213979 0.219385 0.22266 0.223772  3.57449e+07 1.59996e+07 1.31752e+07 1.35865e+06 1.32058e+06 1.03069e+06 636340 107022 151903 83378 81382.7 15101.9 24196.4 17541.7 18578.7 26822.8
1.3445e+06 1.3445e+06 0.000717776 0.0104339 0.106182 0.10675 0.0631938 0.0464288 0.0449998 0.0481493 0.0523836 0.0563949 0.0597518 0.0624864 0.0647627 0.0665034 0.067548 0.0678995  5.75316e+06 1.20461e+07 7.08997e+06 3.32044e+06 514043 506530 445210 323923 57916.6 72920.1 40206.2 39420.7 7699.64 12688.3 9530.78 25998.1
706482 706482 0.000739364 0.0107431 0.108901 0.109309 0.0648 0.047665 0.0462241 0.0494716 0.0538273 0.0579508 0.0614003 0.0642094 0.066547 0.0683344 0.0694067 0.0697676  3.0497e+07 1.67232e+06 3.51391e+06 1.80965e+06 852804 145921 149823 131172 93245.2 16269.7 20200.1 11148.6 11125.8 2245.28 3837.23 11141.1
425797 425797 0.000416754 0.00608467 0.0645392 0.065706 0.0382606 0.0277873 0.026793 0.0286095 0.0311077 0.0334919 0.0354954 0.0371317 0.038496 0.0395402 0.040167 0.040378  4.88433e+07 9.28826e+06 2.18479e+06 1.62341e+06 1.56769e+06 814417 149159 152049 118242 99087.5 18869.6 21374.9 12056.5 12429.5 2818.78 18973.8
4.08599e+06 4.08599e+06 0.00226135 0.0324349 0.289597 0.288812 0.181244 0.136611 0.133036 0.142016 0.153812 0.164841 0.174001 0.181456 0.187692 0.19249 0.195392 0.196375  1.78221e+07 3.32021e+07 6.43942e+06 1.7299e+06 1.25348e+06 1.38555e+06 743205 139147 136956 103110 88145.4 17399.8 19521.1 11360.3 12219 22544.3
1.72868e+06 1.72868e+06 0.000761701 0.0110843 0.113739 0.115338 0.0681615 0.0498574 0.0481632 0.0514244 0.0558717 0.0601001 0.0636457 0.0665397 0.0689541 0.070804 0.071916 0.0722908  4.69372e+06 6.70571e+06 1.16077e+07 1.65423e+06 673221 507872 673087 368531 70442.4 66667.1 48736.3 43468.6 9084.8 10163.7 6117.48 19746.2
681427 681427 0.000721685 0.01051 0.108607 0.110444 0.0650975 0.0475091 0.0458396 0.0489144 0.0531303 0.0571453 0.060515 0.0632672 0.0655645 0.0673253 0.0683839 0.0687408  7.49242e+07 1.36489e+06 1.96138e+06 3.02612e+06 442287 198071 154175 202089 107616 20016.4 18647.4 13630.2 12365.9 2669.37 3096.64 8173.3
197869 197869 0.000203641 0.00297312 0.0316317 0.0318691 0.0184826 0.0134651 0.0130331 0.0139591 0.0152118 0.0164034 0.017403 0.0182174 0.0188941 0.0194105 0.0197195 0.0198233  2.11238e+07 2.48876e+07 852568 1.22874e+06 1.95848e+06 365932 266638 156870 211035 112720 20546.8 19722.8 14100 13892.5 3403.15 13964.8
5.87249e+06 5.87249e+06 0.00222694 0.0317328 0.269431 0.258793 0.164242 0.126508 0.12511 0.13483 0.146863 0.157922 0.167017 0.174347 0.180413 0.185042 0.187819 0.188755  2.4839e+07 1.60038e+07 1.71196e+07 666834 973501 1.64745e+06 330607 246771 139308 185521 99362.7 18528.8 18055.5 13271.9 13723 18005
2.27072e+06 2.27072e+06 0.00128071 0.0185501 0.181711 0.183536 0.110749 0.081776 0.0791569 0.0844686 0.0916447 0.0984347 0.104113 0.108745 0.112615 0.115586 0.117376 0.117981  4.4248e+06 8.70255e+06 6.81224e+06 3.84035e+06 218933 380976 710277 156478 119650 64025.2 85164.8 46413.2 9023.33 9021.49 6817.39 17266.3
647426 647426 0.000836254 0.0121361 0.121601 0.121712 0.0724937 0.0534839 0.0519292 0.0555988 0.0604954 0.0651225 0.0689892 0.0721362 0.0747544 0.0767561 0.0779572 0.0783614  4.51402e+07 1.28561e+06 2.51765e+06 1.58256e+06 907316 59725.7 109512 202801 43388.6 32175.8 16890.1 22402.4 12395.4 2486.27 2576.18 7128.62
114212 114212 0.000132596 0.00193738 0.020772 0.0209572 0.0121137 0.00880905 0.00852122 0.00912551 0.00994527 0.0107258 0.011381 0.0119149 0.0123586 0.0126971 0.0128997 0.0129676  2.66138e+07 1.5547e+07 1.07396e+06 1.30686e+06 1.47939e+06 815563 62832.6 131184 220601 47270.9 36056.7 18214 24812.3 14710.2 3235.35 12726.5
4.38e+06 4.38e+06 0.00215358 0.0309033 0.277336 0.275981 0.172681 0.130138 0.126832 0.135504 0.146862 0.157477 0.166291 0.17346 0.17945 0.184055 0.186836 0.187778  2.1857e+07 1.84277e+07 1.07943e+07 869896 1.0379e+06 1.33289e+06 739255 59722 121175 198243 42886.4 32878.8 16871.2 23845.7 14810 16862.9
1.67185e+06 1.67185e+06 0.00100499 0.0145864 0.145918 0.14731 0.088006 0.0647577 0.06268 0.0669469 0.0727143 0.078179 0.0827523 0.086482 0.0895938 0.091979 0.0934137 0.0938976  5.11983e+06 8.88427e+06 6.71801e+06 2.78081e+06 336411 437808 677451 367799 31182.5 60924.6 96980.4 21491.6 16755.5 8823.94 12974.4 18187.2
558242 558242 0.000655657 0.00953365 0.0973414 0.097743 0.0577526 0.0424224 0.0411306 0.0440271 0.0479161 0.0516002 0.0546833 0.0571942 0.0592831 0.0608796 0.0618371 0.0621592  9.88359e+07 1.48801e+06 2.58253e+06 1.64442e+06 691368 94369.4 128404 197336 104262 8594.5 16510.1 26250.4 5912.9 4759.26 2598.35 9497.97
1.15802e+06 1.15802e+06 0.00105931 0.015354 0.151761 0.152347 0.0913931 0.0675215 0.065502 0.0700418 0.0761189 0.0818604 0.0866579 0.0905655 0.0938219 0.0963159 0.0978151 0.0983204  6.23241e+07 3.18803e+07 948807 1.83859e+06 962998 599070 111602 137343 215456 108496 9178.31 17686.1 28144.3 6827.38 5696.7 15108.5
5.15828e+06 5.15828e+06 0.00128595 0.0186127 0.181247 0.18233 0.110207 0.0815751 0.0790893 0.0844767 0.0917037 0.0985287 0.10423 0.108876 0.112755 0.11573 0.117521 0.118126  5.74865e+07 4.09662e+07 2.15727e+07 626816 1.28394e+06 750541 503425 100261 117342 181627 89936.6 7874.8 15197.8 24873.3 6346.84 20064.1
2.50146e+06 2.50146e+06 0.000745431 0.0108427 0.110872 0.112035 0.0662595 0.0485548 0.0469682 0.0501918 0.0545619 0.0587107 0.0621868 0.0650217 0.0673846 0.0691937 0.0702804 0.0706465  6.00034e+06 1.73504e+07 1.34944e+07 6.35605e+06 268321 661466 390433 267663 56454.2 62393.4 96596.7 47783.5 4429.36 8684.88 14672.5 16438.2
1.2331e+06 1.2331e+06 0.000785525 0.0114181 0.116025 0.116979 0.0693477 0.0509108 0.0492894 0.0526915 0.0572864 0.0616437 0.065292 0.0682661 0.0707442 0.0726411 0.0737803 0.074164  9.03767e+07 1.74457e+06 5.06917e+06 3.48675e+06 1.67134e+06 77789.9 198665 116314 77697.1 15964.6 17380.6 26916.7 13547.2 1297.22 2637.61 9774.54
526347 526347 0.00048181 0.00703558 0.0746503 0.0763138 0.0444762 0.0322533 0.031052 0.0331197 0.0359829 0.0387196 0.0410211 0.0429027 0.0444734 0.0456769 0.0464001 0.0466438  2.1127e+07 2.36758e+07 1.00021e+06 1.7946e+06 1.74608e+06 1.20238e+06 90439.7 224810 112919 78711.1 17361.6 17906.9 28111.9 14697.1 1607.66 14892.3
7.56031e+06 7.56031e+06 0.00300587 0.042881 0.363386 0.36319 0.233502 0.177482 0.172814 0.184015 0.198718 0.212416 0.223772 0.233026 0.240797 0.246804 0.250453 0.251694  2.25706e+07 1.51644e+07 1.568e+07 748762 1.33266e+06 1.46822e+06 1.07173e+06 85417.5 205389 100226 69302.6 15848.7 16348.2 26537.2 14406 17005.6
2.06149e+06 2.06149e+06 0.00132556 0.019186 0.186717 0.188176 0.113828 0.0842106 0.0815887 0.0870987 0.0945119 0.101517 0.107371 0.112144 0.11613 0.11919 0.121033 0.121656  7.27544e+06 9.69254e+06 5.8728e+06 3.08604e+06 242200 465095 624004 490634 42353.5 98023.2 46674.1 32424.8 7876.52 8185.86 13777.1 17040.4
988051 988051 0.0010406 0.0151288 0.153401 0.156735 0.0933308 0.0682247 0.0657236 0.0699888 0.0758796 0.0814922 0.0862037 0.0900573 0.0932824 0.0957608 0.0972551 0.09776  1.99592e+08 2.11348e+06 2.79921e+06 1.34187e+06 713562 65052.7 132197 176527 134904 11297.1 25650.1 12177.8 8588.75 2152.45 2318.3 9030.08
1.06906e+06 1.06906e+06 0.000736166 0.0107172 0.110404 0.112111 0.0661539 0.0483317 0.0466617 0.0498078 0.0541094 0.0582027 0.0616366 0.0644403 0.0667799 0.0685728 0.0696506 0.0700138  5.17323e+07 5.27312e+07 1.45528e+06 1.55499e+06 1.0779e+06 523934 92459.2 132458 179129 139507 13075.6 28638.9 13735.3 10129.4 2903.9 14711.5
1.06976e+07 1.06976e+07 0.00201433 0.0288974 0.259293 0.256043 0.15986 0.1208 0.118082 0.126442 0.137262 0.147345 0.155706 0.162491 0.168146 0.172483 0.175096 0.175979  1.80303e+07 3.53199e+07 3.44821e+07 1.05023e+06 1.16587e+06 907898 455417 85818.6 114933 153192 119188 11597.8 25585 12719.6 9718.23 17773.2
2.22201e+06 2.22201e+06 0.000683003 0.00994633 0.102813 0.104338 0.0614581 0.044885 0.0433434 0.0462805 0.0502925 0.0541101 0.0573128 0.0599272 0.062108 0.0637784 0.0647822 0.0651204  5.40272e+06 6.15252e+06 1.2484e+07 7.49409e+06 388891 506154 435661 220920 45348.6 56089.1 74916.8 59436.5 6175.78 13889.4 7191.98 16254.7
856224 856224 0.000803746 0.0116945 0.119789 0.121614 0.0719509 0.0526215 0.050809 0.0542252 0.0588939 0.0633346 0.067059 0.0701001 0.0726384 0.0745841 0.0757542 0.0761487  5.14253e+07 1.57128e+06 1.80268e+06 3.31357e+06 2.04323e+06 115811 155001 131846 65035.1 12996.4 15830.8 21150.5 17073.1 1832.59 4274.02 7477.82
976893 976893 0.00101064 0.01468 0.147806 0.149974 0.0894431 0.0656248 0.063393 0.0676261 0.0733988 0.0788811 0.0834752 0.0872263 0.0903599 0.0927643 0.0942119 0.0947005  1.66978e+07 2.27584e+07 1.42059e+06 947717 1.7552e+06 1.14068e+06 129150 155063 137524 65912.9 14745.3 16286.4 22293 18808.9 2298.69 14540
4.9496e+06 4.9496e+06 0.0018019 0.0259406 0.240045 0.239546 0.147921 0.110776 0.107801 0.115202 0.124965 0.134121 0.14174 0.147939 0.153115 0.157089 0.159486 0.160296  4.93665e+07 1.18804e+07 1.62207e+07 993968 672036 1.39362e+06 931072 116725 134603 116922 55776.3 12812.5 14082.3 19969.4 17547.3 16573.6
1.97595e+06 1.97595e+06 0.00111968 0.016235 0.160806 0.162236 0.0973595 0.0717798 0.069502 0.0742202 0.0805868 0.0866134 0.0916542 0.0957649 0.0991957 0.101827 0.10341 0.103945  1.25707e+07 1.61048e+07 4.59734e+06 4.91373e+06 403639 305059 664911 435884 62729.4 69429.3 60041.3 29130 7047.83 7792.07 11508.8 20650.7
1.12474e+06 1.12474e+06 0.00104337 0.0151432 0.151387 0.153095 0.0915304 0.0673148 0.0651087 0.069501 0.0754567 0.0811037 0.0858314 0.0896889 0.0929093 0.095379 0.0968654 0.097367  4.12592e+07 3.65288e+06 4.6705e+06 1.09786e+06 1.19021e+06 111470 88466 191657 122217 17087.4 18580.2 16039.1 7906.17 1974.34 2262.67 9672.09
1.10344e+06 1.10344e+06 0.00115729 0.0168093 0.168812 0.17243 0.103139 0.0755317 0.0727829 0.0774891 0.0839805 0.0901598 0.0953443 0.0995848 0.103135 0.105866 0.107513 0.108069  1.23861e+07 1.41106e+07 1.55722e+06 2.16675e+06 807512 1.07528e+06 140622 94886.6 177541 112738 18446.5 19206.2 17244.4 8966.89 2492.53 14690
5.49968e+06 5.49968e+06 0.00362429 0.0508952 0.380846 0.359788 0.239608 0.189759 0.189373 0.20433 0.222142 0.23822 0.2513 0.26179 0.270471 0.277108 0.281104 0.282454  4.77152e+07 9.36906e+06 9.68915e+06 991474 1.53414e+06 684615 955939 129427 83631.3 150136 93994.6 16000.8 16762.9 15553.9 8441.74 16880.3
1.18319e+06 1.18319e+06 0.000984673 0.0143117 0.144902 0.147407 0.0877398 0.0642553 0.0620063 0.066112 0.0717371 0.0770865 0.0815725 0.0852375 0.0883007 0.0906519 0.092068 0.092546  5.19636e+06 1.52203e+07 3.88429e+06 1.85113e+06 247826 547722 300322 436108 62616.4 38912.3 67814.6 42746.3 7849.82 8380.06 8078.37 13822.9
1.12858e+06 1.12858e+06 0.0010785 0.0156682 0.157804 0.160788 0.0959808 0.0703105 0.0678066 0.0722442 0.0783423 0.0841438 0.0890099 0.0929875 0.0963149 0.098871 0.100412 0.100932  1.4958e+08 1.51089e+06 4.43976e+06 980181 482534 72235.2 165161 89361.1 125818 17528.2 10697.6 18610 11919.4 2259.4 2500.35 6767.36
2.29471e+06 2.29471e+06 0.00188121 0.0271701 0.257756 0.263128 0.161641 0.119574 0.115316 0.12253 0.132446 0.141846 0.149715 0.156154 0.161565 0.165742 0.168272 0.169131  5.21487e+07 4.26149e+07 1.30277e+06 1.58231e+06 869471 506567 103796 210581 107793 141521 20927.7 12244.8 20919.2 14067.3 3049.09 12448.1
1.16287e+07 1.16287e+07 0.00271092 0.0387582 0.335376 0.334999 0.213329 0.161588 0.157326 0.167676 0.181273 0.193961 0.204488 0.213061 0.220251 0.225799 0.229163 0.230306  6.31949e+07 3.43722e+07 2.79135e+07 815668 959025 694105 436008 92228 179122 89590.7 114995 17347.4 10222.2 17906.2 12497.9 14554.2
3.59415e+06 3.59415e+06 0.00125324 0.0181684 0.179363 0.181914 0.109491 0.080621 0.0779095 0.0830623 0.090076 0.0967265 0.102294 0.106841 0.110643 0.113564 0.115325 0.11592  7.0086e+06 1.86921e+07 1.11381e+07 6.06901e+06 326960 399376 354510 227947 49726.1 93029.4 46539.2 59762 9457.27 5713 10315.1 16358.8
1.59377e+06 1.59377e+06 0.00114901 0.0166718 0.166011 0.168425 0.100968 0.0742227 0.0717057 0.0764609 0.0829428 0.0890943 0.0942469 0.0984547 0.101972 0.104673 0.1063 0.10685  2.65809e+07 2.03683e+06 5.41952e+06 2.63942e+06 1.47616e+06 91248.3 116707 102533 63903.1 13506.3 24775.5 12355.7 16106.7 2629.58 1646.24 7957.83
660226 660226 0.000639222 0.00931109 0.096514 0.0978917 0.0575773 0.042038 0.0406007 0.0433624 0.0471324 0.0507199 0.0537295 0.056186 0.0582344 0.0598029 0.0607451 0.0610624  1.63093e+07 1.35275e+07 2.23466e+06 1.6747e+06 1.26195e+06 1.1122e+06 129909 118191 115920 70185 16023.2 27822.6 14484.1 19145.9 3465.3 12611.5
4.48687e+06 4.48687e+06 0.00219624 0.0315324 0.284007 0.284025 0.177677 0.133589 0.129939 0.138639 0.150129 0.160891 0.169838 0.177124 0.183221 0.187915 0.190753 0.191715  1.21025e+08 1.24264e+07 9.89343e+06 1.66827e+06 1.15556e+06 1.02842e+06 976188 121323 105698 102023 61689.2 14455.2 25252.1 13688.7 18695.3 16445.1
1.50968e+06 1.50968e+06 0.000779506 0.0113368 0.115736 0.117044 0.0692896 0.0507754 0.0491025 0.0524576 0.0570115 0.0613353 0.0649584 0.0679138 0.0703781 0.0722653 0.0733994 0.0737815  3.87576e+06 3.44673e+07 5.44183e+06 3.02312e+06 655704 431586 475970 484164 64679.8 53632.4 51518.5 31651.1 7782.55 13830.5 7848.49 20843.9
1.00943e+06 1.00943e+06 0.00052895 0.00771644 0.0811436 0.0826364 0.0483214 0.0351415 0.0338819 0.036163 0.0393012 0.0422949 0.0448101 0.0468647 0.0485787 0.0498915 0.05068 0.0509457  8.92763e+06 1.12686e+06 1.00672e+07 1.40061e+06 793254 190104 129629 141717 140377 18259.5 14908.6 14321.3 8950.39 2273.18 4188.91 9009.91
505473 505473 0.00054388 0.00793317 0.0833077 0.0848295 0.0496355 0.0361088 0.0348184 0.0371637 0.0403882 0.0434636 0.046047 0.0481572 0.0499177 0.0512661 0.0520762 0.0523491  3.21009e+07 8.28586e+06 662402 2.85429e+06 1.33287e+06 838717 243795 120321 135267 140975 20064.5 15713.6 15357.6 10149.3 2892.02 16401.9
2.15188e+06 2.15188e+06 0.00131303 0.0190242 0.186745 0.189261 0.114196 0.0841924 0.0813912 0.0867768 0.0940944 0.101028 0.10683 0.111568 0.11553 0.118574 0.12041 0.12103  1.45103e+07 2.1705e+07 6.3348e+06 493085 1.9059e+06 1.19549e+06 762717 224719 106065 117241 121943 17825.2 14173.1 14236.8 9839.34 19591
1.63272e+06 1.63272e+06 0.000934427 0.0135817 0.137641 0.139708 0.0830725 0.0608756 0.0587946 0.0627305 0.0681023 0.0732068 0.0774857 0.0809794 0.0838972 0.0861352 0.0874821 0.0879365  3.31165e+07 5.05357e+06 7.6334e+06 2.40139e+06 206844 668004 648299 405125 120254 54022.1 59434.7 62777.8 9630.92 7884.71 8155.97 17773.5
927025 927025 0.0012559 0.0182059 0.179628 0.182133 0.109643 0.0807455 0.078034 0.083196 0.0902208 0.0968816 0.102458 0.107011 0.110819 0.113744 0.115507 0.116103  7.84903e+06 9.62843e+06 1.47412e+06 1.93031e+06 624185 59988 200702 192554 116841 33688.7 14874.8 16344.5 17547.4 2779.27 2358.88 8038.63
928852 928852 0.000987145 0.0143411 0.144642 0.146748 0.0874452 0.0641417 0.061961 0.066104 0.0717537 0.0771198 0.0816168 0.0852884 0.0883553 0.0907081 0.0921244 0.0926024  1.17888e+07 1.10031e+07 3.08385e+06 868378 1.13493e+06 658145 71297.2 131907 193824 114852 33807.7 14835.5 16331.8 18388.6 3226.9 12290.9
4.87023e+06 4.87023e+06 0.00313842 0.0446894 0.372763 0.37089 0.239808 0.183064 0.178599 0.190321 0.205569 0.219732 0.231453 0.240992 0.248998 0.255184 0.25894 0.260218  2.45048e+07 9.12682e+06 8.45616e+06 1.87956e+06 632995 909340 577957 65361.1 106809 164493 95711.3 28464.9 12762.5 14463.8 16927.1 15051
1.76528e+06 1.76528e+06 0.00145471 0.0210562 0.204604 0.207497 0.125817 0.0929002 0.089794 0.0956789 0.103681 0.11126 0.1176 0.122779 0.127114 0.130448 0.13246 0.13314  4.66493e+07 7.2465e+06 4.02963e+06 2.60405e+06 484148 275921 411125 283921 33655.3 46385.5 78384.3 45374.9 13912 6480.88 7582.46 17564.9
1.59176e+06 1.59176e+06 0.00222317 0.0319473 0.28966 0.291517 0.182136 0.136467 0.132384 0.141002 0.152521 0.163346 0.172361 0.179717 0.185884 0.190638 0.193517 0.194494  4.72598e+07 1.35537e+07 2.09335e+06 917779 608753 132127 79339.4 117052 78248.7 8971.06 12104.2 20365.8 11958.3 3780.77 1824.87 7337.65
927889 927889 0.000846782 0.0123246 0.126499 0.128942 0.0762926 0.0557003 0.0537014 0.0572528 0.0621389 0.0667937 0.0707011 0.0738944 0.0765629 0.0786105 0.0798431 0.080259  1.56236e+07 1.48226e+07 4.03327e+06 589998 895685 798550 144053 100202 124135 86010.9 10864.7 12784.8 23004.6 14212.2 4778.5 12211.6
4.62226e+06 4.62226e+06 0.00238703 0.0340738 0.292587 0.285665 0.18129 0.138589 0.136157 0.146069 0.158626 0.17024 0.179826 0.187584 0.194039 0.198986 0.201967 0.202974  5.23853e+07 1.1118e+07 1.03798e+07 2.49307e+06 427300 800351 735883 134411 91684.3 108156 74842.1 9802.73 11384.5 21401.5 13731.9 17190
2.07951e+06 2.07951e+06 0.00150574 0.0218036 0.212404 0.216443 0.131255 0.0967112 0.0933056 0.0992935 0.107506 0.1153 0.121828 0.127166 0.131641 0.135087 0.137169 0.137874  2.16156e+07 1.70452e+07 4.24446e+06 2.65557e+06 594148 167960 403699 374931 69844.7 47074.8 53254 37626.1 5257.2 6069.07 12014.1 18131.4
1.56163e+06 1.56163e+06 0.00152488 0.0220679 0.213901 0.217398 0.132049 0.0974629 0.0941201 0.100209 0.108523 0.116404 0.123 0.128392 0.132908 0.136385 0.138485 0.139196  1.41502e+07 6.2815e+06 4.92918e+06 973366 631850 164990 48910.2 115937 103943 18693.3 12318.9 13864.9 9931.91 1430.61 1710.99 8796.97
703837 703837 0.000691167 0.0100739 0.10488 0.107049 0.0629322 0.0458114 0.0441383 0.047064 0.0511015 0.0549536 0.0581899 0.0608352 0.0630449 0.0647394 0.0657587 0.0661024  1.74294e+07 1.36446e+07 2.08797e+06 2.16042e+06 773029 623402 146185 53146.3 132155 114708 20931.3 14246.5 15582.7 11756.3 1930.64 13680.8
4.66617e+06 4.66617e+06 0.0023254 0.0334126 0.302238 0.305376 0.191223 0.143153 0.138682 0.147543 0.159461 0.170671 0.180015 0.187645 0.194053 0.199 0.201999 0.203018  3.86549e+07 1.30302e+07 1.04016e+07 1.39357e+06 1.63203e+06 683217 590401 132045 48693.9 117286 100360 18730.6 13030.6 14544.2 11438.3 15931.2
1.16428e+06 1.16428e+06 0.000680183 0.00991575 0.103421 0.105633 0.0620571 0.0451503 0.0434906 0.0463686 0.0503447 0.0541393 0.0573279 0.0599346 0.0621123 0.0637824 0.064787 0.0651258  2.25275e+07 1.16715e+07 5.4802e+06 3.44786e+06 431285 702573 348558 319719 66421.9 25199.3 59204.7 50637.1 9882.78 7134.93 8128.4 16055
835726 835726 0.000863409 0.0125668 0.128971 0.131581 0.0778747 0.0568366 0.0547761 0.0583813 0.0633505 0.0680863 0.0720625 0.0753129 0.07803 0.0801154 0.0813711 0.0817949  2.6884e+06 6.55385e+06 3.42873e+06 1.48761e+06 974916 132371 219908 107245 95389.8 19257.6 7187.66 16881.5 14685.8 2960.38 2216.18 7782.54
360157 360157 0.000366002 0.00534793 0.0571544 0.058335 0.0338672 0.0245428 0.0236406 0.0252326 0.0274319 0.0295339 0.0313017 0.0327463 0.0339511 0.0348734 0.0354271 0.0356135  7.02327e+06 9.87863e+06 2.62777e+06 1.25134e+06 1.19716e+06 990936 120398 216896 109925 95501.1 19258.7 7447.19 17535.1 15873.9 3495.47 12113.3
2.80959e+06 2.80959e+06 0.0016261 0.0234795 0.223103 0.224752 0.13746 0.102133 0.0989985 0.105606 0.114475 0.12284 0.129821 0.135515 0.140276 0.143936 0.146144 0.146892  9.77483e+06 5.18107e+06 8.26651e+06 1.90932e+06 946665 1.06866e+06 920767 113380 196983 98876.2 85852.1 17368.3 6907.27 16681.6 15679.7 16208.3
731192 731192 0.000636828 0.00928545 0.0970632 0.0990477 0.0581131 0.0422784 0.0407378 0.0434489 0.0471886 0.050757 0.0537552 0.0562056 0.0582517 0.0598203 0.0607636 0.0610815  3.75641e+07 3.92187e+06 2.15894e+06 3.51043e+06 671410 379132 540136 481186 60072.6 100290 50544 44584.7 9189.57 3819.36 9468.69 18902.1
596996 596996 0.00100849 0.0146457 0.147209 0.149161 0.0889967 0.0653455 0.0631538 0.0673901 0.0731549 0.0786269 0.083211 0.0869529 0.0900777 0.0924746 0.0939174 0.0944043  4.0299e+07 1.09285e+07 1.1526e+06 589166 995850 206159 118707 166360 143822 17459.4 28690.4 14459.7 12976.3 2762.83 1190.75 9164.51
450807 450807 0.000430272 0.00628257 0.0666734 0.0679598 0.0395748 0.0287272 0.027687 0.0295549 0.0321288 0.0345865 0.0366522 0.0383399 0.0397474 0.040825 0.041472 0.0416899  1.08134e+07 1.27451e+07 3.58516e+06 832111 445036 1.08905e+06 186951 101998 161277 137882 17404.3 27928.6 14599.1 13422.5 3102.55 11818.9
3.19363e+06 3.19363e+06 0.00209558 0.0295789 0.234289 0.213364 0.137163 0.10886 0.110099 0.120361 0.13226 0.142974 0.151674 0.158591 0.164229 0.168475 0.170991 0.17183  1.50106e+07 8.42556e+06 8.76043e+06 2.44276e+06 688708 403746 1.04354e+06 174551 91389.4 143333 121690 15814 25517.6 13858.8 13233 15349.3
1.36052e+06 1.36052e+06 0.00137523 0.0199168 0.194639 0.19732 0.119316 0.0880237 0.0850869 0.0906919 0.098311 0.105529 0.111569 0.116501 0.120628 0.1238 0.125713 0.12636  1.46937e+07 5.25481e+06 3.7016e+06 1.7402e+06 488046 252472 173929 495269 81330 41121.4 65621.5 56486.8 7779.47 12752.3 7237.55 15538.8
785422 785422 0.00151979 0.0219378 0.208259 0.208401 0.127277 0.0947902 0.0921016 0.0984229 0.106822 0.114725 0.121314 0.126678 0.131154 0.134588 0.136657 0.137355  6.30721e+07 4.26952e+06 1.51994e+06 855184 412296 134120 72961.5 49777 137305 21825 10810.2 17185.3 15010.3 2132.12 3621.59 6701.83
491658 491658 0.000632092 0.00921656 0.0963644 0.0983229 0.0576792 0.0419612 0.0404316 0.0431221 0.046834 0.050376 0.053352 0.0557844 0.0578155 0.0593724 0.0603086 0.0606242  7.29497e+06 1.99696e+07 1.402e+06 878307 692683 376318 149055 95292.6 58658.9 154673 24863.2 12057.9 19306.6 17327.4 2768.84 13276.9
3.15483e+06 3.15483e+06 0.00138832 0.0200632 0.192614 0.192889 0.117219 0.0871158 0.0846199 0.0904545 0.0982174 0.105529 0.111627 0.116592 0.120733 0.123909 0.125821 0.126466  1.6666e+07 5.38687e+06 1.36085e+07 943473 707163 627350 352493 141008 88847.2 53307.6 138674 22599.8 11081.5 18267.6 17001.5 16557
1.07603e+06 1.07603e+06 0.00100093 0.0145297 0.145539 0.147032 0.0878019 0.0645755 0.0624842 0.0667257 0.0724669 0.0779089 0.0824643 0.08618 0.0892806 0.0916576 0.0930875 0.0935697  1.35254e+07 5.41413e+06 2.24051e+06 3.76248e+06 308049 335204 331062 189376 76416.9 47737.6 28282.9 73766.4 12426.4 6244.97 10631.5 20352.6
742650 742650 0.00144622 0.0209392 0.203964 0.207118 0.125484 0.0925648 0.0894126 0.095236 0.103179 0.110709 0.117011 0.122161 0.126473 0.12979 0.131792 0.132469  4.59111e+07 3.93115e+06 1.57439e+06 550224 939979 86742.9 98577.7 96631.8 53772 21092.3 12953.7 7665.27 20320.3 3533.94 1841.18 9463.08
433475 433475 0.000680368 0.00991458 0.103068 0.105017 0.0617534 0.0449913 0.0433757 0.0462699 0.0502525 0.0540495 0.0572383 0.0598438 0.0620192 0.0636868 0.0646896 0.0650276  5.00051e+06 1.35698e+07 1.43845e+06 719348 377162 605919 79731.5 107320 95112.2 54286.1 21674 13444.4 7976.11 21476.1 4169.76 13307
3.07479e+06 3.07479e+06 0.00246376 0.0346179 0.264012 0.238861 0.155588 0.124568 0.126434 0.138366 0.152036 0.164276 0.174179 0.182036 0.188433 0.193249 0.196103 0.197055  3.43946e+06 3.83606e+06 9.25754e+06 972754 552759 331742 534138 74737.4 98290.5 83986.1 47820.4 19290.4 12184.9 7457.31 20746.7 17684.8
1.20955e+06 1.20955e+06 0.00220672 0.03174 0.289947 0.29315 0.18277 0.136551 0.132226 0.140689 0.152097 0.16284 0.1718 0.179119 0.185262 0.190002 0.192874 0.193849  6.76859e+06 2.48729e+06 1.6314e+06 1.69722e+06 213796 186475 138018 222760 35151.8 45858.5 38311 22293.1 9290.28 6070.7 3846.46 20523.9
722793 722793 0.00355404 0.0505859 0.418222 0.422598 0.275634 0.209558 0.203155 0.215352 0.231698 0.24698 0.259675 0.270061 0.278837 0.285658 0.289823 0.291247  1.29623e+07 1.96445e+06 707934 317251 336629 52948.2 49987.1 36775.9 57251 8688.24 11035.7 9140.58 5379.66 2307.89 1561.3 6503.96
458210 458210 0.00087772 0.0127454 0.12826 0.12909 0.0768426 0.05654 0.0547783 0.0585648 0.0636631 0.0684918 0.072532 0.0758246 0.0785681 0.0806683 0.08193 0.0823551  1.04748e+07 8.47761e+06 1.27045e+06 857012 346068 349684 83210.4 72842.3 47059 67264.5 11274.1 14099.5 11413.9 7196.87 3296.05 11670.7
3.04271e+06 3.04271e+06 0.0027223 0.0389058 0.335597 0.334658 0.213303 0.161743 0.157578 0.168001 0.181657 0.194389 0.204947 0.213544 0.220749 0.226308 0.229677 0.230821  6.01599e+06 8.02691e+06 6.28355e+06 914390 667553 302302 317606 78592.9 66453.2 41790.5 58573.7 10166.8 12848.6 10682.4 7033.4 15220.6
1.11673e+06 1.11673e+06 0.00122113 0.0176903 0.173692 0.175135 0.105515 0.0779223 0.0754683 0.0805744 0.0874567 0.0939665 0.0994093 0.103848 0.107553 0.110396 0.112108 0.112686  1.50354e+07 3.16967e+06 3.49211e+06 1.87695e+06 364871 339559 163911 170655 43349.9 35124.1 21642.8 30097.3 5531.73 7157.65 6126.66 13368.4
741653 741653 0.00200283 0.0287887 0.262387 0.26187 0.162828 0.122235 0.11894 0.127007 0.137649 0.147624 0.15592 0.162672 0.168315 0.172653 0.175272 0.176158  2.29261e+07 4.36839e+06 917325 815844 444222 99366 97470 46791.3 47364.1 11679.4 9289.94 5710.72 8065.49 1529.7 2051.49 5789.81
286810 286810 0.000414533 0.006056 0.0645782 0.0659954 0.0383668 0.0278009 0.0267656 0.0285543 0.0310312 0.0333995 0.0353915 0.03702 0.0383788 0.0394196 0.0400447 0.0402553  7.13378e+06 1.21904e+07 1.54647e+06 828313 744793 509619 140080 125619 55097.1 50843.6 13708.1 10558.9 6595.53 9474.51 2050.79 10499.8
3.84403e+06 3.84403e+06 0.00256906 0.0367252 0.31809 0.315539 0.200432 0.152155 0.148539 0.158641 0.171764 0.183979 0.194098 0.202323 0.209203 0.2145 0.217704 0.21879  1.92136e+06 5.87166e+06 9.04658e+06 1.11879e+06 721377 686462 485543 138637 118381 50724 46161.4 12768.8 9940.11 6425.64 9525.09 13304.4
1.24269e+06 1.24269e+06 0.00133026 0.0192907 0.190677 0.194427 0.11712 0.086058 0.0829928 0.0883492 0.0957098 0.102704 0.108567 0.113361 0.117377 0.120467 0.122333 0.122964  9.8292e+06 1.28206e+06 2.85352e+06 2.67433e+06 338076 337811 340054 247775 74055.1 59848.5 25264.3 22931.1 6644.54 5285.55 3546.46 13108.2
572678 572678 0.00195873 0.0282462 0.26436 0.26835 0.165627 0.123042 0.11892 0.126489 0.136786 0.146517 0.154649 0.161296 0.166876 0.171179 0.173784 0.174668  2.41598e+07 2.85707e+06 372016 678653 660699 95971.7 99943.6 99133.6 69787.3 20163.2 15953 6706.69 6175.83 1845.57 1521.23 4972.12
439697 439697 0.00069208 0.0100885 0.105141 0.107403 0.0631216 0.0459277 0.0442361 0.047159 0.0511986 0.0550542 0.058294 0.0609428 0.0631558 0.0648532 0.0658744 0.0662187  1.67579e+07 8.90698e+06 1.84612e+06 481238 515078 767572 112025 123474 111212 75428.7 22523.9 17761.1 7662.83 7176.19 2399.58 8454.93
2.8131e+06 2.8131e+06 0.00246698 0.0348361 0.275454 0.255188 0.165063 0.130304 0.130898 0.142329 0.155784 0.167943 0.177838 0.185738 0.192214 0.197118 0.200041 0.201021  6.79039e+06 1.187e+07 6.28625e+06 1.37753e+06 441441 462412 712348 107280 113689 98680.9 66459.3 20367.8 16259.2 7273 7054.67 11195.3
1.02823e+06 1.02823e+06 0.00101063 0.0146534 0.145355 0.145887 0.087367 0.0645107 0.0625823 0.0669313 0.0727531 0.0782547 0.0828524 0.0865969 0.0897167 0.0921053 0.0935407 0.0940244  2.2236e+07 3.61082e+06 4.40335e+06 1.4253e+06 434850 214605 206553 333307 53349.1 54803.4 46447.5 31740.8 10254.7 8406.65 3919.36 10260.1
928500 928500 0.00205442 0.029599 0.274622 0.278476 0.17252 0.128401 0.124158 0.132055 0.142773 0.152894 0.161346 0.168254 0.174053 0.178527 0.181238 0.182157  2.09302e+07 6.46059e+06 1.04699e+06 1.05484e+06 342300 118550 61647.5 59219.9 93260.1 14537 14696.2 12447.5 8648.58 2885.13 2452.15 4287.86
456126 456126 0.00054047 0.00788811 0.0832576 0.0850803 0.0497048 0.0360813 0.0347426 0.0370514 0.0402464 0.0432989 0.0458655 0.0479637 0.0497156 0.0510584 0.0518655 0.0521375  3.7964e+06 1.13981e+07 2.72173e+06 741592 797521 400750 183859 88281.7 64612.8 106523 17206.9 17091 14242.1 10227.8 3682.81 8895.64
4.4892e+06 4.4892e+06 0.00327843 0.0463739 0.367392 0.354911 0.232494 0.180914 0.178727 0.191841 0.208049 0.222871 0.235024 0.244835 0.253001 0.25927 0.263056 0.264339  2.07306e+07 2.95266e+06 8.59104e+06 1.92087e+06 624186 715048 378851 176631 84405.6 57871.8 94717.1 15790.2 15849 13539.6 10112.2 13061.5
1.2974e+06 1.2974e+06 0.00184505 0.0266283 0.251252 0.254941 0.156744 0.116305 0.112429 0.119647 0.129455 0.138728 0.146477 0.15281 0.158121 0.162215 0.164692 0.165531  6.17071e+06 5.98882e+06 1.31232e+06 2.34327e+06 493042 261461 321816 182837 87450 42060.8 26878.9 44396.5 7842.56 8047.23 7047.09 12655.7
774996 774996 0.00196945 0.0284155 0.267019 0.272022 0.167746 0.12437 0.12003 0.127553 0.137859 0.147617 0.15578 0.162458 0.168069 0.1724 0.175025 0.175915  2.62839e+07 1.79206e+06 1.7183e+06 277469 509336 129282 73044.5 89036.8 48823.1 22504.8 10562.6 6704.59 11214.8 2040.93 2168.88 5498.71
240987 240987 0.000532463 0.00777146 0.0820553 0.0838334 0.0489655 0.0355452 0.0342291 0.0365065 0.0396569 0.0426667 0.0451972 0.0472659 0.048993 0.0503166 0.0511121 0.0513802  5.87262e+06 8.55948e+06 910238 460807 278556 710420 160672 91580.7 106829 57705.1 26492.4 12570.3 7880.92 14038.3 2865.83 10824.1
2.61883e+06 2.61883e+06 0.00266009 0.0377861 0.311439 0.299685 0.192768 0.14916 0.14748 0.158694 0.172556 0.185267 0.195705 0.204122 0.211103 0.216442 0.219654 0.220738  1.98699e+07 4.95836e+06 6.06247e+06 676330 340622 267466 682083 150419 85122.2 96140.5 51753.3 23977.2 11700.5 7510.17 13899.3 14276.7
1.00153e+06 1.00153e+06 0.00133079 0.0193012 0.191022 0.194968 0.117405 0.086218 0.083114 0.0884565 0.0958121 0.102805 0.108669 0.113465 0.117483 0.120575 0.122442 0.123074  8.38196e+06 6.90242e+06 2.4964e+06 1.4473e+06 202965 110466 134719 339054 72583.2 41390.2 45716.1 24985.6 11898.3 6077.42 3994.16 15694.6
851491 851491 0.00189974 0.027429 0.259478 0.264608 0.162709 0.120449 0.116187 0.123461 0.133448 0.142914 0.150836 0.157319 0.162765 0.166969 0.169516 0.17038  5.73015e+06 2.43652e+06 2.00366e+06 595650 359488 57876.6 32787.5 39366.8 95673.4 19792.8 11047.8 12151 6737.18 3308.67 1751.15 5885.31
171695 171695 0.000345215 0.00504631 0.0541427 0.0553521 0.0320874 0.0232226 0.0223526 0.0238488 0.0259228 0.027907 0.0295766 0.0309415 0.0320801 0.032952 0.0334755 0.0336518  6.43463e+06 6.88463e+06 833407 915477 665383 371076 81672.5 35941.7 45428.8 104307 21481.8 12375.5 13825 8022.16 4087.12 9914.15
2.44114e+06 2.44114e+06 0.00252852 0.0362082 0.318019 0.317982 0.201192 0.15194 0.147841 0.157599 0.17046 0.182481 0.192463 0.200595 0.207411 0.212666 0.21585 0.21693  2.61357e+06 5.05408e+06 5.3516e+06 594153 744111 651473 362420 80794.8 34046.9 42119.1 94198.5 19537.2 11585.5 13311.3 8044.99 14619.2
541761 541761 0.000747853 0.0108976 0.113137 0.115624 0.0680861 0.0495647 0.0477328 0.0508727 0.0552151 0.0593592 0.0628414 0.0656888 0.0680686 0.0698945 0.0709936 0.0713643  2.53682e+06 1.31086e+06 2.30586e+06 1.74166e+06 168599 304539 350419 191266 43095 17296.8 21100.2 46277.2 9813.29 6088.22 7203.41 12816.6
488053 488053 0.00190415 0.0274896 0.25979 0.264796 0.16288 0.120621 0.116381 0.123683 0.133698 0.143187 0.151127 0.157623 0.163081 0.167292 0.169843 0.170709  4.13883e+07 737991 384714 618971 487656 51507.7 94998.6 107402 56798.5 12426 4903.35 5976.69 13328.4 2918.69 1877.47 6394.57
247387 247387 0.000541673 0.00790551 0.0834257 0.0852462 0.0498051 0.0361556 0.0348143 0.0371276 0.0403289 0.0433875 0.0459591 0.0480615 0.0498169 0.0511622 0.0519709 0.0522434  8.77584e+06 1.18268e+07 631505 397004 565054 536975 54548.6 93650.5 113008 57520.1 13797.4 5473.32 6293.45 14143.3 3338.14 9862.55
1.56063e+06 1.56063e+06 0.0010582 0.015361 0.153734 0.15573 0.093099 0.0684176 0.0661359 0.0705693 0.0765965 0.0823147 0.0871037 0.0910127 0.0942775 0.0967824 0.0982905 0.0987995  2.45733e+07 6.68519e+06 7.96003e+06 510332 341904 523885 500362 52287.9 84596.1 102277 51384.6 12610.5 5110.13 5984.71 13828.3 13521.2
816808 816808 0.000812367 0.011824 0.121449 0.123611 0.0730849 0.0533789 0.0514909 0.05492 0.0596266 0.0641082 0.0678691 0.0709417 0.073508 0.0754762 0.0766605 0.0770599  2.37339e+06 7.98728e+06 2.96488e+06 2.34315e+06 246209 184979 293703 273456 29562.2 44818.4 55395.6 27920.8 7159.62 3010.04 3595.14 16917.9
654578 654578 0.00110593 0.0160693 0.161999 0.165443 0.0987723 0.0722819 0.0696424 0.0741504 0.080373 0.0862992 0.0912729 0.0953408 0.0987462 0.101364 0.102942 0.103476  4.21847e+07 690248 2.33758e+06 775073 633325 73290.3 56628.8 88653.4 80100.3 8413.08 12542.1 15489.5 7938.01 2101.94 916.225 6480.54
399049 399049 0.000721091 0.0105056 0.108934 0.111053 0.0653905 0.0476526 0.0459329 0.0489851 0.0531888 0.0571968 0.0605628 0.0633136 0.0656111 0.0673728 0.0684326 0.0687899  1.45792e+07 1.3481e+07 374652 1.09913e+06 694544 388246 81283.4 65411.8 92021.7 79958.5 9244.19 12444.6 15656.8 8425.51 2514.06 8697.62
2.75423e+06 2.75423e+06 0.00191694 0.0273108 0.232566 0.220245 0.139006 0.107524 0.106913 0.115717 0.126445 0.136268 0.144329 0.150804 0.156136 0.160186 0.162604 0.163416  5.28994e+06 9.85327e+06 9.25173e+06 278821 819892 617671 333678 76611.7 59637.1 81079.3 69032.4 8294.21 11084.1 14469.6 8103.13 11286.3
929434 929434 0.000980955 0.0142629 0.144855 0.147664 0.0878098 0.0642233 0.0619222 0.0659885 0.0715819 0.076907 0.0813752 0.0850276 0.0880817 0.0904269 0.0918398 0.0923169  1.79699e+07 2.82214e+06 3.35254e+06 2.14065e+06 97183.9 305810 293070 146919 39131.5 29720.9 39590.8 33573.3 4321.89 5780.12 7872.36 11047.1
768456 768456 0.00183448 0.0264798 0.250206 0.253991 0.156069 0.115744 0.111846 0.119001 0.128742 0.137956 0.145659 0.151955 0.157236 0.161307 0.16377 0.164605  4.48582e+07 5.22549e+06 823958 852636 564928 28612.7 92880.2 87671.5 42567.7 10994.1 8197.74 10898.4 9389.67 1247.62 1729.64 5859.97
307339 307339 0.000371258 0.0054257 0.0580703 0.0593524 0.0344448 0.0249416 0.0240103 0.0256171 0.0278431 0.0299722 0.0317634 0.0332276 0.0344493 0.0353848 0.0359466 0.0361357  1.09604e+07 1.44432e+07 2.45649e+06 743885 498741 455202 39602 107274 98548.8 42403.5 12044.5 9089.86 11812.5 10504.1 1606.58 9339.44
3.86198e+06 3.86198e+06 0.00208182 0.0299329 0.273152 0.274053 0.170572 0.127807 0.124134 0.132378 0.143338 0.153626 0.162192 0.169173 0.175017 0.179516 0.182236 0.183158  2.61367e+07 8.27025e+06 1.01603e+07 1.88715e+06 648548 440858 417559 39319.7 98963.4 89725.6 37804.8 11118.7 8526.05 11377.2 10473.9 11468.6
763926 763926 0.000602375 0.00878523 0.092071 0.0939399 0.0550458 0.0400296 0.0385699 0.0411406 0.0446872 0.048072 0.0509162 0.0532408 0.0551816 0.056669 0.0575633 0.0578647  3.05982e+07 8.7697e+06 3.53905e+06 2.83314e+06 701818 316862 212190 208197 21701.2 50127.7 45399.1 18916.1 5898.38 4656.36 6385.83 12809.5
940207 940207 0.00123286 0.01788 0.177137 0.17991 0.108142 0.0795328 0.0768041 0.0818528 0.0887478 0.0952923 0.100775 0.105253 0.109 0.111878 0.113614 0.1142  1.71565e+07 8.90219e+06 2.57877e+06 971820 808441 216150 99417.9 65487.5 62368.4 6323.22 14380.5 13026.9 5522.77 1779.05 1456.44 6220.93
187935 187935 0.000183968 0.00269252 0.0292658 0.0299161 0.0172341 0.0124458 0.011979 0.0127878 0.0139092 0.0149828 0.0158866 0.0166253 0.0172411 0.0177122 0.0179948 0.0180898  1.22624e+07 7.86456e+06 3.3439e+06 1.26199e+06 847856 584989 242973 109955 64718.2 59576.3 6857.48 14567.2 13312.6 5862.13 2068.22 9046.63
2.96434e+06 2.96434e+06 0.00208324 0.0299422 0.272429 0.272759 0.169898 0.127462 0.123907 0.132204 0.143194 0.1535 0.162074 0.169059 0.174902 0.179399 0.182117 0.183038  3.71351e+06 9.43131e+06 5.83118e+06 2.45567e+06 1.04843e+06 772346 539828 235026 102649 58314 53305.7 6435.1 13605.4 12883.1 5893.19 11735.9
824110 824110 0.000759522 0.0110655 0.114669 0.117111 0.069011 0.050267 0.0484236 0.0516166 0.056026 0.0602323 0.0637659 0.0666548 0.069069 0.0709213 0.0720361 0.0724122  2.78917e+06 1.19304e+06 4.15663e+06 1.82074e+06 733050 432009 368198 260287 121200 51038.4 28124.8 25879 3366.1 7134.6 7021.47 10072.6
432269 432269 0.00137509 0.0199368 0.19662 0.200672 0.121038 0.0889373 0.085735 0.0912307 0.098798 0.105992 0.112022 0.116955 0.12109 0.124272 0.126194 0.126844  4.05533e+06 811363 349969 1.11072e+06 506765 222981 134347 112575 77129.7 34876.5 14440 7950.75 7438.79 999.173 2195.8 5446.08
196534 196534 0.000534681 0.00780331 0.0823419 0.0840998 0.0491316 0.0356738 0.0343576 0.0366464 0.0398105 0.0428328 0.0453737 0.0474506 0.0491845 0.0505132 0.0513118 0.0515809  3.68291e+06 2.2238e+06 882577 158785 1.02731e+06 478600 214471 136201 115713 71392.7 35211.1 14715.3 8141.01 7799.66 1203.82 8945.68
883113 883113 0.00170597 0.0246289 0.233449 0.235812 0.144497 0.107304 0.103904 0.11074 0.119958 0.128659 0.135925 0.141855 0.146819 0.150639 0.152946 0.153727  1.07491e+07 2.83546e+06 1.73964e+06 670410 129217 912602 441456 195810 122174 101696 62397.5 31547 13426.9 7645.15 7597.71 10417.4
786055 786055 0.00148876 0.0215542 0.209751 0.213363 0.12939 0.0954123 0.0921135 0.0980693 0.106212 0.113935 0.1204 0.125685 0.130113 0.13352 0.135579 0.136275  1.61387e+07 9.81246e+06 1.27055e+06 669234 274670 63016.8 471372 233132 101442 62483.1 51587.2 32029.1 16982.2 7468.32 4386.82 10814.8
1.01149e+06 1.01149e+06 0.00188121 0.0271623 0.25709 0.261999 0.161038 0.119232 0.115046 0.122278 0.132194 0.141589 0.14945 0.155882 0.161285 0.165453 0.167978 0.168834  2.95338e+06 4.68958e+06 2.83641e+06 290538 158152 75773.7 18262.6 134916 64476.9 27102.4 16329.3 13416.7 8446.9 4617.52 2103.85 4438.15
671166 671166 0.000674949 0.00984015 0.102702 0.104918 0.0616188 0.0448204 0.0431659 0.0460179 0.0499614 0.053726 0.0568898 0.0594765 0.0616374 0.0632948 0.0642918 0.064628  1.14487e+07 6.56297e+06 2.77407e+06 2.55742e+06 277444 183538 91540.9 20962.3 140860 64517.8 27774.2 16823.7 14183.2 9149.26 5371.97 7946.87
1.88574e+06 1.88574e+06 0.00131352 0.0190551 0.188977 0.192984 0.116114 0.0852245 0.0821396 0.0874143 0.0946835 0.101597 0.107394 0.112136 0.11611 0.119168 0.121014 0.121639  6.72796e+06 8.72838e+06 5.17457e+06 2.06718e+06 2.24473e+06 256228 177305 84113.9 19645 123821 56676.4 24656.7 15224.6 13274.1 8922.76 13584.1
665806 665806 0.000556975 0.00812794 0.0856724 0.0875461 0.05118 0.0371647 0.0357909 0.0381716 0.0414634 0.0446074 0.0472505 0.0494111 0.0512151 0.0525979 0.0534292 0.0537094  3.37321e+06 3.75609e+06 3.85685e+06 2.13995e+06 937207 1.31836e+06 147989 104103 45925.9 11117.5 65920.5 30766.4 13795.1 8820.56 7986.58 14207.5
463783 463783 0.00100353 0.0145924 0.148254 0.151367 0.0900335 0.0658083 0.0634113 0.0675449 0.0732474 0.0786799 0.0832398 0.0869687 0.0900884 0.0924849 0.0939293 0.0944172  1.06994e+07 981527 1.10607e+06 1.07403e+06 621269 292142 417347 46032.1 31423.2 13485.1 3214.58 19068.3 9056.35 4195.31 2781.9 7250.56
