292792 292792 0.000127185 0.00188619 0.0206783 0.0212 0.0123722 0.00910203 0.00891218 0.00965003 0.0106286 0.0115821 0.0124034 0.0130756 0.0136139 0.0140048 0.0142288 0.0143014  4.95337e+07 8.98672e+07 2.80961e+06 1.34023e+06 1.11201e+06 1.39403e+06 122127 90543.9 78005.6 61890.6 11748.4 10047.6 8877.59 6761.29 1792.83 125.795
7.40013e+06 7.40013e+06 0.00072145 0.0106523 0.111382 0.114281 0.0682312 0.050578 0.0495091 0.0534737 0.058723 0.0638205 0.0682028 0.0717903 0.0746699 0.0767673 0.0779741 0.0783669  7.00671e+06 3.35409e+07 5.91178e+07 2.15084e+06 1.12912e+06 977699 1.11663e+06 125282 97021.2 82690.8 62891.7 13383.3 11934.5 10944.2 8621.07 2735.85
1.86413e+06 1.86413e+06 0.000438727 0.00649338 0.0696104 0.0715328 0.0422224 0.0311538 0.0304783 0.0329444 0.0362201 0.0394083 0.042153 0.0444003 0.0462029 0.0475142 0.0482676 0.0485123  4.01589e+06 3.54343e+06 1.01784e+07 1.46725e+07 736260 476536 426751 416228 61099 49244 41966.5 31190.9 7308.56 6827.67 6493.6 7034.24
529618 529618 0.000446709 0.00660879 0.0705869 0.0723709 0.0427652 0.0315963 0.0309357 0.0334533 0.036788 0.0400309 0.0428212 0.045105 0.0469361 0.0482678 0.0490326 0.049281  1.45411e+08 1.12148e+06 996028 2.69977e+06 3.97326e+06 210183 137040 120192 113882 16374.5 13153.4 11367.7 8695.13 2117.84 2055.42 4210.82
359808 359808 0.000259147 0.00383919 0.0416176 0.0426537 0.0250249 0.0184468 0.0180643 0.0195512 0.0215213 0.0234388 0.0250897 0.0264408 0.0275232 0.0283096 0.0287606 0.028907  5.23112e+07 4.66455e+07 1.06739e+06 1.04555e+06 1.43715e+06 1.65611e+06 162740 131351 112710 85839.2 16239.6 13978.2 12450.4 9584.57 2571.86 7882.4
7.12407e+06 7.12407e+06 0.00125225 0.0184095 0.184045 0.18847 0.114871 0.0858385 0.0840814 0.0906642 0.0993389 0.10773 0.114928 0.120819 0.125555 0.129013 0.131009 0.131661  1.10257e+07 3.65302e+07 3.19247e+07 948595 969216 1.2291e+06 1.30568e+06 156366 129219 109018 80123.9 16661.6 14954.7 13857.4 11035.1 12802.1
2.15586e+06 2.15586e+06 0.000646617 0.00955137 0.100342 0.102852 0.0612531 0.0453844 0.0444409 0.0480237 0.0527633 0.0573661 0.0613234 0.0645622 0.0671608 0.0690525 0.0701402 0.070494  5.24219e+06 6.30491e+06 1.16759e+07 7.93613e+06 386344 451774 509247 467042 70822.7 60073 50398.9 36232.5 8305.29 7823.55 7530.61 13504.1
518037 518037 0.000426332 0.00630768 0.0674256 0.0690859 0.040801 0.0301469 0.0295228 0.0319317 0.0351206 0.0382214 0.0408893 0.0430727 0.0448229 0.0460956 0.0468262 0.0470636  1.98032e+08 1.46341e+06 1.76408e+06 2.94879e+06 2.03526e+06 106549 126654 140084 124719 18496.1 15611.4 13265 9805.79 2335.21 2284.73 6359.41
235673 235673 0.000126773 0.00188091 0.0206996 0.0212824 0.0124069 0.00911335 0.00891416 0.0096463 0.0106208 0.0115711 0.0123903 0.0130611 0.0135986 0.013989 0.0142128 0.0142854  9.3201e+06 6.2055e+07 1.71191e+06 2.06652e+06 1.80607e+06 1.12829e+06 114597 133781 124716 93203 17752.5 15834.2 13852.8 10368 2750.01 10571.4
1.13415e+07 1.13415e+07 0.0016946 0.024823 0.239252 0.244641 0.151609 0.114035 0.11176 0.120344 0.131613 0.142479 0.151782 0.159396 0.165525 0.17001 0.172605 0.173455  3.87597e+07 7.89306e+06 4.19456e+07 1.50297e+06 1.98083e+06 1.65144e+06 1.00628e+06 119721 134523 119785 86796.1 18185.6 16860.4 15334.3 11872.6 16283.4
1.3827e+06 1.3827e+06 0.000567172 0.00838466 0.0888103 0.0911529 0.0540948 0.0400091 0.0391588 0.0423169 0.0465032 0.0505726 0.0540734 0.0569392 0.0592384 0.0609119 0.0618738 0.0621866  2.56439e+07 1.11195e+07 3.37357e+06 9.33394e+06 568564 896939 702874 405692 56606.4 61253.5 52649.1 37368.8 8656.72 8392.95 7919.64 15211.6
772718 772718 0.000682413 0.0100786 0.105687 0.108416 0.0646364 0.0478918 0.0468803 0.0506416 0.0556225 0.0604604 0.0646202 0.0680254 0.0707582 0.0727483 0.0738931 0.0742656  1.15129e+08 7.15988e+06 3.11711e+06 869180 2.44896e+06 159157 254239 195294 109440 14941.5 16097.5 14019.9 10235.2 2463.83 2481.26 7080.91
233273 233273 0.000150818 0.00223794 0.0246463 0.0253916 0.0148055 0.0108667 0.0106215 0.0114878 0.0126436 0.0137716 0.0147441 0.0155408 0.0161794 0.0166435 0.0169097 0.0169961  7.18246e+06 3.69743e+07 3.1404e+06 1.37392e+06 851408 1.35946e+06 181969 269806 182873 93760.7 15889.6 16363 14382.3 10727.7 2865.96 11519.1
7.21664e+06 7.21664e+06 0.00164095 0.0240545 0.233424 0.239153 0.147827 0.110993 0.108699 0.117019 0.127974 0.13855 0.147611 0.155028 0.161002 0.165372 0.167901 0.168729  5.17399e+07 6.06757e+06 2.52336e+07 2.50458e+06 1.12621e+06 831726 1.20488e+06 183184 268805 178363 90599.2 16791.9 17392.7 15788.4 12188.6 17475.3
1.32574e+06 1.32574e+06 0.000746087 0.0110149 0.115021 0.118074 0.0705495 0.0522986 0.051183 0.0552691 0.0606828 0.0659403 0.0704604 0.0741611 0.0771321 0.0792966 0.0805423 0.0809478  4.02186e+07 1.45893e+07 2.58427e+06 5.82349e+06 817426 413647 380202 481237 83485 120718 79148.6 40189.3 8198.27 8599.1 8049.83 15849.6
695219 695219 0.000515986 0.007634 0.0814761 0.0838425 0.049611 0.0366136 0.0357987 0.0386688 0.0424881 0.046206 0.0494069 0.0520286 0.0541327 0.0556644 0.0565449 0.0568313  2.39209e+08 1.1227e+07 4.07718e+06 643279 1.47687e+06 224555 115638 104165 127787 21647.8 31110.4 20640.7 10770.7 2281.93 2485.58 7153.09
232633 232633 0.000100529 0.00149207 0.0164785 0.0169599 0.00987303 0.00724539 0.00708435 0.00766524 0.00843951 0.00919506 0.00984652 0.0103801 0.0108076 0.0111182 0.0112962 0.011354  5.29024e+07 7.30586e+07 4.33015e+06 1.70464e+06 643525 881988 215368 104402 103768 111449 21703 31204.2 21849.1 11666.5 2916.79 11847.6
1.81206e+07 1.81206e+07 0.00236872 0.0344588 0.310963 0.314586 0.200286 0.152836 0.150394 0.161936 0.176816 0.191043 0.203164 0.213063 0.221035 0.226876 0.230265 0.231377  1.56686e+07 3.56418e+07 4.89932e+07 3.22185e+06 1.36479e+06 628009 790880 218637 100387 100466 106354 21899.6 32569.4 24007.5 13274.3 17900.4
2.79483e+06 2.79483e+06 0.000858106 0.0126518 0.130398 0.133448 0.0801614 0.0596121 0.0584054 0.0630826 0.069252 0.0752323 0.0803683 0.0845708 0.0879442 0.0904019 0.0918168 0.0922775  1.36422e+07 5.26795e+06 1.03649e+07 9.14066e+06 775174 439182 272340 304575 95804.8 41628.6 42218.6 44394.7 9750.19 15068.7 11677.6 15864.2
532763 532763 0.000525502 0.00777298 0.0827805 0.085096 0.0503901 0.0372144 0.0363998 0.0393253 0.0432131 0.0469959 0.050252 0.0529183 0.0550579 0.0566152 0.0575104 0.0578015  6.5765e+07 3.80716e+06 1.46756e+06 2.49832e+06 2.22972e+06 207337 120375 73326.1 79512.5 24414.2 10537.1 10808 11675 2662.46 4272.59 8078.29
383159 383159 0.000376427 0.00557562 0.0602317 0.0620158 0.0364902 0.0268726 0.0262707 0.0283906 0.0312146 0.0339663 0.0363367 0.0382783 0.0398358 0.040969 0.0416199 0.0418313  1.06197e+07 2.17498e+07 1.85462e+06 786080 1.32139e+06 1.24838e+06 168756 111400 77830.2 73924.9 24803.7 11096.9 11738.4 13192 3254.12 15914.6
1.20252e+07 1.20252e+07 0.00614232 0.0866498 0.592587 0.593503 0.424509 0.340437 0.336476 0.358563 0.386026 0.41159 0.433051 0.450581 0.464882 0.475539 0.481858 0.483975  3.9941e+07 8.54955e+06 1.51214e+07 1.43097e+06 656320 1.12968e+06 1.08574e+06 159809 106599 75323.2 70307.5 24888.2 11449.4 12594.8 14741.7 22807.8
1.02443e+06 1.02443e+06 0.000978061 0.0144125 0.147581 0.151382 0.0912733 0.0678953 0.0664616 0.0717111 0.0786537 0.0853853 0.0911673 0.0959008 0.0997038 0.102477 0.104076 0.104597  1.27278e+07 1.13747e+07 3.22543e+06 1.78886e+06 273594 187709 350565 339949 55240.8 37355.7 26668.1 24458.5 9191.45 4374.04 4984.2 15703.7
1.14829e+06 1.14829e+06 0.00139162 0.0204439 0.20275 0.208084 0.127379 0.0952289 0.0931825 0.100354 0.109835 0.119011 0.126884 0.13333 0.138519 0.142312 0.144504 0.145221  1.31379e+08 3.55188e+06 3.16495e+06 765320 431783 73012.7 51365.5 94051.5 88232.6 13967.6 9367.16 6755.69 6360.33 2480.86 1225.64 6008.11
1.78097e+06 1.78097e+06 0.00128472 0.0188757 0.187679 0.191774 0.117107 0.0876448 0.0859109 0.0926615 0.101534 0.110109 0.11746 0.123474 0.128308 0.131836 0.133873 0.134538  1.39266e+07 4.1672e+07 3.19704e+06 1.16055e+06 703062 364343 86432.7 59462.7 96773 88399.2 15162.9 11089.2 8383.02 8112.19 3326.42 10436.4
2.01e+07 2.01e+07 0.00627732 0.088587 0.606348 0.611643 0.438612 0.350871 0.345735 0.367556 0.395038 0.420711 0.442315 0.460007 0.474483 0.485298 0.491729 0.493887  6.72408e+06 1.10521e+07 2.7728e+07 2.35745e+06 762137 631273 333063 83346.7 56523.8 87162.7 80053.5 14352.9 11021.5 8671.96 8688.25 15597.8
2.351e+06 2.351e+06 0.00207528 0.0303059 0.283256 0.289321 0.181804 0.137484 0.13478 0.144945 0.158252 0.171053 0.181997 0.190952 0.198172 0.203464 0.206533 0.207541  7.88852e+06 2.88276e+06 4.09898e+06 2.97028e+06 650424 215716 256197 128248 32902.7 21909.9 32389.2 30265.7 5728.18 4672.7 3811.23 11167.4
1.21612e+06 1.21612e+06 0.00321807 0.0464877 0.392336 0.395734 0.259379 0.200299 0.197274 0.211851 0.230506 0.248238 0.263294 0.275589 0.285518 0.29282 0.297077 0.298481  8.81847e+07 2.19815e+06 785408 773065 564703 150745 53206.3 62134.1 29850.1 7380.49 4825.66 7151.83 6825.08 1336.72 1130.41 3753.69
1.08866e+06 1.08866e+06 0.00128935 0.0189608 0.189946 0.195244 0.119011 0.088786 0.0868386 0.0935359 0.102409 0.111005 0.118385 0.12443 0.129294 0.132849 0.134903 0.135574  3.14969e+07 2.70482e+07 1.39359e+06 442802 772271 532498 241327 64277.8 79764.5 34482.1 9244.59 6666.24 9652.78 9911.69 2104.92 8166.57
1.64509e+07 1.64509e+07 0.00803691 0.11201 0.691501 0.700498 0.52465 0.426499 0.419544 0.443085 0.472792 0.500388 0.523563 0.542632 0.55839 0.57029 0.577452 0.579882  1.47062e+07 2.14516e+07 1.78282e+07 961311 355893 725813 507931 242046 61373.6 76015.1 32463.9 9038.52 6817.37 10025.2 10816.6 11900.6
1.73069e+06 1.73069e+06 0.00144167 0.0211546 0.20762 0.212041 0.130254 0.0977111 0.0957969 0.103275 0.113089 0.122563 0.13068 0.13732 0.14266 0.146561 0.148814 0.14955  9.60791e+06 4.53848e+06 5.87171e+06 1.38933e+06 209406 119544 284102 190342 92750.4 22038.3 27454.4 11646.2 3397.95 2705.55 4043.09 9729.71
909103 909103 0.00169102 0.0247868 0.240213 0.246584 0.152592 0.114497 0.112013 0.120476 0.131661 0.14247 0.151736 0.159326 0.165443 0.169921 0.172515 0.173364  9.27901e+07 2.67921e+06 1.25038e+06 1.25354e+06 298858 52014.3 31025.5 72524.1 46903.9 22179.8 5206.67 6533.1 2839.09 858.734 709.432 3740.33
605497 605497 0.000633454 0.00935878 0.098505 0.101031 0.0601236 0.0445208 0.0435801 0.0470842 0.0517258 0.0562357 0.0601142 0.0632891 0.0658366 0.0676913 0.0687577 0.0691047  2.35468e+07 3.07796e+07 1.75401e+06 621300 643456 247937 87621.8 39903.1 91514.8 56603.7 28246.4 6953.86 9199.96 4118.5 1394.7 7443.69
1.72879e+07 1.72879e+07 0.00737558 0.103047 0.651308 0.65166 0.480884 0.390923 0.386598 0.410512 0.439995 0.46724 0.490033 0.508675 0.523962 0.535422 0.542267 0.544575  6.59142e+06 1.76559e+07 2.1257e+07 1.33601e+06 496086 560995 237328 90402.6 39622.9 88710.2 54905.8 28530 7239.46 10030.3 4653.65 10570.8
1.3676e+06 1.3676e+06 0.0010328 0.0151969 0.153578 0.156497 0.0947634 0.0707947 0.0694636 0.0750396 0.0823507 0.0894195 0.0954812 0.100437 0.104415 0.107314 0.108983 0.109527  2.37795e+06 3.14384e+06 5.87608e+06 2.21546e+06 283812 144609 184833 86038.1 35065.9 14476.9 31700.8 19737.6 10833.2 2836.42 4120.15 6563.47
802177 802177 0.00174814 0.0255937 0.245417 0.250756 0.155722 0.117227 0.114878 0.123655 0.13518 0.146293 0.155807 0.163593 0.169863 0.174451 0.177107 0.177977  7.23947e+07 663346 871662 1.34893e+06 509834 72958.5 38483.5 48469.6 21881.6 8697.9 3562.92 7883.32 5038.86 2870.55 780.267 3041.3
515770 515770 0.000756614 0.0111675 0.116349 0.119307 0.0713402 0.0529199 0.0518062 0.0559479 0.0614294 0.0667509 0.0713251 0.0750695 0.0780752 0.0802647 0.0815247 0.0819349  1.01772e+07 2.32513e+07 470696 626732 1.01324e+06 541245 123900 51384.2 57099.6 25677.1 11228.8 4551.65 10533.8 7210.15 4501.61 6336.28
7.56713e+06 7.56713e+06 0.00365422 0.0522038 0.402853 0.389558 0.261527 0.207845 0.208271 0.225752 0.246781 0.266329 0.282706 0.295936 0.306522 0.314251 0.318729 0.320199  9.97847e+06 8.57873e+06 1.58924e+07 392624 534919 932425 549298 130890 51412.1 55579.5 25231.9 11497.1 4795.27 11495.4 8237.65 13097.7
1.1691e+06 1.1691e+06 0.00118583 0.0174366 0.174796 0.178661 0.108691 0.0812299 0.0796167 0.0859022 0.0941691 0.102164 0.10902 0.11463 0.119137 0.122426 0.124323 0.124942  4.35789e+06 3.70077e+06 3.43704e+06 2.28512e+06 116373 189240 360575 229766 56596.6 20995.6 22245.9 10330.7 4964.96 2143.43 5310.99 10413.6
638547 638547 0.00156163 0.0228913 0.22236 0.226933 0.140038 0.105242 0.103189 0.111193 0.121688 0.131813 0.140483 0.147576 0.153282 0.157453 0.159864 0.160652  6.66021e+07 1.21563e+06 1.02453e+06 773640 519156 29846.3 50285.8 94191.9 58052.1 13912.5 5111 5464.32 2602.72 1297.68 581.459 4416.24
470854 470854 0.000640769 0.00946602 0.0995466 0.102078 0.0607683 0.0450082 0.0440612 0.0476054 0.0522985 0.0568577 0.0607783 0.0639875 0.0665626 0.0684373 0.0695152 0.0698659  2.59547e+07 2.31831e+07 870820 731242 654473 367688 46064.9 61599.4 109005 64947.8 17230.7 6104.6 6800.45 3375.56 1842.72 7367.58
1.24209e+07 1.24209e+07 0.00593528 0.083893 0.582952 0.584954 0.415977 0.332485 0.328328 0.349917 0.37689 0.402055 0.42321 0.440498 0.454596 0.465097 0.471318 0.4734  9.24294e+06 1.8292e+07 1.66665e+07 698570 617969 619680 344185 50219.6 61070.6 104862 63807.8 17760.4 6370.67 7398.94 3839.07 11071.3
2.14708e+06 2.14708e+06 0.00169608 0.0248535 0.240244 0.246215 0.152478 0.114537 0.112143 0.12068 0.131929 0.142787 0.15209 0.159707 0.165843 0.170334 0.172934 0.173786  4.54945e+06 4.41663e+06 5.53982e+06 2.37495e+06 178520 213588 242609 127705 21698.3 23648.6 39530.6 24760.6 7350.21 2671.31 3221.85 6902.12
760557 760557 0.00166606 0.0244073 0.235538 0.240666 0.149016 0.112062 0.10982 0.118251 0.129324 0.140006 0.149153 0.156638 0.162664 0.167071 0.169621 0.170456  4.13789e+07 1.26848e+06 1.21304e+06 1.13873e+06 495835 43851.5 54986.9 61251.4 30997.3 5091.65 5465.64 9181.87 5883.28 1809.04 681.898 2675.58
260626 260626 0.000340228 0.00503902 0.0544268 0.0559081 0.0328773 0.0242297 0.0237052 0.0256327 0.0281941 0.0306885 0.0328367 0.0345956 0.0360057 0.0370311 0.0376197 0.0378108  4.73632e+07 1.72092e+07 1.11832e+06 979277 728982 426141 63761.7 71573.7 71332.5 34151.7 6649.92 6764.18 11728.5 8023.85 2824.22 5368.99
9.47022e+06 9.47022e+06 0.00418404 0.0600527 0.476301 0.482944 0.325936 0.253931 0.249654 0.266913 0.289054 0.310029 0.327809 0.342356 0.354166 0.362904 0.368036 0.36974  1.30178e+07 3.37021e+07 1.30642e+07 1.04586e+06 899756 682472 431972 68828 72619.2 71420.7 34301.2 7228.47 7328.61 13128.5 9475.47 10280
1.55221e+06 1.55221e+06 0.000693743 0.0102416 0.106985 0.109507 0.0653657 0.0484972 0.0475104 0.0513442 0.0564067 0.0613194 0.0655415 0.0689962 0.0717677 0.0737854 0.0749456 0.0753231  4.51512e+06 5.68102e+06 1.05389e+07 2.69429e+06 330524 343702 271177 178771 30106.5 29690.7 28811.3 13905 3202.32 3245.12 5983.01 9581.63
760103 760103 0.00087016 0.0128352 0.13276 0.136327 0.0818281 0.0607404 0.0594257 0.0641225 0.0703495 0.0763949 0.0815913 0.0858464 0.0892647 0.0917567 0.0931922 0.09366  1.12301e+08 1.26029e+06 1.58734e+06 2.62494e+06 679357 90089.2 95512.9 74013.1 47371.1 7800.35 7652.53 7519.07 3730.72 892.54 939.357 4662.94
221606 221606 0.000187088 0.00277073 0.0299818 0.030552 0.0179122 0.0132322 0.0129844 0.0140744 0.015509 0.0169031 0.0181023 0.0190827 0.0198671 0.0204363 0.0207622 0.0208679  8.90936e+06 3.93034e+07 890857 1.43105e+06 1.46459e+06 654396 105172 110999 78220.1 46704.8 9107.94 8499.14 8782.17 4643.89 1274.16 7785.95
1.49682e+07 1.49682e+07 0.00443675 0.0631725 0.47103 0.462288 0.316546 0.251833 0.250907 0.270262 0.293842 0.315788 0.334192 0.349118 0.361139 0.369977 0.375139 0.376845  1.16959e+07 7.40044e+06 2.77447e+07 783039 1.28466e+06 1.29839e+06 660405 111394 111493 76356.9 46352.5 9645.83 8988.47 9777.21 5409.74 11157.8
1.25854e+06 1.25854e+06 0.000969255 0.0142554 0.143656 0.145527 0.0880919 0.0659728 0.06488 0.0702045 0.0771328 0.083818 0.089544 0.09422 0.0979675 0.100695 0.102263 0.102773  4.13635e+07 4.94287e+06 2.95612e+06 4.21263e+06 210188 451994 454934 268204 46185.4 43967.2 29268.2 18059.2 4074.11 3790.46 4335.09 7755.5
797477 797477 0.00127275 0.0186542 0.181785 0.182861 0.112197 0.0846799 0.0834872 0.0903681 0.0992315 0.107745 0.115018 0.12095 0.125702 0.129162 0.131152 0.131801  5.29192e+07 1.15361e+07 1.36883e+06 673485 949487 52903.4 118424 118036 67731.7 11404.1 10789.9 7265.53 4605.27 1078.75 1042.11 3441
1.44556e+06 1.44556e+06 0.00124914 0.0183436 0.181716 0.184778 0.112872 0.0846639 0.0831426 0.08979 0.0984704 0.106844 0.114016 0.119877 0.124583 0.128015 0.129993 0.130638  1.40077e+07 1.7839e+07 4.20934e+06 892351 542368 782226 64573.8 144763 118717 73364.8 12461.9 12373.7 8426.53 5675.4 1539.78 6258.54
9.36307e+06 9.36307e+06 0.00608034 0.0843113 0.515616 0.476063 0.343246 0.287686 0.294634 0.321313 0.35087 0.377271 0.39884 0.416 0.42962 0.439535 0.445283 0.447172  1.49902e+07 1.06341e+07 1.25367e+07 2.42937e+06 684982 488758 740881 66401.6 138923 110079 70198.1 12205.9 12457.4 8738.88 6205.81 9010.39
1.16869e+06 1.16869e+06 0.00121642 0.0178373 0.174667 0.175754 0.107607 0.0811474 0.0800024 0.0866157 0.0951378 0.103327 0.110324 0.11603 0.120602 0.123928 0.125842 0.126465  5.02892e+06 9.81274e+06 3.55163e+06 1.48286e+06 310997 214966 177835 271933 26090.4 51630.6 39954.4 26809.8 4810.86 5127.75 3698.73 6853.98
711641 711641 0.000995095 0.0146166 0.145652 0.146549 0.0889974 0.0669124 0.0659551 0.0714549 0.0785559 0.0853907 0.0912365 0.0960045 0.0998212 0.102596 0.10419 0.104708  1.40657e+08 1.40167e+06 2.6982e+06 752809 306161 73679.6 53854 44358.9 66089.6 6195.13 12169.2 9514.75 6553.09 1220.35 1350.26 2876.58
370296 370296 0.000269236 0.00398252 0.0425929 0.0432423 0.0254682 0.018873 0.0185443 0.0201105 0.022162 0.0241518 0.0258616 0.0272584 0.0283757 0.0291862 0.0296503 0.0298007  2.19498e+07 4.87363e+07 1.25877e+06 1.93225e+06 632817 432911 117312 79984.6 62133.7 86086.3 8613.28 16299.9 13155.8 9908.68 1924.07 7026.6
1.4763e+07 1.4763e+07 0.0031097 0.0448073 0.371369 0.367472 0.241231 0.188053 0.186668 0.201532 0.220037 0.237479 0.252213 0.264186 0.273805 0.280846 0.284933 0.286275  1.24397e+07 1.91825e+07 3.43912e+07 1.04197e+06 1.70904e+06 606406 464465 119326 81367.2 62753.4 88128.5 9328.15 17519 14798.2 11829.7 11127.1
1.89317e+06 1.89317e+06 0.000768789 0.0113321 0.116709 0.118735 0.0712295 0.0530789 0.0521172 0.0563843 0.0619725 0.06738 0.0720196 0.0758115 0.0788508 0.0810619 0.0823328 0.0827461  6.70858e+06 7.27797e+06 8.1185e+06 6.431e+06 316887 631370 257425 213879 51531.7 34652.9 26679.3 38216.9 4303.44 8070.73 7114.36 11662.9
855260 855260 0.000984457 0.0144781 0.145789 0.147737 0.0894681 0.0670004 0.0658764 0.0712671 0.0782864 0.0850603 0.0908629 0.095602 0.0994006 0.102165 0.103756 0.104273  7.68111e+07 1.87183e+06 2.02606e+06 1.95218e+06 1.5446e+06 83235.3 170717 68696.3 55539.3 13096.3 8763.55 6832.1 10061 1176.87 2292.2 5519.71
456967 456967 0.000360975 0.00534211 0.0572917 0.0586124 0.0345474 0.0255261 0.0250128 0.0270709 0.0297906 0.0324344 0.034709 0.0365698 0.0380607 0.0391441 0.0397657 0.0399675  1.69106e+07 2.63216e+07 2.30764e+06 1.26952e+06 1.67377e+06 1.2546e+06 117917 167308 74439.1 60514 14429.3 9576.34 7841.01 12409.4 1652.27 10564.1
6.26296e+06 6.26296e+06 0.0018993 0.027691 0.256087 0.25692 0.161341 0.122953 0.121372 0.13117 0.143693 0.155659 0.165849 0.174155 0.18082 0.185684 0.188493 0.189411  9.39999e+06 1.3671e+07 1.8585e+07 1.96447e+06 1.12593e+06 1.61604e+06 1.22984e+06 123220 163659 73490.3 61292.3 14692.4 10075.1 8643.03 14468 14946.5
1.72222e+06 1.72222e+06 0.00095663 0.0140831 0.143083 0.145722 0.0880076 0.0657073 0.0644933 0.0697078 0.0765392 0.0831446 0.0888093 0.0934399 0.0971548 0.0998605 0.101418 0.101925  4.93531e+07 5.30039e+06 5.37721e+06 4.34554e+06 714834 453116 730829 553314 58516.4 71913.5 33147 28617.1 6996.38 4982.62 4468.67 16090.3
755021 755021 0.000872418 0.0128485 0.131153 0.133369 0.0803335 0.0599581 0.0588789 0.0636775 0.0699561 0.0760272 0.0812337 0.0854888 0.0889004 0.0913834 0.0928115 0.0932761  1.0533e+08 1.37682e+07 1.47125e+06 1.25068e+06 1.01197e+06 184842 121127 192655 141632 14625.8 17851.1 8319.65 7376.99 1872.45 1384.55 5922.69
294176 294176 0.000157532 0.00233087 0.0250338 0.0253225 0.0148697 0.0110252 0.0108484 0.01178 0.0129955 0.0141736 0.0151855 0.0160116 0.0166716 0.0171499 0.0174235 0.017512  2.01203e+07 3.50822e+07 5.69062e+06 1.34599e+06 1.00781e+06 770184 230373 103000 193249 139141 16025.8 17536.9 8901.5 8424.84 2253.78 9273.01
7.35578e+06 7.35578e+06 0.00164505 0.0240468 0.228002 0.229643 0.142748 0.108196 0.106642 0.115255 0.126335 0.136957 0.14602 0.153412 0.159344 0.163671 0.166167 0.166982  3.79865e+07 1.51688e+07 2.43781e+07 4.01944e+06 1.20547e+06 935869 736586 231266 97562.4 186613 136189 16523.8 18068.6 9673.48 9666.01 13839.5
1.38525e+06 1.38525e+06 0.000648694 0.00956768 0.0992297 0.100751 0.0602091 0.0448451 0.0440662 0.047719 0.0524933 0.0571129 0.0610764 0.0643144 0.0669077 0.0687925 0.0698746 0.0702261  7.93039e+06 1.20287e+07 5.47778e+06 5.72624e+06 1.10371e+06 531406 425711 334614 107938 42043.2 83293.6 62110.2 8017.7 8780.82 4948.29 12691.8
667852 667852 0.000698344 0.0102748 0.104299 0.104538 0.062874 0.0471931 0.0465926 0.0505886 0.0557297 0.0606791 0.064913 0.0683635 0.0711206 0.0731206 0.0742667 0.0746385  4.42727e+07 2.21283e+06 3.35311e+06 1.33965e+06 1.39263e+06 291043 144097 114119 87466.5 27665.8 10739.6 21568.2 16545.4 2219.54 2524.98 5255.9
619926 619926 0.000622492 0.00918753 0.0958859 0.0976577 0.058238 0.0432876 0.0424864 0.0459803 0.0505656 0.0550084 0.0588233 0.0619417 0.0644404 0.0662573 0.0673007 0.0676397  1.017e+07 1.79999e+07 1.59311e+06 1.73127e+06 931604 888188 251432 150954 112750 84384.2 28544 9918.5 22135.9 17959 2699.86 9347.08
3.48441e+06 3.48441e+06 0.00134432 0.0196843 0.190104 0.190754 0.117445 0.0888551 0.0877011 0.0949728 0.104301 0.113246 0.12088 0.127102 0.132086 0.135713 0.137801 0.138481  7.10422e+07 8.30178e+06 1.36345e+07 1.33321e+06 1.35212e+06 840675 826837 238642 148452 108325 82002 28565.6 9987.05 23536.8 20033.8 14181.3
1.80307e+06 1.80307e+06 0.00117261 0.017228 0.17154 0.174312 0.106204 0.0796153 0.0782085 0.084503 0.092717 0.100642 0.10743 0.112976 0.117427 0.120671 0.12254 0.12315  3.84544e+06 2.08801e+07 3.32426e+06 3.88656e+06 499002 548681 382113 373509 108570 69450 50255.7 38964.5 14164.3 5018.18 12477.7 19031.2
907496 907496 0.000786746 0.0115909 0.118828 0.120607 0.0724601 0.0540757 0.0531381 0.0575111 0.063222 0.0687433 0.073478 0.0773459 0.0804451 0.0826991 0.0839942 0.0844153  3.43547e+07 1.07239e+06 5.76851e+06 735362 856450 124625 142961 98350.1 93266.1 26426.5 16759.8 12246 9742.35 3674.82 1351.41 8779.69
384506 384506 0.000433964 0.00641518 0.0680695 0.0693928 0.0410699 0.0304337 0.0298596 0.0323318 0.0355833 0.0387387 0.0414505 0.0436677 0.0454434 0.0467335 0.0474736 0.0477139  5.25193e+07 1.40333e+07 821023 2.21411e+06 587685 622699 110729 146808 100307 92305.9 27085.7 17872.3 13499.3 11277.4 4573.22 12825.6
4.31509e+06 4.31509e+06 0.00183996 0.0268017 0.246279 0.245096 0.153979 0.117774 0.116615 0.126293 0.138541 0.150211 0.160133 0.168205 0.17467 0.17938 0.182095 0.182981  6.7635e+07 3.61782e+07 1.04766e+07 718373 1.63544e+06 550460 591292 109485 142702 96624 90531.3 27034.2 18675 14684.2 12830 20670
3.38218e+06 3.38218e+06 0.00144115 0.0211275 0.205776 0.208954 0.128598 0.0967765 0.0950893 0.102651 0.112497 0.121979 0.130091 0.136719 0.142042 0.145927 0.148169 0.148901  7.08028e+06 1.9152e+07 1.08868e+07 2.69125e+06 259461 534489 241240 252439 47750.8 62301.9 42148.6 40563.3 12469 9054.66 7397.7 17631.3
932320 932320 0.000710479 0.0104812 0.108796 0.110945 0.0663528 0.0493386 0.0483968 0.0523378 0.0575183 0.0625385 0.0668493 0.0703743 0.0732005 0.0752568 0.0764387 0.076823  4.01034e+07 1.97381e+06 5.26445e+06 2.2787e+06 560222 62679.8 135891 60616.8 61407.9 11291.9 14570.4 9934.32 9797.6 3122.79 2353.04 6736.49
741495 741495 0.000766608 0.0112926 0.115668 0.117181 0.0703949 0.0525756 0.0517015 0.0559859 0.0615681 0.0669614 0.0715846 0.0753601 0.0783838 0.0805821 0.0818446 0.0822549  1.68066e+07 1.69796e+07 1.5077e+06 1.97827e+06 1.12116e+06 516461 85054.6 125545 64056.6 59431.3 11474.3 16082.2 11346.6 11983 3998.89 12344.4
6.13894e+06 6.13894e+06 0.00284423 0.0411509 0.353332 0.3537 0.229494 0.177185 0.17507 0.188652 0.20586 0.222191 0.236043 0.247329 0.256414 0.263071 0.266938 0.268209  3.80371e+07 1.44592e+07 1.23469e+07 1.22973e+06 1.32496e+06 913465 491403 88990.8 116448 60446.1 56093.3 11319.4 16310.4 11993.3 13390.7 19112.2
1.37684e+06 1.37684e+06 0.000848426 0.0124823 0.126354 0.127511 0.0769401 0.0576503 0.0567753 0.0615161 0.0676597 0.0735835 0.0786554 0.0827941 0.0861071 0.088515 0.0898978 0.0903471  5.5382e+06 1.16501e+07 6.10637e+06 2.76391e+06 410986 416308 353012 217386 41658.8 48862 26035.1 24366.7 5197.96 7775.57 5945.81 17047.5
733516 733516 0.000898915 0.0132133 0.132651 0.133447 0.0807586 0.060651 0.0597927 0.0648111 0.0712906 0.0775297 0.0828674 0.0872206 0.090704 0.093235 0.0946881 0.0951603  2.25862e+07 1.54451e+06 3.2283e+06 1.4062e+06 624304 102936 108663 91528.8 55020.2 10333.8 12068.2 6512.62 6266.45 1388.62 2157.29 6611.22
441451 441451 0.000494185 0.00730846 0.0777539 0.0797148 0.0471922 0.0348898 0.0341602 0.0369329 0.0406049 0.0441747 0.0472459 0.0497596 0.0517753 0.0532417 0.054084 0.0543578  4.68398e+07 8.24121e+06 1.90531e+06 1.43319e+06 1.24337e+06 595999 109635 103004 84207.7 57134.2 12148.4 13112.1 7246.07 7275.1 1778.17 11638.3
4.22303e+06 4.22303e+06 0.00246339 0.0357407 0.315366 0.315436 0.202137 0.155399 0.153586 0.16576 0.181204 0.19589 0.208361 0.21852 0.226684 0.232654 0.236113 0.237247  2.06996e+07 3.32211e+07 5.98359e+06 1.62008e+06 1.13881e+06 1.20376e+06 593496 113717 100221 80986.5 56651.8 12786 13761.6 7895.66 8285.87 16195.6
1.77893e+06 1.77893e+06 0.00085436 0.012591 0.129292 0.13192 0.0793148 0.0590764 0.0579439 0.0626265 0.0687792 0.0747366 0.0798496 0.0840308 0.0873851 0.0898277 0.091233 0.0916904  3.49231e+06 6.98574e+06 1.06814e+07 1.34127e+06 565651 401060 531464 263971 50851.2 42702.1 34231.4 24964.6 5990.89 6520.7 3877.52 12682.6
698399 698399 0.000838255 0.0123611 0.127617 0.130612 0.0783946 0.0582757 0.0570875 0.0616561 0.067686 0.073533 0.0785555 0.0826654 0.0859644 0.0883677 0.089751 0.0902015  5.69831e+07 974466 1.94397e+06 2.55064e+06 321992 149228 108806 141970 68469.3 12886.4 10754.2 8721.67 6535.21 1628.59 1840.68 4845.59
205360 205360 0.000241884 0.00357713 0.0381992 0.0386737 0.0227767 0.0168985 0.0166217 0.018039 0.0198894 0.0216827 0.0232228 0.0244803 0.0254854 0.0262142 0.0266313 0.0267664  1.85441e+07 2.24007e+07 687065 1.10308e+06 1.60504e+06 254146 193202 108105 148482 71566.4 13353.4 11543.7 9361.83 7623.83 2161.11 8641.74
6.00106e+06 6.00106e+06 0.00244249 0.0351747 0.293036 0.280923 0.18206 0.143249 0.143957 0.156995 0.172702 0.187386 0.199727 0.209682 0.217603 0.223346 0.226644 0.227718  3.19507e+07 1.54252e+07 1.60732e+07 588700 901602 1.42296e+06 243181 194226 103880 143505 70313 13664.6 12073.2 10132.5 8691.58 12978.3
2.37015e+06 2.37015e+06 0.00148577 0.0217707 0.211022 0.214069 0.132002 0.0994489 0.0977507 0.105529 0.115642 0.125375 0.133698 0.140498 0.145959 0.149944 0.152245 0.152996  3.62332e+06 9.90155e+06 6.27785e+06 3.17369e+06 164960 299300 537408 98124.8 81993.7 41653.5 58191.6 29265.4 5957.49 5423.77 4687.56 10607.4
688078 688078 0.000953452 0.0140034 0.139507 0.139998 0.0849662 0.0639429 0.0630952 0.0684138 0.0752584 0.0818407 0.0874678 0.0920548 0.0957241 0.0983899 0.0999202 0.100417  3.60202e+07 1.00999e+06 2.71847e+06 1.29804e+06 651134 39461.7 75545.2 134165 23717.5 19262 9674.73 13618.5 7017.54 1481.06 1399.07 4085.66
119396 119396 0.00015351 0.00227252 0.0245167 0.0248758 0.0145884 0.0107973 0.0106118 0.011515 0.0126978 0.0138458 0.0148324 0.0156384 0.0162827 0.0167498 0.017017 0.0171036  2.65958e+07 1.43174e+07 904754 1.27793e+06 1.20766e+06 598683 43837.9 86986.6 145202 25366.2 21798 10778.5 15828.7 8789.17 2022.79 7619.05
4.49417e+06 4.49417e+06 0.00226698 0.032934 0.294443 0.294144 0.187312 0.143746 0.142133 0.153552 0.168034 0.181815 0.193522 0.203056 0.21071 0.216301 0.219535 0.220594  2.27291e+07 1.9229e+07 1.03527e+07 812581 1.04558e+06 1.20172e+06 593527 46293.4 88298.7 144972 25851.9 22732.1 11551.1 17728 10369.9 11970.2
1.72104e+06 1.72104e+06 0.00112246 0.0164941 0.164603 0.167048 0.101633 0.076192 0.0748801 0.0809447 0.0888479 0.0964718 0.103001 0.108334 0.112613 0.11573 0.117525 0.11811  3.96871e+06 8.57474e+06 6.30563e+06 2.38579e+06 282732 381844 554651 266499 21236.5 39219.9 63637.1 11650.3 10569.1 5546.13 8858.77 11782
561234 561234 0.000770774 0.0113438 0.115307 0.116184 0.0699378 0.05239 0.0516183 0.0559588 0.0615779 0.0669962 0.0716355 0.0754203 0.0784484 0.0806479 0.08191 0.0823199  6.67218e+07 1.10676e+06 2.36983e+06 1.40253e+06 527099 70568.8 99438 142827 66646.4 5181.5 9493.83 15562.1 2924.25 2753.2 1499.77 5773.25
1.18241e+06 1.18241e+06 0.00128419 0.018822 0.183402 0.184597 0.113289 0.0854942 0.0842788 0.0912161 0.100155 0.108742 0.116078 0.122061 0.126856 0.130346 0.132355 0.133009  5.41994e+07 2.65995e+07 792270 1.58644e+06 800360 445760 81446.7 101422 153208 69084 5493.73 10276.2 17213.3 3488.94 3420.52 9450.07
5.21282e+06 5.21282e+06 0.00145303 0.0212822 0.205693 0.207819 0.128166 0.096735 0.0952303 0.102919 0.112863 0.122418 0.130583 0.137248 0.142596 0.146495 0.148743 0.149477  6.46778e+07 3.75805e+07 1.89699e+07 557300 1.15565e+06 655189 399787 80011.3 93182.1 141323 63259.4 5273.53 9992 17343.6 3720.31 14240.4
2.56353e+06 2.56353e+06 0.000875158 0.0128858 0.131259 0.133291 0.0803347 0.0600089 0.0589618 0.0637892 0.070093 0.0761848 0.0814072 0.085674 0.089094 0.0915826 0.0930135 0.093479  5.43291e+06 1.81196e+07 1.17681e+07 5.12704e+06 220534 540318 304984 191587 39923.7 44108 67803.9 30720.2 2703.11 5266.8 9474.93 10346.7
1.28238e+06 1.28238e+06 0.000921978 0.0135632 0.137037 0.138703 0.0838359 0.0627721 0.0617461 0.0668328 0.0734485 0.0798325 0.0853009 0.0897659 0.0933433 0.0959456 0.0974415 0.0979281  6.9575e+07 1.51557e+06 5.03105e+06 2.75394e+06 1.19349e+06 56747.5 143896 80278 49068.7 10000.9 10987 17092.1 7957.78 727.189 1471.32 5724.9
545318 545318 0.000534545 0.00790915 0.0844415 0.0870152 0.0514998 0.0379887 0.0371254 0.0400877 0.044036 0.047881 0.0511922 0.0539049 0.0560826 0.0576685 0.0585805 0.0588771  1.95488e+07 2.21698e+07 895531 1.78444e+06 1.47472e+06 917808 65627.5 157485 77368.6 49474 10630.9 11427.7 18394.6 8971.67 908.919 8985.43
7.67502e+06 7.67502e+06 0.00314463 0.045408 0.382404 0.383575 0.251194 0.194441 0.19198 0.206556 0.225043 0.242569 0.257427 0.269541 0.279307 0.286477 0.290651 0.292026  2.40894e+07 1.48583e+07 1.51332e+07 712862 1.3346e+06 1.33126e+06 889679 68575.1 158151 75913.4 48801.3 11067.8 11976.1 20118.5 10213.3 11881.5
2.10878e+06 2.10878e+06 0.0015234 0.022307 0.2149 0.217486 0.134395 0.101435 0.0997936 0.10778 0.118127 0.128073 0.136573 0.143514 0.149086 0.153152 0.155498 0.156264  5.9304e+06 9.30344e+06 5.29565e+06 2.62565e+06 208183 395058 515254 367386 30107.2 66582.1 31391 20538 4954.22 5433.27 9491.24 10889.5
1.00166e+06 1.00166e+06 0.00125411 0.0184504 0.185592 0.190957 0.116205 0.0866014 0.0846647 0.0911802 0.0998285 0.108213 0.115413 0.121312 0.12606 0.12953 0.131534 0.132189  1.5365e+08 1.65281e+06 2.55011e+06 1.07788e+06 527404 49019.1 98554.7 127390 88017.8 7012.67 15334.3 7284.22 4882.89 1221.12 1389.52 5388.34
1.11481e+06 1.11481e+06 0.00084259 0.0124217 0.127941 0.130745 0.0785301 0.0584308 0.0572749 0.061882 0.0679491 0.073828 0.0788759 0.0830052 0.0863187 0.0887321 0.0901209 0.0905731  4.52433e+07 4.9487e+07 1.20399e+06 1.41423e+06 889269 402685 68269.3 93630.6 130296 92084.8 7997.01 17316 8460.02 5999.88 1677.12 9162.69
1.0798e+07 1.0798e+07 0.00208534 0.0302969 0.271694 0.269291 0.170826 0.131362 0.130279 0.141101 0.154704 0.167623 0.178585 0.187496 0.194633 0.199833 0.202834 0.203813  1.48719e+07 3.44855e+07 3.33083e+07 947637 1.1222e+06 809682 374853 70373.6 87068.9 122703 87868.7 8072.48 17743.7 9055.27 6668.79 12707.5
2.27064e+06 2.27064e+06 0.000734971 0.0108437 0.112626 0.115072 0.0688404 0.0511552 0.0501492 0.0542105 0.0595593 0.0647447 0.0691985 0.0728416 0.0757637 0.0778907 0.0791138 0.0795117  5.14515e+06 5.47137e+06 1.22138e+07 6.49344e+06 325253 435920 355213 163348 33575.9 37741.9 54594.1 40211.2 3955.03 8901.56 4738.62 10593.9
860510 860510 0.000926325 0.0136464 0.139529 0.142521 0.0858868 0.0639896 0.0627313 0.067759 0.0743749 0.0807815 0.0862805 0.0907786 0.094389 0.0970195 0.098534 0.0990273  3.76437e+07 1.43595e+06 1.52658e+06 2.99937e+06 1.60789e+06 87503.9 119982 96165.2 42957.8 8634.5 9654.54 14139.1 10705.4 1093.76 2556.59 4561.18
978938 978938 0.00110301 0.016227 0.163556 0.167032 0.101334 0.0756855 0.0742075 0.0801085 0.0878633 0.0953637 0.101797 0.107059 0.111285 0.114367 0.116143 0.116722  1.47705e+07 1.99647e+07 1.27373e+06 893752 1.73298e+06 921016 97614 117043 98805.6 43020.9 9672.45 9941.49 15244.2 12156.2 1381.71 8992.56
4.92912e+06 4.92912e+06 0.00185287 0.0270239 0.250825 0.251651 0.157773 0.120159 0.11861 0.128204 0.140471 0.152197 0.162184 0.170324 0.176856 0.181621 0.184373 0.185272  3.92571e+07 1.19397e+07 1.53309e+07 970017 690690 1.51041e+06 791736 98628.2 110975 92934.3 40768.2 9667.33 9847.88 15818.5 13176.1 11881.2
1.99799e+06 1.99799e+06 0.00118193 0.0173602 0.172446 0.175017 0.106714 0.0800612 0.078682 0.0850349 0.0933114 0.101293 0.108126 0.113709 0.118188 0.121452 0.123332 0.123945  1.45955e+07 1.36382e+07 4.69267e+06 4.40523e+06 368527 291718 664959 332315 47851.7 50974.9 43259.3 19468.3 4931.45 5045.12 8474.04 14047.4
1.12128e+06 1.12128e+06 0.00123188 0.0180908 0.179306 0.182215 0.111257 0.0834585 0.0819726 0.0885395 0.0971107 0.105379 0.11246 0.118246 0.122891 0.126278 0.12823 0.128866  2.83407e+07 4.07001e+06 3.76535e+06 1.03181e+06 962214 91400.9 75616 170434 82674.1 11607.3 12260.4 10506.6 4851.8 1275.26 1354.25 6256.35
1.12992e+06 1.12992e+06 0.00122464 0.0180206 0.181656 0.186881 0.113608 0.0846465 0.0827671 0.0891587 0.0976379 0.105858 0.112917 0.1187 0.123353 0.126753 0.128717 0.129358  1.09386e+07 1.20902e+07 1.76072e+06 1.99949e+06 766813 858692 110563 75330.7 153403 75770.6 12432.8 12579.5 11447.4 5617.49 1644.01 9565.97
5.43031e+06 5.43031e+06 0.00376321 0.0534812 0.396873 0.375469 0.254108 0.204681 0.206979 0.225565 0.247325 0.267351 0.284019 0.297408 0.308062 0.315805 0.320272 0.321732  4.50975e+07 9.15047e+06 8.82111e+06 1.14317e+06 1.56561e+06 727328 842786 114032 72948.8 144009 70965.5 12489 12679.4 12051 6201.89 12931.6
1.18967e+06 1.18967e+06 0.00105608 0.0155494 0.15794 0.16178 0.0978759 0.0729385 0.0714359 0.0770797 0.0845271 0.0917407 0.097933 0.103001 0.107073 0.110043 0.111755 0.112314  5.05709e+06 1.36208e+07 3.69221e+06 1.61195e+06 244211 530567 292942 344822 49160.4 29705.9 57822 29177 5605.5 5757.85 5720.41 9546.31
1.12297e+06 1.12297e+06 0.00125809 0.0184988 0.185206 0.189931 0.115726 0.0864052 0.084576 0.0911507 0.0998378 0.108248 0.115465 0.121374 0.126127 0.129598 0.131602 0.132257  1.19002e+08 1.41103e+06 3.78262e+06 858710 380194 64187 143566 77801.1 88594.9 12299.4 7366.78 14480 7498.21 1494.93 1594.01 4374.08
2.37972e+06 2.37972e+06 0.00206639 0.0302058 0.284612 0.292335 0.183327 0.138196 0.135194 0.145209 0.158428 0.171174 0.182087 0.191029 0.198246 0.20354 0.206615 0.207624  5.18639e+07 4.08336e+07 1.1851e+06 1.46587e+06 753930 408208 85801.6 170846 88958.7 97643.5 14477.2 8298.48 16468 9134.43 2071.73 8213.04
1.17345e+07 1.17345e+07 0.00269428 0.0390456 0.340303 0.34162 0.220387 0.169576 0.167364 0.180322 0.19682 0.21251 0.225836 0.236701 0.245446 0.251854 0.255575 0.256797  6.18355e+07 3.6255e+07 2.76284e+07 792801 923663 659709 387406 84727.8 160410 82490.5 89334 13799.2 7967.37 16336.9 9445.15 11307.2
3.64898e+06 3.64898e+06 0.00129705 0.019052 0.188998 0.19293 0.117907 0.0883088 0.0865984 0.0934243 0.102381 0.111033 0.118447 0.124512 0.129386 0.132943 0.134996 0.135666  6.80645e+06 1.7264e+07 1.11858e+07 5.49894e+06 293647 349703 311037 184141 41104.7 74639.6 38800.3 42515.3 6961.21 4107.54 8712.63 11644.2
1.59634e+06 1.59634e+06 0.0012845 0.0188687 0.187302 0.191149 0.116772 0.0874502 0.0857554 0.0925155 0.101387 0.109958 0.117303 0.123312 0.12814 0.131663 0.133697 0.13436  1.84798e+07 1.89829e+06 4.7676e+06 2.45274e+06 1.21357e+06 73941.5 91679 80246.7 45934.4 9968.18 17909.9 9388.05 10546.2 1790.9 1096.66 5621.19
667654 667654 0.000680153 0.0100386 0.104682 0.106922 0.0638379 0.0474109 0.0464833 0.0502612 0.0552365 0.0600609 0.0642052 0.0675949 0.070313 0.072291 0.0734279 0.0737976  1.50137e+07 1.22099e+07 2.10442e+06 1.6098e+06 1.22173e+06 905042 98500.4 90275.4 87996.7 49317.9 11489.3 19832.6 11013.4 12781.6 2394.17 8967.29
4.5046e+06 4.5046e+06 0.00216098 0.031457 0.286195 0.2879 0.182295 0.139175 0.137245 0.148086 0.161971 0.175231 0.18652 0.195727 0.203128 0.208538 0.211669 0.212695  1.16683e+08 1.29465e+07 9.79305e+06 1.73396e+06 1.14057e+06 1.07227e+06 854922 101506 88660.5 86284 48952.6 11967.4 20903.7 12201.9 14636.7 13650.4
1.51448e+06 1.51448e+06 0.000784696 0.0115674 0.119174 0.12139 0.0728352 0.0542512 0.0532451 0.0575859 0.0632789 0.0687897 0.0735189 0.0773848 0.0804844 0.0827401 0.0840369 0.0844587  4.57964e+06 3.09044e+07 5.61429e+06 2.9379e+06 648090 383371 451882 380708 48240.4 40133.6 39505.3 22967.1 5961.21 10609.9 6495.42 15547.6
1.00557e+06 1.00557e+06 0.000593483 0.00877122 0.0926472 0.0950446 0.0564698 0.0417883 0.0409028 0.0441971 0.0485626 0.0528054 0.0564549 0.0594425 0.0618394 0.0635841 0.0645871 0.0649133  7.16251e+06 1.27786e+06 8.60489e+06 1.35133e+06 708218 170913 103973 120839 98996.7 12270.7 10155 10119.8 6047.41 1630.38 3013.55 6485.89
514485 514485 0.000554477 0.00819757 0.0868983 0.0891753 0.052898 0.0391198 0.0382892 0.0413793 0.0454753 0.0494573 0.0528829 0.0556872 0.0579369 0.0595742 0.0605152 0.0608212  3.19354e+07 7.72585e+06 720849 2.77682e+06 1.30717e+06 741098 209202 93871.9 112139 98067.6 13102.7 10637.7 11007.6 6976.67 2089.01 12044
2.16714e+06 2.16714e+06 0.00124952 0.018361 0.182867 0.186701 0.113895 0.0852466 0.0835943 0.0902004 0.098871 0.107248 0.114429 0.120303 0.125022 0.128466 0.130453 0.131101  1.69288e+07 2.26774e+07 6.4736e+06 560721 1.85454e+06 1.3014e+06 732028 211379 89122.6 106461 94381.5 13144 10975.3 11749.7 7816.46 16650.3
1.64756e+06 1.64756e+06 0.000941141 0.0138651 0.141772 0.144945 0.0873709 0.0650801 0.0637859 0.0688871 0.0756043 0.08211 0.0876944 0.0922628 0.0959304 0.0986032 0.100142 0.100644  2.98999e+07 5.38493e+06 7.4635e+06 2.36733e+06 209702 575093 644646 349602 101451 40478.3 48733.9 44497.5 6522.38 5650.87 6246.27 13712
934572 934572 0.0013408 0.0196863 0.194474 0.198407 0.12147 0.0910532 0.0893019 0.0963305 0.105547 0.114446 0.122071 0.128308 0.13332 0.136979 0.139091 0.13978  5.10394e+06 8.34301e+06 1.49738e+06 1.7641e+06 565064 55322.1 156035 171947 90390.2 25588.8 10134.7 12334.3 11565.1 1759.85 1583.02 5790.44
945059 945059 0.00102122 0.0150338 0.152574 0.155859 0.0942584 0.0703145 0.0689341 0.0744346 0.0816683 0.0886691 0.0946757 0.0995891 0.103534 0.10641 0.108067 0.108607  1.09355e+07 9.79605e+06 3.12707e+06 831642 1.05006e+06 581638 59310.8 102609 166583 85698.9 24890 9885.27 12270.5 12266.2 2024.51 8752.04
4.88301e+06 4.88301e+06 0.00306047 0.0441991 0.37307 0.373138 0.243878 0.188881 0.186696 0.201068 0.219231 0.236439 0.25102 0.262899 0.272466 0.279483 0.283563 0.284906  2.24601e+07 9.55749e+06 8.37708e+06 1.95832e+06 640187 897919 554210 58804.1 87104 154970 78802.1 23476.1 9606.1 12386.4 12930.3 12004.1
1.77299e+06 1.77299e+06 0.00145162 0.0212978 0.208764 0.213133 0.130988 0.0982964 0.0963868 0.103918 0.113797 0.12333 0.131497 0.138177 0.143548 0.147472 0.149739 0.15048  3.60885e+07 6.30344e+06 4.16258e+06 2.56203e+06 459107 250968 368698 245016 26528.6 33573 66217 33872.5 10484 4467.6 5970.47 12610.9
1.53282e+06 1.53282e+06 0.00258866 0.0375815 0.332632 0.33579 0.215512 0.165076 0.162538 0.174925 0.190841 0.20603 0.218956 0.229509 0.238012 0.244246 0.247866 0.249056  3.60473e+07 1.00632e+07 1.73608e+06 885841 548931 113719 65003.3 93963.9 60285.8 6334.68 7920.23 15733.8 8245.02 2645.53 1169.7 5037.07
938201 938201 0.00091776 0.013532 0.139404 0.143126 0.0860716 0.0639419 0.0625693 0.067512 0.0740592 0.0804122 0.0858714 0.0903413 0.0939325 0.0965512 0.0980601 0.0985519  1.54096e+07 1.38222e+07 3.66485e+06 554606 847215 688900 118357 75647.6 95536.8 63281 7141.68 8266.64 17607.9 9778.02 3318.46 8234.69
4.66185e+06 4.66185e+06 0.00236384 0.034208 0.296208 0.290643 0.186654 0.144843 0.144223 0.156429 0.17155 0.185823 0.197891 0.207679 0.215507 0.221207 0.224495 0.225569  5.86419e+07 1.16044e+07 1.03289e+07 2.35706e+06 441527 849828 703276 121722 76495.1 92418 61990.9 7380.66 8482.69 19128.8 11056 13707.5
2.10507e+06 2.10507e+06 0.00153848 0.0225748 0.221204 0.226931 0.13969 0.104665 0.102446 0.110293 0.120651 0.130661 0.139244 0.146272 0.15193 0.15607 0.158464 0.159248  1.5532e+07 1.76573e+07 4.12393e+06 2.53386e+06 537133 168399 396065 325287 56256.4 35052.2 41276.5 28502.9 3625.49 4197.51 9960.59 13462.7
1.57138e+06 1.57138e+06 0.00160848 0.0235775 0.228818 0.234006 0.144555 0.108585 0.106393 0.114579 0.12534 0.135725 0.14462 0.1519 0.15776 0.162045 0.164524 0.165336  1.45607e+07 4.33166e+06 4.86503e+06 877286 548682 134898 44071.4 101588 80300.5 13446.3 8263.56 9790.2 6920.85 912.247 1095.65 6323.07
707748 707748 0.000724111 0.0106954 0.112172 0.115373 0.0688296 0.0509521 0.0498265 0.0537825 0.0590392 0.0641492 0.0685449 0.0721452 0.0750366 0.0771434 0.0783562 0.0787511  1.70625e+07 1.34557e+07 1.78848e+06 2.17316e+06 680884 555066 124153 48553.6 112050 86383.1 14743.9 9422.76 11136 8315.66 1216.68 9799.96
4.74534e+06 4.74534e+06 0.00217656 0.0317379 0.292663 0.297636 0.187945 0.142656 0.140091 0.150761 0.164633 0.177943 0.189304 0.198593 0.206078 0.211561 0.214742 0.215786  5.39111e+07 1.37532e+07 1.10615e+07 1.27443e+06 1.72895e+06 652851 584449 123192 49549.4 110617 84905.4 15075.1 9962.99 12067.8 9415.16 13107.5
1.18972e+06 1.18972e+06 0.00066198 0.00978375 0.103251 0.106295 0.0632427 0.0467556 0.0457095 0.0493428 0.0541767 0.058879 0.0629255 0.0662402 0.068902 0.0708413 0.0719573 0.0723206  1.75961e+07 1.47506e+07 5.4758e+06 3.50327e+06 379346 678878 302255 284594 56144.5 23136.9 50713.1 39364.5 7346.72 5063.23 6279.57 12261.3
860814 860814 0.000815303 0.0120333 0.125219 0.128744 0.0770833 0.0571411 0.0558833 0.0603008 0.0661666 0.0718654 0.0767658 0.0807794 0.0840036 0.086354 0.0877077 0.0881487  2.51363e+06 4.91308e+06 4.1329e+06 1.3988e+06 917397 106577 192957 84004.6 76613.3 14760.6 6047.49 13417.8 10706 2075.53 1485.56 5632.8
358356 358356 0.000366436 0.00542757 0.0586354 0.0603377 0.0354963 0.0261451 0.0255647 0.0276319 0.0303839 0.0330651 0.0353746 0.0372661 0.0387832 0.0398868 0.0405206 0.0407265  7.10851e+06 8.90588e+06 2.38765e+06 1.48758e+06 1.11245e+06 891166 99046 185210 83570.6 74823.8 14505.8 6204.12 13991.4 11697.3 2457.69 8650.06
2.8189e+06 2.8189e+06 0.0015317 0.022437 0.216801 0.220006 0.135875 0.102412 0.100655 0.108641 0.119026 0.129017 0.137561 0.144541 0.150148 0.154242 0.156605 0.157377  1.11128e+07 5.57799e+06 8.52734e+06 1.87067e+06 1.11845e+06 1.07653e+06 898668 102430 183643 82899 75265.4 14879.2 6621.6 15368.2 13369.5 13375.9
737350 737350 0.000628771 0.00929395 0.0982243 0.101026 0.0600512 0.0443995 0.0434217 0.0468897 0.0514983 0.0559805 0.0598373 0.0629959 0.0655316 0.0673785 0.0684409 0.0687866  3.32532e+07 4.08873e+06 2.14995e+06 3.54037e+06 624482 377895 495951 422032 48448.1 83916.3 38293.2 35549.2 7280.55 3388.12 8081.64 14669
591474 591474 0.00107006 0.0157428 0.158806 0.161963 0.0981814 0.0733506 0.0719499 0.0777007 0.0852475 0.0925448 0.0988028 0.10392 0.108029 0.111024 0.112749 0.113311  3.30423e+07 9.28469e+06 1.14586e+06 551085 928381 175328 107353 137873 113728 12758.4 21981.1 10157 9694.56 2062.67 996.955 6930.62
461935 461935 0.00044066 0.00652168 0.0698824 0.0717967 0.0423843 0.031277 0.0306002 0.0330764 0.036365 0.0395657 0.042321 0.0445769 0.0463864 0.0477028 0.0484589 0.0487046  1.00014e+07 1.24842e+07 3.60255e+06 794050 400397 986400 158718 84058.3 129322 105590 12636.6 21390.5 10326.1 10113 2324.98 9081.41
3.21338e+06 3.21338e+06 0.00197052 0.0282529 0.22911 0.210452 0.135979 0.108915 0.111314 0.122895 0.136337 0.148761 0.159123 0.167408 0.173927 0.178604 0.181258 0.182113  1.9998e+07 8.53271e+06 8.97911e+06 2.56356e+06 713916 394331 1.05022e+06 162989 80807.8 127101 104151 13173.3 22533.7 11377.2 11570 13642.2
1.37268e+06 1.37268e+06 0.00139884 0.0205304 0.201973 0.206122 0.126452 0.0948473 0.0930188 0.100317 0.109886 0.119123 0.127036 0.133507 0.13871 0.14251 0.144703 0.14542  1.00528e+07 6.21444e+06 3.49386e+06 1.7115e+06 488161 242413 152685 447659 67857.2 32062.7 52547.9 43955 5964.58 10408.6 5490.63 12619.4
782181 782181 0.00158231 0.0231342 0.219891 0.221078 0.137189 0.103985 0.102539 0.11087 0.121577 0.131839 0.140595 0.147736 0.153462 0.157637 0.160044 0.160829  4.9948e+07 2.80331e+06 1.71291e+06 750294 369714 121399 62971.9 39039.9 110582 16278.9 7603.62 12556.8 10763 1514.32 2742.04 4940.8
498041 498041 0.000682199 0.010079 0.106008 0.108989 0.0649257 0.0480455 0.0469903 0.0507333 0.0557054 0.0605394 0.0646979 0.0681036 0.0708381 0.0728302 0.0739764 0.0743495  6.89436e+06 1.92845e+07 1.15969e+06 879649 613925 328230 132121 78084.9 44266.2 120396 18408.9 8542.22 14277.6 12633.4 2035.03 10104.4
3.17085e+06 3.17085e+06 0.00134946 0.0197746 0.192163 0.193763 0.119127 0.0898906 0.0885576 0.0957882 0.105121 0.114089 0.121751 0.128003 0.133015 0.136666 0.138769 0.139455  1.89605e+07 5.44665e+06 1.37809e+07 836884 751662 619815 339872 139403 81368.1 45060.8 122297 19389.9 9166.98 15813.1 14505.8 14759.5
1.08276e+06 1.08276e+06 0.00103431 0.015214 0.15331 0.155902 0.0944767 0.0706654 0.0693948 0.0750048 0.0823386 0.0894229 0.0954946 0.100457 0.104438 0.107337 0.109007 0.109551  1.09903e+07 5.71664e+06 2.099e+06 3.59424e+06 265077 321223 299076 164792 67875.2 39275.2 21583.8 59357.4 9898.18 4823.87 8572.9 16511.9
745055 745055 0.00157169 0.0230404 0.223898 0.228707 0.141145 0.10604 0.103942 0.111982 0.122536 0.13272 0.141441 0.148577 0.15432 0.158517 0.160944 0.161738  3.61153e+07 3.06551e+06 1.58367e+06 478344 817331 67466.1 84863.4 77999.9 41728.8 16774.5 9634.57 5351.21 15109.6 2615.39 1323.28 7124.34
438919 438919 0.000707107 0.0104427 0.109403 0.112317 0.0670061 0.0496402 0.0485749 0.0524551 0.0575993 0.0625972 0.066895 0.0704139 0.0732388 0.0752964 0.0764803 0.0768657  4.71826e+06 1.30708e+07 1.35128e+06 728053 338814 548267 67789.9 89774.7 76631.2 41742 17256.1 10102.7 5688.07 16250.1 3184.91 10209
3.08616e+06 3.08616e+06 0.00235774 0.0336356 0.261405 0.23807 0.156025 0.126181 0.129462 0.143085 0.158702 0.173045 0.18496 0.194462 0.201928 0.207281 0.210319 0.211297  4.27406e+06 4.00663e+06 9.36181e+06 977193 594935 328883 522239 71462.2 91233.4 75486.5 41600.1 17666.3 10631.8 6199.7 18265.9 15889
1.22751e+06 1.22751e+06 0.0022192 0.0323484 0.297284 0.302302 0.191177 0.145187 0.142568 0.153392 0.167466 0.180967 0.192491 0.201913 0.209506 0.21507 0.218299 0.219358  6.31268e+06 2.6479e+06 1.64701e+06 1.63364e+06 212625 184699 126192 197124 30513 38170.3 31184.6 17762.3 7873.83 4916.57 2966.17 16913.3
731339 731339 0.00383608 0.0552044 0.448712 0.454946 0.30372 0.235592 0.231532 0.24775 0.268625 0.288452 0.305282 0.319051 0.330214 0.338459 0.34329 0.344891  9.38611e+06 1.75835e+06 718273 297234 294136 47438.3 44289.8 29861.7 44806.4 6682.2 8202.42 6714.08 3903.79 1790.26 1158.72 4858.58
465508 465508 0.000927639 0.0136465 0.137879 0.1396 0.0843857 0.0631755 0.0621332 0.0672431 0.0738924 0.0803097 0.0858071 0.0902961 0.0938931 0.0965099 0.0980143 0.0985037  9.87225e+06 7.89847e+06 1.25064e+06 789661 320951 301121 73490.7 61228.8 37548.4 51639.8 8758.85 10606.2 8569.23 5386.22 2644.02 8989.49
3.04382e+06 3.04382e+06 0.00254242 0.0368879 0.325157 0.32641 0.209506 0.160895 0.158786 0.171165 0.186943 0.201964 0.214729 0.225136 0.233509 0.239639 0.243194 0.244361  7.0018e+06 8.42999e+06 6.43157e+06 986599 698628 317722 304278 79002.8 62805.9 37796.9 51321.3 9288.84 11447.4 9529.93 6287.72 14130.1
1.12401e+06 1.12401e+06 0.00116509 0.0171175 0.170462 0.173156 0.10548 0.0790762 0.0776826 0.0839375 0.0920989 0.0999733 0.106718 0.112229 0.116651 0.119874 0.121731 0.122336  1.3755e+07 3.31617e+06 3.59309e+06 1.92769e+06 369699 335987 159782 147423 39519.4 30016.7 17891.8 24370.1 4733.05 5999.41 5143.83 11542.4
737547 737547 0.0020484 0.0298291 0.272617 0.273421 0.172599 0.131774 0.130055 0.140445 0.153723 0.166403 0.177197 0.185996 0.193062 0.198221 0.201204 0.20218  2.01945e+07 3.83585e+06 916147 795055 424574 92250.1 87472.5 41096.6 36788.7 9613.69 7239.88 4357.63 6090.49 1227.41 1614.95 4651.8
292690 292690 0.000408057 0.00604331 0.0651764 0.067154 0.0395515 0.0291268 0.0284651 0.0307513 0.0338002 0.0367716 0.0393315 0.0414286 0.0431115 0.0443361 0.0450397 0.0452684  6.74543e+06 1.24428e+07 1.61846e+06 823644 720774 476147 122506 107648 46654.6 38483.8 11119.2 8185.93 5085.72 7243.87 1682.34 8564.6
3.86551e+06 3.86551e+06 0.00221745 0.0322377 0.290077 0.290354 0.184479 0.141328 0.139633 0.150806 0.165017 0.178556 0.190067 0.199444 0.206974 0.212476 0.215658 0.2167  2.27799e+06 6.41796e+06 1.00017e+07 1.25101e+06 806388 738815 503381 135827 113682 48388.6 39648.6 12081.9 9029.27 5842.55 8575.22 12913.2
1.2419e+06 1.2419e+06 0.00120178 0.0176834 0.178253 0.183127 0.111283 0.0829523 0.0811524 0.0874546 0.0957998 0.103886 0.110829 0.116515 0.121089 0.124429 0.126358 0.126987  1.03214e+07 1.37527e+06 2.93217e+06 2.9674e+06 370136 361184 342891 236176 65369.3 52549.7 22220.1 18275 5933.52 4534.38 3047.62 11677.8
566124 566124 0.00189386 0.0276965 0.262623 0.268347 0.167521 0.126356 0.12384 0.133247 0.145583 0.157466 0.167633 0.175953 0.182656 0.187565 0.19041 0.191342  1.98648e+07 2.8798e+06 381387 669437 691646 97097.7 97604.1 90724.6 60285.4 16208.6 12890.7 5496.7 4635.25 1560.99 1238.03 4168.15
444593 444593 0.000666126 0.00984493 0.103882 0.106959 0.0636442 0.0470501 0.0459933 0.0496451 0.0545052 0.0592333 0.0633022 0.0666354 0.0693122 0.0712626 0.072385 0.0727504  1.72989e+07 8.89803e+06 1.96249e+06 456427 529889 758952 109919 115512 97202.7 62701.4 17685.5 14172 6265.53 5415.62 2044 7092.89
2.79202e+06 2.79202e+06 0.00211058 0.0303721 0.252737 0.237928 0.153343 0.121368 0.122831 0.134707 0.148794 0.161909 0.172901 0.181736 0.18873 0.193775 0.196657 0.197589  8.30213e+06 1.31379e+07 6.69897e+06 1.58737e+06 482635 531723 775792 117339 118948 96208.2 62446.3 18475.9 15161.4 6997.48 6259.77 11149.4
1.02809e+06 1.02809e+06 0.000908688 0.0133699 0.135301 0.137 0.0827558 0.0619424 0.0609259 0.0659475 0.0724804 0.0787852 0.0841862 0.0885964 0.0921298 0.0947001 0.0961776 0.0966581  2.43415e+07 3.82233e+06 4.69395e+06 1.56312e+06 482886 217895 220786 334004 52952.9 52613 41687.9 27709.9 8698.55 7394.6 3560.42 9230.39
923439 923439 0.00195622 0.0285902 0.269434 0.275024 0.172125 0.130002 0.12746 0.137139 0.149811 0.162008 0.172439 0.180974 0.187852 0.192888 0.195807 0.196764  1.66555e+07 6.78909e+06 1.05946e+06 1.08055e+06 355623 122093 57277.9 57494.2 84719.7 13142.7 12986.9 10413.9 7113.12 2318.9 2047.02 3668.61
460417 460417 0.000501665 0.00742423 0.0794503 0.0818518 0.0483861 0.0356803 0.0348716 0.0376599 0.0413762 0.0449958 0.048113 0.0506667 0.0527165 0.0542089 0.0550669 0.0553459  3.9535e+06 1.12539e+07 3.00666e+06 768285 839788 390507 170368 75429.3 60375.7 91732.9 15157.4 14851.4 11794.5 8390.79 2986.1 7585.36
4.46982e+06 4.46982e+06 0.00274468 0.0395773 0.331576 0.324292 0.21106 0.164855 0.164379 0.178199 0.195198 0.21118 0.22466 0.235583 0.244324 0.250696 0.254377 0.255581  2.38499e+07 3.36742e+06 9.33356e+06 2.22585e+06 722955 829213 407134 181124 80639.2 60335.4 92068 16131.8 16136 13120.7 9736.83 12968.9
1.29482e+06 1.29482e+06 0.00160726 0.023559 0.228586 0.233712 0.144382 0.108477 0.10631 0.11451 0.125278 0.135669 0.144567 0.151849 0.15771 0.161996 0.164475 0.165286  7.23832e+06 6.45175e+06 1.37915e+06 2.6429e+06 543427 288182 352191 180751 81197.7 36279.2 25782.2 40235.5 7563.17 7796.14 6469.05 11755.5
769826 769826 0.00182728 0.0267529 0.256271 0.262854 0.163506 0.122964 0.120342 0.1294 0.141349 0.152882 0.162761 0.170852 0.177375 0.182153 0.184922 0.18583  2.40721e+07 2.01817e+06 1.77308e+06 286114 553876 133258 74096.3 88988.6 43998.6 19141.2 8434.45 6029.42 9631.17 1875.88 2005.83 4852.79
247583 247583 0.00048759 0.00721651 0.0772969 0.0796187 0.0470435 0.0346873 0.0339035 0.0366182 0.0402355 0.0437586 0.0467928 0.0492785 0.0512734 0.0527257 0.0535606 0.0538321  5.83334e+06 9.24061e+06 1.03295e+06 557283 250877 702865 150092 88079.3 100995 49185.8 21532.6 9738.79 6968.84 11860.4 2619.32 9596.57
2.6391e+06 2.6391e+06 0.00217231 0.0314549 0.274382 0.267851 0.171178 0.132889 0.132576 0.144069 0.158242 0.171612 0.182911 0.192066 0.199374 0.204687 0.207744 0.20874  3.05554e+07 5.52369e+06 6.90309e+06 817945 434021 265954 745734 154964 91174.8 101527 49947.5 22351.5 10556.6 7756.82 13750.8 15048.7
1.01613e+06 1.01613e+06 0.00116467 0.0171448 0.173564 0.17849 0.108278 0.0806276 0.0788478 0.0849628 0.0930732 0.100937 0.107691 0.113224 0.117675 0.120925 0.122802 0.123414  8.5135e+06 9.18984e+06 2.62349e+06 1.65943e+06 239112 135800 120761 338205 68387.5 40572.6 44718.5 22519.4 10407.3 5165.31 3895.83 15193.5
877047 877047 0.00158878 0.0233086 0.227884 0.234078 0.144288 0.108089 0.105725 0.113745 0.124358 0.134622 0.143424 0.150635 0.156444 0.160695 0.163156 0.163962  5.66573e+06 2.3756e+06 2.55117e+06 605377 391788 63281.7 36936.8 32133.6 86805.3 17052.2 10010.3 11128.2 5746.56 2754.83 1419.03 5437.08
175143 175143 0.000310602 0.0046038 0.0500843 0.0516321 0.0302879 0.0222687 0.0217584 0.0235122 0.0258535 0.0281372 0.0301055 0.0317182 0.0330119 0.033953 0.0344934 0.0346689  7.08718e+06 7.19948e+06 967058 1.07946e+06 633299 375459 81786.2 39197.5 34556.1 89863.5 18018.3 11031.7 12530.1 6811.66 3390.34 8883.08
2.45435e+06 2.45435e+06 0.00206423 0.0300885 0.277062 0.279681 0.176312 0.134183 0.132141 0.142509 0.15586 0.168637 0.179528 0.188418 0.195565 0.200792 0.203817 0.204808  3.78676e+06 5.98524e+06 6.14372e+06 730852 907305 684957 401160 90378.6 41066.6 35592.4 90856.1 18732.3 11959.8 14026.9 7966.69 14950.1
545950 545950 0.000645463 0.00954187 0.100927 0.103975 0.0618074 0.0456657 0.044631 0.0481728 0.0528903 0.0574812 0.0614328 0.0646702 0.0672702 0.0691645 0.0702547 0.0706095  2.63864e+06 1.66156e+06 2.52806e+06 2.03748e+06 207239 331737 332430 189952 43836.4 19006.5 16239 41273.6 8854.75 5934.02 7177.31 12224.5
489049 489049 0.00171575 0.0251441 0.24317 0.249589 0.154598 0.116054 0.11355 0.122129 0.133462 0.14441 0.153793 0.161479 0.167673 0.172209 0.174836 0.175697  4.05721e+07 736784 465802 649385 537329 58518 94636.3 92674.7 51279.7 11556.6 4981.66 4308.6 11257.1 2508.72 1746.05 5909.32
257832 257832 0.000498639 0.00737956 0.0789864 0.0813697 0.0480961 0.0354655 0.0346616 0.0374334 0.0411276 0.0447258 0.0478246 0.0503633 0.052401 0.0538845 0.0547374 0.0550147  1.04862e+07 1.40441e+07 664032 434719 568186 564858 60686.3 86804.3 92205.3 49749.4 12522.8 5455.59 4542.36 11874.2 2875.31 9116.4
1.58832e+06 1.58832e+06 0.000838554 0.0123636 0.127466 0.130324 0.0782528 0.0582075 0.0570483 0.061634 0.0676758 0.0735312 0.0785592 0.0826725 0.0859735 0.0883779 0.0897616 0.0902121  3.5387e+07 8.49651e+06 9.8266e+06 596200 414920 568963 574567 64530.3 85253.4 92139.8 49834.9 13199.2 5919.77 5032.71 13447.8 14321.2
834784 834784 0.000676052 0.0099862 0.104866 0.107646 0.0641464 0.0475069 0.046492 0.0502157 0.0551513 0.0599468 0.0640708 0.0674471 0.0701571 0.0721307 0.0732661 0.0736355  2.23409e+06 1.05589e+07 3.46807e+06 2.77383e+06 266583 208169 285488 285249 33102.3 40738.8 45184.4 24935.7 7035.62 3281.85 2847.13 16136.3
664857 664857 0.000908938 0.0134082 0.13869 0.142753 0.0857407 0.0635952 0.0621649 0.0670329 0.0735064 0.0797956 0.0852036 0.0896342 0.0931956 0.0957935 0.097291 0.0977793  4.11029e+07 623693 2.95444e+06 875093 713014 73784.4 58512.1 78637.9 76195 8640.57 10575.4 11875.1 6736.96 1974.58 956.585 5741.04
404053 404053 0.000599852 0.00886783 0.093885 0.0965199 0.057317 0.0423696 0.0414399 0.0447557 0.0491616 0.053447 0.0571348 0.0601548 0.0625789 0.064344 0.0653591 0.0656894  1.87194e+07 1.5746e+07 396975 1.41479e+06 754604 449837 79346.2 64491.5 78660.5 73918.9 9301.56 10481.7 12060.2 7236.13 2396.41 7980.95
2.76959e+06 2.76959e+06 0.00142845 0.0207782 0.189917 0.183999 0.114919 0.0887384 0.0887636 0.096883 0.106876 0.116328 0.124328 0.130801 0.135949 0.139674 0.141805 0.142495  6.97091e+06 1.31621e+07 1.13483e+07 331727 1.12172e+06 726054 409605 82512.7 65151.6 76491.8 71606.1 9652.21 10786.6 12933.9 8115.58 12245
937376 937376 0.000755648 0.0111578 0.11665 0.119921 0.0716415 0.0530702 0.0519072 0.0560278 0.0614989 0.0668152 0.0713875 0.0751319 0.0781392 0.0803307 0.0815924 0.0820033  2.27634e+07 3.5008e+06 4.17645e+06 2.73039e+06 115942 394932 316803 165618 38277.8 29861 34372.4 32656.2 4778.81 5349.38 6663.55 11030.7
756637 756637 0.00145355 0.0213347 0.209823 0.214775 0.131889 0.0988212 0.0967909 0.104276 0.114134 0.123661 0.131828 0.138512 0.143891 0.147822 0.150094 0.150836  4.53222e+07 6.35476e+06 978734 1.04272e+06 696745 32034.2 110870 87048.9 44066.8 9939.65 7703.54 8970.94 8757.54 1330.91 1547.08 5296.41
311841 311841 0.000296692 0.00439798 0.0478901 0.0493626 0.0289425 0.0212777 0.0207918 0.0224701 0.0247103 0.0268952 0.0287784 0.0303213 0.0315589 0.0324591 0.032976 0.0331439  1.30522e+07 1.74198e+07 3.13267e+06 896367 605706 531351 40278.2 114222 90314.1 41511 10477.1 8253.14 9551.77 9626.55 1674.32 8328.31
3.8632e+06 3.8632e+06 0.00149321 0.0218805 0.212123 0.215307 0.132777 0.100013 0.0982861 0.106092 0.116248 0.126023 0.134383 0.141213 0.1467 0.150705 0.153017 0.153772  3.81896e+07 1.07221e+07 1.29847e+07 2.55719e+06 869338 569680 519860 44380.6 115022 90588.2 41288.5 11102.4 8988.76 10687.4 11174.2 12267.4
766286 766286 0.000457075 0.00676556 0.072565 0.0746814 0.0440878 0.0325104 0.0317867 0.0343434 0.0377465 0.0410604 0.0439141 0.0462514 0.0481268 0.0494917 0.050276 0.0505309  3.75641e+07 1.17557e+07 4.40901e+06 3.66093e+06 905123 401795 251466 234835 22163.4 53251.4 42156.7 19335.2 5571.89 4680.19 5705.02 13029.2
942500 942500 0.00095328 0.0140477 0.143933 0.147488 0.0888723 0.0661211 0.0647438 0.0698747 0.0766544 0.0832271 0.0888722 0.0934927 0.0972041 0.0999101 0.101469 0.101977  2.02936e+07 1.04907e+07 3.30524e+06 1.17106e+06 995964 259663 115964 70990 64341.7 5944.07 14227.5 11418.7 5388.92 1614.08 1408.42 5840.18
190060 190060 0.000141191 0.00209551 0.023121 0.0238396 0.0138909 0.0101893 0.00995606 0.0107662 0.0118485 0.012905 0.0138163 0.0145628 0.0151613 0.0155963 0.0158459 0.0159268  1.38871e+07 9.77417e+06 4.33501e+06 1.66764e+06 1.02293e+06 714129 260295 119915 66294.7 58826 6225.66 14033.6 11531.6 5676.1 1873.71 8505.5
2.9542e+06 2.9542e+06 0.00145124 0.0212685 0.206559 0.209426 0.129002 0.0971777 0.0955422 0.103176 0.113093 0.122637 0.130798 0.137464 0.142817 0.146722 0.148975 0.149711  5.2958e+06 1.19024e+07 7.65643e+06 3.30696e+06 1.46138e+06 1.0104e+06 703345 272225 122200 65380.5 58323.9 6678.28 15022.7 12852.9 6591.49 12734.4
821981 821981 0.000572503 0.00846754 0.0900513 0.0927383 0.0549803 0.0405914 0.039679 0.0428455 0.0470616 0.0511654 0.0546983 0.0575923 0.0599156 0.0616077 0.0625809 0.0628975  3.83707e+06 1.54769e+06 5.16494e+06 2.37129e+06 974637 568670 455002 309038 126720 55780.5 29329.5 26593.3 3312.8 7521.67 6678.62 10537.7
435423 435423 0.00107179 0.0157894 0.161081 0.165696 0.100158 0.0744778 0.0728244 0.0784935 0.0860189 0.0933206 0.0995946 0.104734 0.108867 0.111884 0.113625 0.114193  5.12243e+06 1.07149e+06 434377 1.34417e+06 633063 276954 162993 127497 83935.3 33642.5 14735.2 7847.73 7317.4 947.112 2233.56 5291.02
197841 197841 0.000432309 0.00640095 0.0688638 0.0709273 0.0418195 0.0308145 0.0301202 0.0325406 0.0357658 0.0389079 0.0416143 0.0438313 0.0456102 0.0469049 0.0476489 0.0478907  4.27413e+06 2.68959e+06 1.05177e+06 201295 1.25572e+06 547041 241005 152478 123570 74296.4 32385 14534.1 7881.42 7572.24 1124.93 8694.3
882590 882590 0.00123208 0.018106 0.180483 0.184197 0.112309 0.0840577 0.0824396 0.0889675 0.0975321 0.105807 0.112899 0.1187 0.12336 0.126761 0.128722 0.129362  1.63708e+07 3.58204e+06 2.22456e+06 883810 175841 1.2236e+06 544179 236192 148463 119665 72258.7 32955.9 15264.2 8564.83 8541.17 11740.7
782479 782479 0.00117083 0.0172277 0.173723 0.178193 0.108218 0.0807058 0.0790024 0.0851796 0.0933422 0.101248 0.108033 0.113589 0.118055 0.121316 0.123198 0.123812  2.24356e+07 1.19562e+07 1.50914e+06 799589 357529 78294.6 587667 258633 110017 68918.7 55999 34344.4 16561.4 7991.37 4636.68 11462.8
1.02076e+06 1.02076e+06 0.00151872 0.0222913 0.219022 0.224892 0.138291 0.10353 0.101288 0.109019 0.119243 0.129131 0.137612 0.144558 0.150152 0.154244 0.156611 0.157386  2.85341e+06 6.25957e+06 3.31544e+06 344804 185854 93410.5 21094.2 155225 65976.2 27284.2 16919 13868.8 8723.27 4363.67 2185.38 4560.49
657341 657341 0.000586202 0.00866932 0.0921021 0.0948557 0.0562632 0.0415425 0.0406047 0.043839 0.0481467 0.0523399 0.0559498 0.0589071 0.0612815 0.0630108 0.0640056 0.0643292  9.82944e+06 5.68577e+06 3.02955e+06 2.92745e+06 311171 182367 102685 22028.5 152540 62172.3 26541.8 16747.4 14240.3 9230.16 4955.26 7985.11
1.77754e+06 1.77754e+06 0.0011386 0.0167658 0.170198 0.175123 0.106113 0.0789676 0.077212 0.0832014 0.0911505 0.0988605 0.105484 0.11091 0.115274 0.118462 0.120302 0.120903  6.40177e+06 8.25055e+06 4.94873e+06 2.25703e+06 2.94784e+06 317133 191562 103551 22909.9 148268 61173 26834.9 17461.8 15470 10462.9 15399.6
639608 639608 0.000555217 0.00821324 0.0874968 0.0901292 0.0533942 0.0394081 0.0385219 0.0415997 0.0456979 0.0496873 0.0531219 0.0559355 0.0581941 0.0598389 0.0607849 0.0610926  2.81189e+06 3.18122e+06 3.50656e+06 1.97954e+06 828190 1.54522e+06 163609 98016.4 50865.9 11592 71486.9 30244.7 13818.5 9350.87 8618.18 15057.4
446261 446261 0.00110502 0.016274 0.165523 0.170216 0.103029 0.0766581 0.074964 0.0807943 0.0885297 0.0960328 0.102479 0.107759 0.112005 0.115106 0.116895 0.117479  1.01762e+07 785235 893198 916378 530943 236050 443934 45952.4 26688.9 13541.7 3071.3 19187.6 8348.95 3963.58 2785.92 7302.13
