 1 -5.89892
 2 -4.66426
 3 -4.58268
 4 -4.35939
 5 -3.80217
 6 -4.20595
 7 -4.51944
 8 -3.74278
 9 -4.48868
 10 -3.78791
 11 -3.98271
 12 -3.74665
 13 -4.64303
 14 -3.51523
 15 -3.43898
 16 -3.53426
 17 -4.34716
 18 -3.62381
 19 -3.94173
 20 -4.17097
 21 -3.89579
 22 -3.62279
 23 -3.79494
 24 -3.53392
 25 -3.12562
 26 -3.68623
 27 -3.87257
 28 -3.46313
 29 -3.36789
 30 -3.41143
 31 -3.98247
 32 -3.63075
 33 -4.08756
 34 -3.37743
 35 -4.0447
 36 -3.51718
 37 -3.29989
 38 -4.11977
 39 -4.07936
 40 -3.4841
 41 -3.82081
 42 -3.66882
 43 -3.68671
 44 -3.39384
 45 -4.05458
 46 -3.1976
 47 -4.33303
 48 -3.71209
 49 -3.93151
 50 -3.42607
 51 -3.57602
 52 -3.60613
 53 -3.15101
 54 -3.31318
 55 -3.78489
 56 -3.28179
 57 -3.45246
 58 -3.64933
 59 -3.91053
 60 -3.58626
 61 -4.17002
 62 -3.64442
 63 -3.74083
 64 -3.5747
 65 -4.69392
 66 -3.97026
 67 -3.98464
 68 -4.25856
 69 -3.61436
 70 -3.95156
 71 -3.33365
 72 -3.41946
 73 -3.3039
 74 -3.56376
 75 -3.78159
 76 -3.72379
 77 -3.25681
 78 -3.17003
 79 -3.51891
 80 -3.52572
 81 -3.33541
 82 -3.25321
 83 -4.034
 84 -3.82682
 85 -3.61015
 86 -3.64178
 87 -3.52792
 88 -3.51256
 89 -3.93808
 90 -3.24243
 91 -3.69417
 92 -3.54264
 93 -1.1593
 94 -2.98462
 95 -3.06578
 96 -2.82961
 97 -2.10854
 98 -2.86154
 99 -3.17489
 100 -2.81552
 101 -1.91579
 102 -3.33949
 103 -3.5869
 104 -2.63288
 105 -2.18934
 106 -3.29318
 107 -2.91933
 108 -2.79181
 109 -2.82064
 110 -2.80188
 111 -2.55874
 112 -2.8371
 113 -2.21106
 114 -3.11306
 115 -3.45926
 116 -2.72719
 117 -2.49725
 118 -2.84108
 119 -3.29206
 120 -3.52441
 121 -2.20393
 122 -2.97473
 123 -3.21666
 124 -2.95964
 125 -1.6035
 126 -2.34864
 127 -2.60476
 128 -2.12582
 129 -2.25582
 130 -2.94858
 131 -2.66893
 132 -2.80797
 133 -2.41065
 134 -2.73325
 135 -3.00791
 136 -2.64947
 137 -2.35929
 138 -2.74804
 139 -2.52706
 140 -2.18925
 141 -2.84304
 142 -2.98716
 143 -2.49405
 144 -2.11832
 145 -2.37332
 146 -2.72979
 147 -2.72118
 148 -1.91155
 149 -2.22323
 150 -2.67227
 151 -2.48951
 152 -1.74865
 153 -2.0831
 154 -2.36259
 155 -2.32904
 156 -1.27653
 157 -2.642
 158 -2.38566
 159 -2.69627
 160 -2.12283
 161 -2.48056
 162 -2.65005
 163 -2.95612
 164 -2.25428
 165 -2.46225
 166 -2.41718
 167 -2.33695
 168 -2.62676
 169 -2.77722
 170 -2.6633
 171 -2.53965
 172 -2.1257
 173 -2.51422
 174 -2.29589
 175 -2.63016
 176 -1.97524
 177 -2.16975
 178 -3.05858
 179 -2.92869
 180 -2.83539
 181 -2.48498
 182 -2.63853
 183 -2.76515
 184 -2.72383
 185 -3.28202
 186 -2.76439
 187 -3.01475
 188 -2.78954
 189 -3.83848
 190 -2.91171
 191 -2.90905
 192 -2.53226
 193 -2.89168
 194 -2.50771
 195 -2.45349
 196 -2.47442
 197 -2.77674
 198 -2.52892
 199 -2.35796
 200 -0.782259
