 1 -7.37843
 2 -7.50754
 3 -6.8663
 4 -7.69091
 5 -7.14665
 6 -7.86925
 7 -7.17695
 8 -6.76219
 9 -7.19382
 10 -6.74973
 11 -5.00734
 12 -7.92391
 13 -7.08489
 14 -6.77797
 15 -6.71807
 16 -5.9723
 17 -7.61455
 18 -6.65633
 19 -6.5789
 20 -6.8087
 21 -6.49403
 22 -5.88922
 23 -7.40792
 24 -7.61934
 25 -7.56783
 26 -7.3406
 27 -7.92722
 28 -6.84035
 29 -6.73283
 30 -6.23966
 31 -6.57539
 32 -6.69236
 33 -6.58026
 34 -6.4286
 35 -7.1159
 36 -6.82901
 37 -6.33811
 38 -6.21209
 39 -6.73291
 40 -6.99646
 41 -7.05978
 42 -6.64616
 43 -7.47073
 44 -6.23973
 45 -8.16796
 46 -6.25051
 47 -7.05151
 48 -7.72408
 49 -6.89408
 50 -6.36395
 51 -6.14943
 52 -7.22547
 53 -6.32403
 54 -6.59891
 55 -7.3048
 56 -6.58329
 57 -6.95469
 58 -7.02445
 59 -6.85915
 60 -8.00586
 61 -6.42249
 62 -6.21468
 63 -5.43365
 64 -6.11981
 65 -6.26027
 66 -4.97029
 67 -5.2186
 68 -6.50447
 69 -6.15252
 70 -6.7863
 71 -7.75
 72 -6.5563
 73 -5.94117
 74 -6.65815
 75 -5.77926
 76 -6.0701
 77 -6.71659
 78 -5.78739
 79 -6.17144
 80 -5.58976
 81 -5.37766
 82 -5.70941
 83 -6.07678
 84 -5.94749
 85 -5.20553
 86 -6.90199
 87 -5.67303
 88 -6.21571
 89 -6.09985
 90 -5.75295
 91 -5.76687
 92 -5.13536
 93 -5.67239
 94 -5.58568
 95 -5.86569
 96 -5.55478
 97 -5.39035
 98 -4.53205
 99 -5.72487
 100 -6.21685
 101 -5.84443
 102 -6.24976
 103 -6.15659
 104 -4.30278
 105 -5.74952
 106 -5.68606
 107 -5.55398
 108 -5.47999
 109 -5.08405
 110 -6.23481
 111 -4.7725
 112 -5.15578
 113 -5.53485
 114 -5.90946
 115 -5.58754
 116 -5.50265
 117 -5.48094
 118 -6.34011
 119 -6.22449
 120 -5.66954
 121 -5.16774
 122 -5.73419
 123 -5.8227
 124 -6.58534
 125 -5.56125
 126 -5.43925
 127 -6.37545
 128 -7.4726
 129 -5.4784
 130 -6.64341
 131 -6.46162
 132 -5.83118
 133 -5.16912
 134 -5.48417
 135 -6.55303
 136 -5.31504
 137 -4.83836
 138 -4.88752
 139 -5.54984
 140 -6.15285
 141 -4.82141
 142 -5.04884
 143 -6.19369
 144 -4.53039
 145 -5.07158
 146 -4.80585
 147 -6.04022
 148 -4.88716
 149 -5.66662
