 1 -2.90527
 2 -2.92818
 3 -2.88524
 4 -2.91577
 5 -2.82799
 6 -2.94905
 7 -2.91422
 8 -2.91311
 9 -2.75354
 10 -2.87991
 11 -2.90949
 12 -2.93791
 13 -2.79887
 14 -2.96635
 15 -3.03895
 16 -3.05413
 17 -2.75745
 18 -2.81749
 19 -2.8155
 20 -2.72101
 21 -2.50554
 22 -2.53236
 23 -2.40328
 24 -2.32861
 25 -2.27724
 26 -2.32258
 27 -2.0721
 28 -2.28899
 29 -2.24869
 30 -2.55094
 31 -2.64043
 32 -2.76821
 33 -2.54546
 34 -2.63074
 35 -2.60882
 36 -2.48448
 37 -2.32927
 38 -2.61473
 39 -2.53605
 40 -2.34071
 41 -2.11759
 42 -2.37575
 43 -2.46494
 44 -2.36572
 45 -2.37285
 46 -2.35441
 47 -2.40248
 48 -2.32478
 49 -2.3507
 50 -2.42991
 51 -2.46604
 52 -2.56275
 53 -2.18031
 54 -2.21099
 55 -2.24051
 56 -2.34837
 57 -2.16096
 58 -2.02769
 59 -1.58195
 60 -1.74664
 61 -1.77294
 62 -1.98589
 63 -2.11125
 64 -2.52049
 65 -2.16289
 66 -1.93262
 67 -1.70702
 68 -2.00661
