 1 -5.45678
 2 -4.84686
 3 -4.96121
 4 -5.14963
 5 -5.7875
 6 -4.53096
 7 -3.7572
 8 -4.43676
 9 -3.9488
 10 -4.1646
 11 -4.58826
 12 -4.71117
 13 -4.07927
 14 -3.16197
 15 -4.0919
 16 -4.16729
 17 -4.34822
 18 -4.17484
 19 -5.28091
 20 -4.29853
 21 -3.85324
 22 -3.74673
 23 -3.0111
 24 -3.50878
 25 -3.69127
 26 -3.15506
 27 -3.42795
 28 -2.98903
 29 -3.88388
 30 -4.17206
 31 -3.99309
 32 -3.77333
 33 -4.23096
 34 -4.3186
 35 -4.54176
 36 -3.6445
 37 -4.03249
 38 -4.54112
 39 -4.01022
 40 -4.11644
 41 -4.07614
 42 -4.35421
 43 -3.91634
 44 -3.64355
 45 -4.59529
 46 -4.10476
 47 -4.02611
 48 -4.3035
 49 -4.50625
 50 -4.8697
 51 -4.24924
 52 -3.5922
 53 -3.72305
 54 -3.53568
 55 -3.91505
 56 -4.3061
 57 -4.34015
 58 -4.17424
 59 -3.98695
 60 -4.38047
 61 -3.96475
 62 -4.18528
 63 -3.82031
 64 -4.14409
 65 -4.44097
 66 -4.47232
 67 -4.31928
 68 -4.1143
 69 -3.88872
 70 -4.18572
 71 -3.73163
 72 -3.86425
 73 -3.94273
 74 -4.18647
 75 -4.1069
 76 -3.65467
 77 -3.93748
 78 -3.985
 79 -4.01466
 80 -3.98934
 81 -3.6794
 82 -4.04454
 83 -3.80775
 84 -3.58574
 85 -3.77174
 86 -3.95172
 87 -3.54898
 88 -4.02886
 89 -4.05681
 90 -4.11949
 91 -4.20807
 92 -4.00887
 93 -3.56883
 94 -3.98874
 95 -3.91855
 96 -4.16558
 97 -3.40491
 98 -3.63971
 99 -3.38705
 100 -3.04547
 101 -3.48853
 102 -3.76677
 103 -3.83585
 104 -4.40916
 105 -4.0048
 106 -3.23662
 107 -3.83377
 108 -3.82575
 109 -3.25362
 110 -3.74036
 111 -3.93546
 112 -4.00263
 113 -3.58882
 114 -3.3691
 115 -3.6044
 116 -3.61617
 117 -3.16808
 118 -3.33215
 119 -4.07513
 120 -3.93912
 121 -3.96673
 122 -4.26916
 123 -4.50754
 124 -3.67734
 125 -3.80683
 126 -3.918
 127 -3.94825
 128 -3.72861
 129 -3.26479
 130 -3.71332
 131 -4.25869
 132 -4.0178
 133 -3.64307
 134 -3.76116
 135 -4.16177
 136 -3.80725
 137 -3.8946
 138 -4.52157
 139 -4.35903
 140 -4.14451
 141 -3.78525
 142 -3.72746
 143 -3.95224
 144 -4.26072
 145 -3.91564
 146 -3.96912
 147 -3.98418
 148 -3.54796
 149 -3.58746
 150 -3.65926
 151 -3.6832
 152 -3.6688
 153 -3.3702
 154 -3.7861
 155 -3.76344
 156 -3.88837
 157 -3.52973
 158 -3.77518
 159 -3.52746
 160 -3.85957
 161 -3.68124
 162 -2.93307
 163 -3.64212
 164 -3.43175
 165 -3.09741
 166 -3.74828
 167 -3.5941
 168 -3.15576
