 1 -3.89571
 2 -3.34518
 3 -3.40723
 4 -3.60636
 5 -3.49254
 6 -3.06755
 7 -3.17945
 8 -3.4785
 9 -3.31037
 10 -3.23267
 11 -3.46667
 12 -3.64111
 13 -3.32221
 14 -4.38771
 15 -4.31868
 16 -4.15672
 17 -3.70468
 18 -3.02808
 19 -3.41638
 20 -3.36341
 21 -3.33573
 22 -3.64879
 23 -3.68041
 24 -3.77159
 25 -3.17976
 26 -3.66697
 27 -4.21291
 28 -3.94233
 29 -3.82656
 30 -3.57876
 31 -3.97636
 32 -3.78388
 33 -3.6722
 34 -3.2925
 35 -3.56178
 36 -3.493
 37 -3.50483
 38 -3.25496
 39 -4.0093
 40 -4.19621
 41 -3.85918
 42 -3.53864
 43 -3.406
 44 -3.84015
 45 -4.09428
 46 -3.63506
 47 -3.72764
 48 -3.20173
 49 -3.24181
 50 -3.16908
 51 -3.60659
 52 -3.07852
 53 -3.06082
 54 -2.80476
 55 -2.66479
 56 -2.66342
 57 -2.88943
 58 -2.98749
 59 -3.10887
 60 -2.80451
 61 -3.1906
 62 -3.40588
 63 -3.32679
 64 -3.23599
 65 -3.12045
 66 -2.82066
 67 -2.99472
 68 -3.17309
 69 -3.11517
 70 -2.89546
 71 -3.60137
 72 -3.62101
 73 -3.32451
 74 -2.9906
 75 -3.29908
 76 -3.64467
 77 -3.77243
 78 -3.081
 79 -3.38842
 80 -2.71334
 81 -3.0934
 82 -3.18073
 83 -4.04433
 84 -3.97443
 85 -3.68551
 86 -2.99385
 87 -3.5957
