 1 -5.03737
 2 -4.9037
 3 -5.22382
 4 -4.90521
 5 -5.30826
 6 -4.99441
 7 -4.77311
 8 -4.36671
 9 -3.62929
 10 -3.86917
 11 -4.17986
 12 -4.13885
 13 -4.01278
 14 -3.80255
 15 -4.28989
 16 -4.6404
 17 -4.41796
 18 -4.32909
 19 -4.60157
 20 -4.63929
 21 -5.10164
 22 -4.8888
 23 -4.69559
 24 -5.18639
 25 -4.93063
 26 -4.68194
 27 -4.46303
 28 -4.24351
 29 -3.90122
 30 -3.81933
 31 -3.94305
 32 -4.23145
 33 -4.30537
 34 -4.0813
 35 -3.92971
 36 -3.87166
 37 -3.53819
 38 -3.19918
 39 -3.66524
 40 -4.07023
 41 -4.24282
 42 -4.60147
 43 -4.87578
 44 -4.67813
 45 -4.94617
 46 -4.74219
 47 -4.44554
 48 -4.02518
 49 -4.03834
 50 -4.28685
 51 -4.36936
 52 -4.46232
 53 -4.5929
 54 -4.69796
 55 -4.42665
 56 -4.15988
 57 -4.05851
 58 -4.62107
 59 -4.6212
 60 -4.4154
 61 -4.53497
 62 -4.86074
 63 -5.10635
 64 -5.59017
 65 -4.93906
 66 -5.28873
 67 -4.88222
 68 -4.83846
 69 -4.58646
 70 -4.31729
 71 -3.93785
 72 -4.69184
 73 -4.93497
 74 -4.89921
 75 -4.93069
 76 -5.04739
 77 -4.18542
 78 -4.10914
 79 -4.03914
 80 -3.77819
 81 -4.65336
 82 -4.07435
 83 -4.01965
 84 -4.918
 85 -4.91394
 86 -4.50366
 87 -4.52366
 88 -5.3349
 89 -4.19737
 90 -4.30094
 91 -4.79304
 92 -5.09327
 93 -4.46092
 94 -4.26199
 95 -4.38856
 96 -4.64021
 97 -5.31691
 98 -4.74977
 99 -4.52352
 100 -4.64905
 101 -4.4204
 102 -4.09132
 103 -4.28538
 104 -4.03077
 105 -4.6256
 106 -4.2911
 107 -4.67391
 108 -4.5356
 109 -4.2712
 110 -3.99555
 111 -4.46752
 112 -5.00262
 113 -4.67883
 114 -4.63986
 115 -3.28202
 116 -3.70742
 117 -3.04458
 118 -4.57767
 119 -4.277
 120 -4.22133
 121 -4.51928
 122 -4.61015
 123 -3.87367
 124 -3.79218
 125 -4.20415
 126 -4.40491
 127 -3.98489
 128 -4.42166
 129 -4.20068
 130 -4.56774
 131 -4.79097
 132 -4.85345
 133 -4.92411
 134 -4.81386
 135 -5.40727
 136 -4.48985
 137 -4.42743
 138 -4.30291
 139 -5.22472
 140 -4.81761
 141 -4.82859
 142 -4.84785
 143 -5.42907
 144 -4.80329
 145 -4.65761
 146 -4.73714
 147 -3.25999
 148 -4.89017
 149 -4.82217
 150 -4.60807
 151 -4.91403
 152 -5.06298
 153 -4.16199
 154 -4.17558
 155 -4.14248
 156 -4.58642
 157 -4.3914
 158 -4.4192
 159 -4.83868
 160 -4.73145
 161 -5.05076
 162 -4.94036
 163 -3.6983
 164 -5.73524
 165 -5.00602
 166 -5.47515
 167 -5.65561
 168 -5.12525
 169 -4.59863
 170 -5.10369
 171 -5.68225
 172 -5.40792
 173 -4.69592
 174 -5.5455
 175 -5.89638
 176 -5.41906
 177 -4.83238
 178 -5.00351
 179 -5.27094
 180 -4.1515
 181 -4.34658
 182 -4.96622
 183 -4.69964
 184 -4.52547
 185 -4.33805
