 1 -6.55692
 2 -6.88764
 3 -6.72038
 4 -7.4609
 5 -6.81077
 6 -6.63558
 7 -7.42188
 8 -7.10272
 9 -6.37315
 10 -6.55694
 11 -6.52702
 12 -6.64025
 13 -6.74706
 14 -6.00055
 15 -6.27535
 16 -6.66669
 17 -6.76329
 18 -6.81827
 19 -6.35065
 20 -6.68565
 21 -6.56341
 22 -6.43599
 23 -5.9601
 24 -6.33704
 25 -6.58891
 26 -7.35441
 27 -6.05778
 28 -5.95256
 29 -5.94607
 30 -6.47347
 31 -6.32947
 32 -6.22812
 33 -6.4049
 34 -7.123
 35 -6.41308
 36 -6.97226
 37 -7.10743
 38 -6.02448
 39 -6.1752
 40 -6.0543
 41 -6.73315
 42 -6.35535
 43 -6.47708
 44 -7.21237
 45 -6.73534
 46 -6.12503
 47 -6.18887
 48 -6.25538
 49 -6.4644
 50 -6.12889
 51 -6.2093
 52 -6.37447
 53 -6.33562
 54 -5.6684
 55 -5.98935
 56 -6.16343
 57 -6.95657
 58 -5.72951
 59 -6.04966
 60 -5.99982
 61 -6.35753
 62 -6.93823
 63 -6.49772
 64 -6.36934
 65 -6.73349
 66 -6.60421
 67 -6.94673
 68 -5.62862
 69 -5.86936
 70 -5.63014
 71 -5.93992
 72 -6.11293
 73 -5.99665
 74 -5.6218
 75 -4.91971
 76 -4.96645
 77 -6.05609
 78 -5.90488
 79 -6.34272
 80 -6.63674
 81 -6.51583
 82 -6.02264
 83 -6.18434
 84 -6.28833
 85 -7.06524
 86 -5.93371
 87 -6.18673
 88 -6.32225
 89 -6.40961
 90 -5.56797
 91 -5.27116
 92 -6.26072
 93 -6.35776
 94 -5.93002
 95 -6.26578
 96 -6.27659
 97 -6.4487
 98 -5.52902
 99 -7.6159
 100 -7.81573
 101 -6.32308
 102 -6.14404
 103 -6.5079
 104 -6.2786
 105 -6.39022
 106 -6.56748
 107 -6.47186
 108 -6.59774
 109 -7.07947
 110 -7.9366
 111 -7.00196
 112 -6.44641
 113 -6.60664
 114 -7.53649
 115 -5.61087
 116 -5.65482
 117 -6.27306
 118 -6.8084
 119 -5.73261
 120 -5.72406
 121 -5.81126
 122 -6.24692
 123 -5.83526
 124 -6.59499
 125 -7.26516
 126 -6.97131
 127 -5.39677
 128 -5.30752
 129 -6.18436
 130 -5.68485
 131 -5.47796
 132 -6.41529
 133 -6.49927
 134 -6.59161
 135 -5.55844
 136 -5.48723
 137 -5.64709
 138 -6.66084
 139 -5.8763
 140 -7.20343
 141 -4.86459
 142 -6.26631
 143 -4.80948
 144 -6.55485
 145 -5.14528
 146 -5.2511
 147 -5.22046
 148 -4.48108
 149 -5.13594
 150 -4.91687
 151 -6.31711
 152 -5.25129
 153 -5.36512
 154 -5.26474
 155 -5.24722
 156 -5.03027
 157 -5.80764
 158 -4.28204
 159 -5.1617
 160 -3.94069
 161 -4.78429
 162 -5.04447
 163 -5.28959
 164 -4.77597
 165 -6.6806
 166 -6.80412
 167 -5.68648
 168 -5.86832
