 1 -3.19071
 2 -2.9745
 3 -2.94717
 4 -3.33155
 5 -3.07087
 6 -2.82815
 7 -2.90237
 8 -2.99994
 9 -2.73137
 10 -2.51858
 11 -3.0641
 12 -2.85719
 13 -3.25614
 14 -3.12135
 15 -2.74003
 16 -3.22015
 17 -4.33186
 18 -4.29905
 19 -4.58228
 20 -4.97468
 21 -4.34921
 22 -4.06761
 23 -6.31006
 24 -4.59281
 25 -4.67156
 26 -7.65584
 27 -8.5683
 28 -5.53883
 29 -3.35272
 30 -4.32087
 31 -6.20711
 32 -5.63198
 33 -3.81672
 34 -3.21321
 35 -3.36161
 36 -3.4527
 37 -3.86609
 38 -3.17795
 39 -3.49983
 40 -3.69782
 41 -3.94149
 42 -3.58625
 43 -4.03733
 44 -4.26996
 45 -4.06677
 46 -3.55398
 47 -3.41749
 48 -3.57524
 49 -3.50501
 50 -3.10005
 51 -3.13868
 52 -3.57564
 53 -3.7489
 54 -2.89907
 55 -2.70927
 56 -3.55115
 57 -3.30137
 58 -2.92574
 59 -2.94299
 60 -3.63526
 61 -3.48837
 62 -2.85385
 63 -2.82999
 64 -3.45151
 65 -3.39071
 66 -2.92289
 67 -3.21508
 68 -3.11265
 69 -3.09007
 70 -2.87409
 71 -3.55055
 72 -4.20076
 73 -4.61599
 74 -3.93965
 75 -3.64343
 76 -3.40123
 77 -3.85774
 78 -3.77918
 79 -3.13304
 80 -3.91411
 81 -3.40708
 82 -2.4333
 83 -3.01659
 84 -3.3668
 85 -4.07119
 86 -3.66273
 87 -4.20588
 88 -3.86942
 89 -4.0391
 90 -3.461
 91 -3.51267
 92 -3.38303
 93 -3.46248
 94 -3.39276
 95 -3.13591
 96 -3.15515
 97 -3.3156
 98 -2.71542
 99 -2.703
 100 -3.39823
 101 -3.50174
 102 -3.24382
 103 -2.825
 104 -4.05748
 105 -3.47275
 106 -2.64694
 107 -4.34267
 108 -3.22331
 109 -3.15487
 110 -4.01478
 111 -3.75006
 112 -4.78766
 113 -3.1371
 114 -3.06833
 115 -3.00097
 116 -4.37773
 117 -3.21976
 118 -3.07328
 119 -3.72457
 120 -3.34514
 121 -3.43746
 122 -3.17681
 123 -3.35387
 124 -3.58811
 125 -2.97386
 126 -2.67652
 127 -2.20206
 128 -3.45811
 129 -3.73654
 130 -3.56726
 131 -4.74888
 132 -3.31644
 133 -3.39593
 134 -2.85066
 135 -1.81901
 136 -3.81896
 137 -3.28936
 138 -2.72221
 139 -2.89638
 140 -3.11876
 141 -2.91647
 142 -3.52053
 143 -3.03245
 144 -3.24108
 145 -3.23987
 146 -2.99725
 147 -3.97256
 148 -4.61792
 149 -3.69502
 150 -3.09332
 151 -3.47676
 152 -3.99732
 153 -3.36095
 154 -2.8318
 155 -2.39775
 156 -3.64543
 157 -3.38103
 158 -3.30348
 159 -4.66379
 160 -3.35929
 161 -3.27829
 162 -2.56521
 163 -2.96692
 164 -3.31319
 165 -3.27444
 166 -2.70692
 167 -3.87179
 168 -3.25804
 169 -3.09829
 170 -2.77995
 171 -3.07884
 172 -2.76277
 173 -2.94245
 174 -2.89493
 175 -2.96482
 176 -3.28025
 177 -3.13942
 178 -2.73569
 179 -2.58471
 180 -3.22744
 181 -3.01292
 182 -2.69749
 183 -2.50434
 184 -2.99211
 185 -2.73739
 186 -2.25657
 187 -2.03604
 188 -2.52317
 189 -2.74081
 190 -2.48743
 191 -2.02143
 192 -4.34135
 193 -2.71658
 194 -2.57162
 195 -2.1724
 196 -2.70965
 197 -3.08997
 198 -2.79706
 199 -2.38954
 200 -2.7894
