 1 -4.07361
 2 -4.07644
 3 -3.99409
 4 -4.00151
 5 -4.01618
 6 -4.07431
 7 -4.05395
 8 -4.10152
 9 -3.94263
 10 -4.03534
 11 -3.98123
 12 -4.10778
 13 -3.96782
 14 -4.11308
 15 -4.19904
 16 -4.24209
 17 -4.41519
 18 -4.45005
 19 -4.42338
 20 -4.45418
 21 -4.25916
 22 -4.16607
 23 -4.0746
 24 -3.96928
 25 -4.22588
 26 -4.24277
 27 -4.02053
 28 -4.22109
 29 -3.71395
 30 -3.90517
 31 -3.9968
 32 -4.22609
 33 -4.0653
 34 -4.12021
 35 -4
 36 -3.96368
 37 -3.56826
 38 -3.92736
 39 -3.94502
 40 -3.79822
 41 -3.93931
 42 -3.76963
 43 -3.69777
 44 -3.89605
 45 -3.79972
 46 -3.66931
 47 -3.60834
 48 -3.97139
 49 -3.77671
 50 -3.6256
 51 -3.60163
 52 -3.82497
 53 -3.80912
 54 -3.63149
 55 -3.10268
 56 -3.25153
 57 -3.01937
 58 -3.47939
 59 -3.52074
 60 -4.21257
 61 -3.82345
 62 -3.50439
 63 -3.13598
 64 -3.57106
