 1 -5.90522
 2 -6.23981
 3 -6.47534
 4 -6.48763
 5 -6.62633
 6 -6.68632
 7 -6.5456
 8 -6.03524
 9 -6.10787
 10 -6.06024
 11 -6.2591
 12 -6.22447
 13 -6.38834
 14 -6.98227
 15 -6.45319
 16 -6.18975
 17 -5.97724
 18 -5.80918
 19 -5.89287
 20 -5.80988
 21 -6.09482
 22 -5.87853
 23 -6.46822
 24 -5.84029
 25 -6.11623
 26 -6.0613
 27 -5.83216
 28 -5.47155
 29 -6.03337
 30 -5.96238
 31 -6.5348
 32 -5.77796
 33 -6.70125
 34 -6.25035
 35 -5.80827
 36 -5.59481
 37 -5.82745
 38 -6.02348
 39 -5.69047
 40 -5.97004
 41 -6.21847
 42 -6.09283
 43 -6.34828
 44 -6.22193
 45 -6.29246
 46 -6.65643
 47 -6.20102
 48 -5.96009
 49 -5.94306
 50 -6.04148
 51 -6.1772
 52 -5.968
 53 -6.3893
 54 -6.57558
 55 -6.29172
 56 -5.90917
 57 -5.93639
 58 -5.86652
 59 -6.08304
 60 -6.04088
 61 -6.44194
 62 -6.60731
 63 -6.85071
 64 -7.01188
 65 -6.29897
 66 -5.80595
 67 -5.82535
 68 -5.3714
 69 -5.00915
 70 -5.3093
 71 -5.69923
 72 -5.98114
 73 -6.06789
 74 -7.65577
 75 -6.85683
 76 -6.5206
 77 -6.1497
 78 -6.86899
 79 -6.31112
 80 -6.61888
 81 -7.12323
 82 -7.98294
 83 -7.21288
 84 -5.73667
 85 -6.18481
 86 -5.9809
 87 -7.49256
 88 -6.46086
 89 -5.81899
 90 -6.54137
 91 -7.82315
 92 -5.81197
 93 -5.62427
 94 -5.7862
 95 -6.49669
 96 -5.99179
 97 -6.45023
 98 -7.56109
 99 -6.4459
 100 -6.09645
 101 -5.937
 102 -6.069
 103 -6.89015
 104 -5.8399
 105 -7.0996
 106 -6.12249
 107 -7.26694
 108 -6.44931
 109 -6.20693
 110 -5.66095
 111 -6.87067
 112 -6.51251
 113 -5.81795
 114 -6.06149
 115 -5.33889
 116 -6.17289
 117 -5.41748
 118 -6.06541
 119 -6.5061
 120 -5.82301
 121 -5.95619
 122 -5.14399
 123 -5.33393
 124 -5.14498
 125 -6.0771
 126 -6.56584
 127 -6.02085
 128 -5.48581
 129 -5.60231
 130 -5.46334
 131 -6.94321
 132 -5.87232
 133 -5.7804
 134 -5.67418
 135 -5.93973
 136 -5.93371
 137 -6.77873
 138 -6.24769
 139 -6.4221
 140 -6.50134
 141 -5.67529
 142 -5.30971
 143 -6.15023
 144 -5.53358
 145 -6.16702
 146 -5.88186
 147 -5.70391
 148 -7.17787
 149 -6.16718
 150 -5.37378
 151 -5.55473
 152 -5.58286
 153 -5.05888
 154 -7.11515
 155 -5.7896
 156 -6.08186
 157 -6.01651
 158 -5.57276
 159 -5.53023
 160 -4.98558
 161 -6.52995
 162 -5.14638
 163 -5.7275
 164 -5.55455
 165 -5.74452
 166 -5.02349
 167 -5.54039
 168 -5.55938
 169 -6.21684
 170 -5.95381
 171 -5.52699
 172 -5.57877
 173 -5.82708
 174 -6.06606
 175 -5.89904
 176 -6.07454
 177 -6.05076
 178 -6.57855
 179 -6.01099
 180 -6.73004
 181 -6.37822
 182 -5.4708
 183 -5.99544
 184 -5.60782
 185 -4.88495
 186 -4.77091
