 1 -5.61647
 2 -4.92248
 3 -3.90669
 4 -6.12879
 5 -4.62822
 6 -4.63531
 7 -4.76085
 8 -3.92915
 9 -4.39127
 10 -5.26296
 11 -4.75178
 12 -2.96454
 13 -5.42607
 14 -4.67222
 15 -3.84937
 16 -4.71652
 17 -5.57197
 18 -2.40266
 19 -3.71667
 20 -3.77203
 21 -5.64391
 22 -3.12297
 23 -2.8581
 24 -4.01195
 25 -3.7937
 26 -4.66615
 27 -4.02527
 28 -3.75441
 29 -3.91014
 30 -4.08319
 31 -4.3451
 32 -4.11326
 33 -4.50386
 34 -4.26443
 35 -3.89122
 36 -4.21762
 37 -4.23148
 38 -3.96838
 39 -4.16674
 40 -4.58342
 41 -4.40742
 42 -4.36372
 43 -3.81642
 44 -4.44164
 45 -5.25024
 46 -4.67386
 47 -4.03498
 48 -3.53456
 49 -4.2008
 50 -4.06442
 51 -3.50607
 52 -3.49632
 53 -3.98305
 54 -3.82327
 55 -3.08267
 56 -3.00205
 57 -3.54084
 58 -3.831
 59 -3.99336
 60 -3.87298
 61 -3.77376
 62 -3.91501
 63 -4.15846
 64 -3.37365
 65 -3.71746
 66 -3.85299
 67 -3.82263
 68 -4.24612
 69 -3.51098
 70 -3.81733
 71 -3.57531
 72 -3.54268
 73 -3.62281
 74 -3.402
 75 -3.01586
 76 -3.31255
 77 -3.61698
 78 -3.72564
 79 -2.88495
 80 -2.55361
 81 -3.8404
 82 -4.53156
 83 -3.34719
 84 -3.6142
 85 -2.89159
 86 -4.10768
 87 -3.60912
 88 -2.86014
 89 -2.71647
 90 -3.82515
 91 -3.21174
 92 -3.1992
 93 -3.39872
 94 -3.22357
 95 -3.25494
 96 -2.95269
 97 -2.78217
 98 -3.69061
 99 -3.28974
 100 -3.53948
 101 -3.09672
 102 -3.23408
 103 -3.76315
 104 -2.75432
 105 -3.46554
 106 -3.1396
 107 -3.07757
 108 -2.91446
 109 -3.33553
 110 -3.29343
 111 -2.83143
 112 -2.69627
 113 -3.30112
 114 -3.5785
 115 -3.3249
 116 -3.60226
 117 -3.73165
 118 -3.41434
 119 -3.23208
 120 -3.18227
 121 -3.70132
 122 -3.68021
 123 -3.00426
 124 -3.68967
 125 -3.42305
 126 -3.57578
 127 -3.44689
 128 -2.95192
 129 -3.98694
 130 -3.35208
 131 -3.35246
 132 -3.11096
 133 -3.62883
 134 -3.25531
 135 -3.51103
 136 -3.58882
 137 -3.61239
 138 -3.56027
 139 -3.35041
 140 -3.41813
 141 -3.753
 142 -3.71642
 143 -3.22967
 144 -3.27541
 145 -3.39803
 146 -3.65913
 147 -3.61794
 148 -3.41776
 149 -3.44315
 150 -3.69578
 151 -3.54365
 152 -3.57637
 153 -3.65667
 154 -3.95279
 155 -3.9325
 156 -3.45867
 157 -4.12519
 158 -4.16889
 159 -3.47711
 160 -3.42977
 161 -3.57247
 162 -3.50152
 163 -3.32483
 164 -3.53762
 165 -3.48893
 166 -3.35536
 167 -3.1723
 168 -3.20094
 169 -3.81343
 170 -3.66871
 171 -3.19805
 172 -2.96021
 173 -3.16563
 174 -3.31477
 175 -3.22742
 176 -2.80104
 177 -2.50769
 178 -2.78633
 179 -2.63546
 180 -3.14243
 181 -3.2694
 182 -3.38955
