 1 -3.86115
 2 -5.20365
 3 -5.2241
 4 -5.12487
 5 -5.22948
 6 -5.42748
 7 -5.64967
 8 -4.99369
 9 -4.51063
 10 -4.60677
 11 -5.10491
 12 -4.55585
 13 -4.69531
 14 -4.81397
 15 -4.41175
 16 -4.11886
 17 -4.71197
 18 -4.98391
 19 -4.60142
 20 -4.86162
 21 -4.876
 22 -4.69464
 23 -4.25958
 24 -4.19913
 25 -4.10253
 26 -4.58485
 27 -4.46221
 28 -4.86491
 29 -4.41734
 30 -4.36998
 31 -4.21109
 32 -3.91286
 33 -4.43004
 34 -4.59561
 35 -4.63375
 36 -4.3303
 37 -4.35553
 38 -4.57625
 39 -4.35836
 40 -4.21829
 41 -4.42044
 42 -4.49199
 43 -4.6239
 44 -4.91438
 45 -4.74806
 46 -4.56055
 47 -4.33609
 48 -4.44626
 49 -4.68927
 50 -4.47836
 51 -4.10804
 52 -4.46612
 53 -4.90872
 54 -4.09468
 55 -4.44687
 56 -4.8835
 57 -4.41772
 58 -4.42213
 59 -4.43993
 60 -4.2365
 61 -3.69307
 62 -4.12866
 63 -4.09442
 64 -4.2882
 65 -4.52772
 66 -4.55606
 67 -4.43541
 68 -4.41193
 69 -4.19177
 70 -4.01179
 71 -4.21574
 72 -4.45666
 73 -4.36382
 74 -4.57665
 75 -4.22638
 76 -4.04793
 77 -4.14823
 78 -4.13428
 79 -3.89348
 80 -3.60983
 81 -3.63347
 82 -3.70469
 83 -3.73652
 84 -3.84211
 85 -3.61605
 86 -3.8744
 87 -3.81393
 88 -3.46512
 89 -3.41538
 90 -3.53225
 91 -3.62268
 92 -3.61248
 93 -3.50459
 94 -3.71853
 95 -3.60927
 96 -3.26306
 97 -3.43413
 98 -3.4062
 99 -3.45084
 100 -3.41617
 101 -3.37109
 102 -3.39523
 103 -3.5995
 104 -3.67932
 105 -3.90844
 106 -3.70966
 107 -3.92387
 108 -3.35823
 109 -3.6311
 110 -3.41694
 111 -3.32993
 112 -3.35402
 113 -3.17587
 114 -3.49391
 115 -3.95504
 116 -3.69602
 117 -3.43214
 118 -3.41886
 119 -3.54685
 120 -3.17373
 121 -3.39496
 122 -3.50223
 123 -3.63566
 124 -3.25761
 125 -3.53514
 126 -3.63107
 127 -4.43031
 128 -3.66728
 129 -3.57793
 130 -3.01693
 131 -3.52838
 132 -3.34416
 133 -3.44433
 134 -3.27931
 135 -3.07386
 136 -3.2008
 137 -3.45423
 138 -3.48871
 139 -3.49551
 140 -3.36963
 141 -3.22613
 142 -3.40792
 143 -4.06713
 144 -3.26934
 145 -3.20316
 146 -2.69188
 147 -2.7748
 148 -3.04437
 149 -3.19175
 150 -3.13168
 151 -2.97276
 152 -3.01076
