 1 -5.35697
 2 -5.57268
 3 -5.71167
 4 -5.79314
 5 -6.01466
 6 -6.20993
 7 -5.91403
 8 -5.98169
 9 -6.5963
 10 -6.02155
 11 -6.10457
 12 -6.62715
 13 -5.90499
 14 -6.31773
 15 -6.06606
 16 -5.3612
 17 -6.46248
 18 -6.24999
 19 -5.66635
 20 -5.99288
 21 -6.24369
 22 -6.05831
 23 -5.69179
 24 -6.04825
 25 -6.33355
 26 -5.90816
 27 -6.95016
 28 -6.10696
 29 -4.96208
 30 -5.60011
 31 -5.61399
 32 -5.16858
 33 -5.32129
 34 -5.87308
 35 -5.55614
 36 -6.39323
 37 -6.16884
 38 -5.7153
 39 -5.76791
 40 -5.50626
 41 -5.42772
 42 -5.67623
 43 -5.35518
 44 -5.26039
 45 -5.02901
 46 -5.34802
 47 -4.94372
 48 -5.17687
 49 -5.29061
 50 -5.58441
 51 -5.22983
 52 -5.60695
 53 -5.31937
 54 -5.40693
 55 -5.41014
 56 -5.45208
 57 -5.29093
 58 -5.44255
 59 -4.9376
 60 -5.28124
 61 -5.37307
 62 -5.43985
 63 -5.21926
 64 -4.87328
 65 -4.79049
 66 -4.90597
 67 -4.80551
 68 -4.92166
 69 -4.96613
 70 -4.71002
 71 -5.12247
 72 -5.11794
 73 -5.04193
 74 -5.26735
 75 -5.12978
 76 -5.25237
 77 -4.70591
 78 -5.02098
 79 -5.03794
 80 -4.79649
 81 -4.8661
 82 -4.93927
 83 -4.78391
 84 -4.70491
 85 -4.44105
 86 -4.64543
 87 -4.47218
 88 -4.50082
 89 -4.70728
 90 -4.7146
 91 -4.77481
 92 -4.70281
 93 -4.47141
 94 -4.53688
 95 -4.72785
 96 -5.12638
 97 -4.47355
 98 -4.32712
 99 -4.47946
 100 -4.53279
 101 -4.32493
 102 -4.37297
 103 -4.10257
 104 -4.58865
 105 -4.46027
 106 -4.57575
 107 -4.40982
 108 -4.2561
 109 -4.09173
 110 -4.65534
 111 -4.48442
 112 -4.10718
 113 -4.01749
 114 -4.22852
 115 -4.27151
 116 -4.33706
 117 -4.1758
 118 -4.39135
 119 -3.98486
 120 -3.57696
 121 -3.96862
 122 -4.14436
 123 -4.00503
 124 -3.71174
 125 -3.92204
 126 -4.0604
 127 -4.04499
 128 -3.72458
 129 -3.9821
 130 -4.05842
 131 -4.03945
 132 -3.67991
 133 -4.0992
 134 -4.1489
 135 -3.47281
 136 -3.28265
 137 -3.57406
 138 -3.79483
 139 -3.46766
 140 -3.53447
 141 -3.90366
