 1 -7.63967
 2 -7.45487
 3 -7.38608
 4 -8.48461
 5 -7.13862
 6 -7.74291
 7 -7.33729
 8 -7.49611
 9 -9.03713
 10 -8.17452
 11 -7.54773
 12 -8.37361
 13 -6.78465
 14 -7.34292
 15 -7.16113
 16 -7.46698
 17 -7.11652
 18 -7.5177
 19 -7.28761
 20 -7.85977
 21 -6.63146
 22 -6.85434
 23 -6.95682
 24 -7.10723
 25 -6.96645
 26 -7.0911
 27 -7.2921
 28 -8.23339
 29 -6.74377
 30 -7.07747
 31 -6.90356
 32 -7.22853
 33 -7.09197
 34 -6.96341
 35 -7.1407
 36 -7.54202
 37 -6.94382
 38 -6.52091
 39 -6.91967
 40 -7.34985
 41 -6.81151
 42 -7.07789
 43 -6.84515
 44 -7.57639
 45 -6.51858
 46 -6.65718
 47 -7.12897
 48 -7.62299
 49 -6.5866
 50 -7.37664
 51 -6.75627
 52 -7.6184
 53 -7.4085
 54 -6.55512
 55 -6.55028
 56 -6.95855
 57 -6.7179
 58 -7.076
 59 -7.42038
 60 -6.97306
 61 -6.33625
 62 -6.54267
 63 -6.71997
 64 -6.96185
 65 -6.86329
 66 -6.78088
 67 -7.01538
 68 -7.54432
 69 -6.75327
 70 -6.75068
 71 -6.66185
 72 -7.33978
 73 -7.24468
 74 -6.77989
 75 -6.64026
 76 -7.11171
 77 -6.57797
 78 -7.14611
 79 -7.05262
 80 -7.45932
 81 -7.86655
 82 -6.33102
 83 -6.35579
 84 -6.68554
 85 -6.39757
 86 -6.95121
 87 -6.49195
 88 -7.04086
 89 -6.70563
 90 -6.69819
 91 -6.02477
 92 -6.68614
 93 -6.4678
 94 -7.38038
 95 -5.8408
 96 -7.78081
 97 -6.81737
 98 -6.41987
 99 -6.23469
 100 -6.49318
 101 -6.47468
 102 -6.72265
 103 -5.55045
 104 -7.35003
 105 -6.35615
 106 -6.5229
 107 -7.01757
 108 -6.84428
 109 -6.28823
 110 -7.27018
 111 -6.67983
 112 -6.43266
 113 -6.99431
 114 -5.63414
 115 -6.81225
 116 -6.40402
 117 -6.90671
 118 -6.60458
 119 -6.46493
 120 -6.63537
 121 -6.40432
 122 -6.56632
 123 -6.17444
 124 -6.98206
 125 -7.87409
 126 -7.26645
 127 -7.00699
 128 -5.96023
 129 -6.67125
 130 -6.39431
 131 -7.21777
 132 -6.54774
 133 -6.44144
 134 -6.53295
 135 -6.47727
 136 -6.5582
 137 -6.13294
 138 -6.33974
 139 -5.69627
 140 -6.49478
 141 -6.46206
 142 -7.31413
 143 -7.21477
 144 -7.89332
 145 -7.03689
 146 -6.14715
 147 -6.32262
 148 -7.09053
 149 -6.20398
 150 -6.51136
 151 -7.23977
 152 -8.31365
 153 -7.53482
 154 -6.36715
 155 -6.51549
 156 -6.40067
 157 -6.51139
 158 -6.72425
 159 -6.53569
 160 -6.7243
 161 -6.41007
 162 -7.50644
 163 -6.4146
 164 -6.41116
 165 -5.94003
 166 -6.16247
 167 -6.14997
 168 -5.88561
 169 -6.52649
 170 -6.88339
 171 -6.33878
 172 -5.85443
 173 -6.23607
 174 -6.22215
 175 -6.66911
 176 -6.22483
 177 -6.39071
 178 -6.32787
 179 -6.1084
 180 -6.10948
 181 -6.54925
 182 -6.81598
 183 -6.22847
 184 -6.18576
 185 -6.50101
 186 -8.29947
 187 -6.46686
 188 -5.98483
 189 -5.89185
 190 -6.09211
 191 -6.03358
 192 -6.58172
