 1 -8.23164
 2 -8.40588
 3 -3.39315
 4 -4.90457
 5 -1.93544
 6 -3.36664
 7 -3.34002
 8 -6.25924
 9 -4.75401
 10 -7.60671
 11 -5.95168
 12 -4.8477
 13 -5.13527
 14 -4.87143
 15 -4.68045
 16 -3.36784
 17 -4.78137
 18 -3.77213
 19 -4.28592
 20 -5.24881
 21 -5.25283
 22 -5.47357
 23 -7.70071
 24 -6.00072
 25 -3.10545
 26 -4.19675
 27 -5.16676
 28 -4.27333
 29 -4.26733
 30 -2.39092
 31 -3.84845
 32 -3.2477
 33 -4.74714
 34 -4.22294
 35 -5.12801
 36 -5.13623
 37 -5.12008
 38 -2.57631
 39 -5.07387
 40 -3.37597
 41 -3.1035
 42 -3.39263
 43 -3.7639
 44 -2.14162
 45 -9.06063
 46 -4.78389
 47 -8.03202
 48 -6.95687
 49 -8.8241
 50 -3.55729
 51 -5.54015
 52 -6.82288
 53 -9.4283
 54 -4.34647
 55 -6.90153
 56 -7.99604
 57 -8.88253
 58 -4.2546
 59 -8.7685
 60 -8.38531
 61 -10.5595
 62 -5.11901
 63 -10.7031
 64 -8.06404
 65 -8.73377
 66 -5.70973
 67 -7.17629
 68 -9.05926
 69 -7.16936
 70 -3.64109
 71 -7.48087
 72 -6.66386
 73 -9.20557
 74 -5.08972
 75 -7.95804
 76 -6.47863
 77 -9.0283
 78 -5.00334
 79 -8.52344
 80 -8.23768
 81 -8.24952
 82 -5.32732
 83 -6.38215
 84 -7.16213
