 1 -5.96378
 2 -4.51837
 3 -5.40096
 4 -5.24431
 5 -4.52522
 6 -4.90242
 7 -4.21352
 8 -5.5045
 9 -4.35117
 10 -5.74765
 11 -5.72671
 12 -3.81457
 13 -5.13846
 14 -5.08331
 15 -4.63819
 16 -4.64834
 17 -4.56805
 18 -5.21034
 19 -3.67151
 20 -4.36198
 21 -4.49901
 22 -4.19646
 23 -4.09132
 24 -4.4128
 25 -4.63719
 26 -4.15559
 27 -4.05767
 28 -4.06156
 29 -4.43174
 30 -4.46793
 31 -4.44788
 32 -4.30204
 33 -4.61072
 34 -4.54923
 35 -4.75285
 36 -4.67757
 37 -4.54952
 38 -4.53067
 39 -4.22448
 40 -4.35042
 41 -4.55965
 42 -4.39909
 43 -4.15939
 44 -4.18341
 45 -4.48276
 46 -4.37193
 47 -4.16962
 48 -4.26896
 49 -4.0959
 50 -4.76337
 51 -4.48691
 52 -4.46011
 53 -4.56381
 54 -4.80233
 55 -4.46733
 56 -4.20724
 57 -4.39727
 58 -4.24606
 59 -4.05235
 60 -4.0479
 61 -4.30305
 62 -3.61584
 63 -4.08718
 64 -4.25991
 65 -4.09029
 66 -4.14361
 67 -4.29264
 68 -4.4255
 69 -4.30568
 70 -4.28703
 71 -4.54724
 72 -4.13184
 73 -4.36064
 74 -4.16281
 75 -4.23591
 76 -4.28958
 77 -3.94508
 78 -3.85745
 79 -3.64837
 80 -4.03518
 81 -3.82847
 82 -3.60021
 83 -3.35406
 84 -3.59641
 85 -3.97236
 86 -3.73006
 87 -3.81945
 88 -4.21664
 89 -3.92855
 90 -3.84455
 91 -4.04557
 92 -3.95024
 93 -4.66595
 94 -4.30083
 95 -3.60323
 96 -3.61245
 97 -4.17279
 98 -4.05508
 99 -4.14573
 100 -3.79106
 101 -3.97263
 102 -3.80747
 103 -3.52159
 104 -3.49899
 105 -4.12043
 106 -3.64219
 107 -3.50545
 108 -3.66024
 109 -3.54211
 110 -3.66016
 111 -3.67516
 112 -3.33931
 113 -3.36116
 114 -3.41272
 115 -3.59716
 116 -3.56694
 117 -3.20855
 118 -3.1205
 119 -3.17047
 120 -3.76145
 121 -3.75649
 122 -3.53984
 123 -3.4356
 124 -3.61194
 125 -3.46749
 126 -3.46409
 127 -3.37984
 128 -3.42499
 129 -3.74273
 130 -3.42093
 131 -3.62326
 132 -3.46288
 133 -3.38145
 134 -3.35188
 135 -3.42904
 136 -3.49587
 137 -3.36113
 138 -3.10473
 139 -3.15212
 140 -3.40207
 141 -3.42615
 142 -3.79554
 143 -3.92479
 144 -3.57378
 145 -3.46208
 146 -3.64818
 147 -3.50384
 148 -3.65276
 149 -3.71762
 150 -3.0877
 151 -3.00985
 152 -3.34073
 153 -3.67556
 154 -3.46576
 155 -3.25417
 156 -3.2864
 157 -3.41296
 158 -3.25106
 159 -3.43409
 160 -3.45435
 161 -3.47411
 162 -3.33681
 163 -3.28418
 164 -3.87419
 165 -3.42144
 166 -3.55507
 167 -3.36999
 168 -3.47498
 169 -3.21691
 170 -3.27187
 171 -3.36953
 172 -3.39551
 173 -3.17403
 174 -3.29789
 175 -3.34381
 176 -3.07569
 177 -3.3278
 178 -3.3311
 179 -3.11056
 180 -3.22867
 181 -3.16952
 182 -2.76163
 183 -2.69595
 184 -2.6678
 185 -2.6491
 186 -2.83708
 187 -3.10442
 188 -2.83602
 189 -3.04817
