 1 -5.4509
 2 -5.89027
 3 -5.95205
 4 -6.05335
 5 -6.39178
 6 -6.38276
 7 -5.56867
 8 -5.94685
 9 -6.47867
 10 -6.06099
 11 -5.98194
 12 -6.20281
 13 -5.49176
 14 -6.0383
 15 -6.03174
 16 -5.48726
 17 -5.12323
 18 -6.04729
 19 -5.89648
 20 -5.53982
 21 -6.37691
 22 -5.88223
 23 -5.6579
 24 -5.88328
 25 -6.53696
 26 -6.89172
 27 -5.0884
 28 -5.36378
 29 -6.14452
 30 -5.37338
 31 -5.74179
 32 -5.26106
 33 -5.14882
 34 -5.48935
 35 -5.39952
 36 -5.51212
 37 -5.45432
 38 -5.80877
 39 -5.54435
 40 -5.74408
 41 -5.74066
 42 -5.18292
 43 -4.92283
 44 -5.17124
 45 -5.21677
 46 -5.18452
 47 -4.94609
 48 -5.20678
 49 -5.19262
 50 -5.42048
 51 -5.14293
 52 -5.294
 53 -5.24137
 54 -4.24268
 55 -4.93764
 56 -5.2173
 57 -4.89373
 58 -5.0089
 59 -4.78966
 60 -3.81662
 61 -5.16754
 62 -4.87876
 63 -6.01108
 64 -4.96704
 65 -5.12149
 66 -5.03404
 67 -5.26299
 68 -5.29189
 69 -5.19774
 70 -4.74918
 71 -4.96686
 72 -5.57579
 73 -4.54284
 74 -4.58469
 75 -5.02914
 76 -4.47643
 77 -4.50015
 78 -4.63673
 79 -5.25923
 80 -4.8368
 81 -4.54524
 82 -4.69368
 83 -4.58781
 84 -4.28307
 85 -4.72615
 86 -5.03652
 87 -4.66863
 88 -4.89553
 89 -4.84609
 90 -5.01146
 91 -4.82564
 92 -5.2847
 93 -4.79322
 94 -4.77845
 95 -4.81585
 96 -5.11468
 97 -4.72351
 98 -4.92015
 99 -5.02635
 100 -5.47379
 101 -4.73955
 102 -4.74504
 103 -4.84689
 104 -4.7838
 105 -4.66051
 106 -4.9088
 107 -4.93852
 108 -4.61513
 109 -4.73009
 110 -4.49387
 111 -4.60906
 112 -4.80027
 113 -4.93818
 114 -4.56163
 115 -4.61419
 116 -5.21711
 117 -4.97549
 118 -4.53118
 119 -4.64063
 120 -4.53209
 121 -4.39574
 122 -4.37661
 123 -4.83021
 124 -4.49134
 125 -4.39462
 126 -4.37142
 127 -4.78261
 128 -4.65435
 129 -4.61128
 130 -4.64004
 131 -4.56872
 132 -4.40079
 133 -4.57276
 134 -4.52406
 135 -4.6052
 136 -4.41204
 137 -4.2247
 138 -4.10175
 139 -4.45421
 140 -4.44018
 141 -4.07209
 142 -4.49242
 143 -4.1732
 144 -4.49859
 145 -4.24738
 146 -4.31422
 147 -4.41489
 148 -4.4123
 149 -3.9126
 150 -4.00639
 151 -4.31855
 152 -4.42698
 153 -3.86795
 154 -3.6772
 155 -3.78683
 156 -3.73674
 157 -3.56938
 158 -3.20399
 159 -4.06339
