 1 -5.96932
 2 -5.04076
 3 -4.84493
 4 -5.5918
 5 -4.92122
 6 -5.37208
 7 -4.80704
 8 -5.31881
 9 -4.15885
 10 -5.84256
 11 -5.23352
 12 -5.10399
 13 -5.53416
 14 -4.86816
 15 -4.98251
 16 -6.11126
 17 -4.71665
 18 -5.91766
 19 -4.39707
 20 -5.89628
 21 -4.89865
 22 -6.29672
 23 -4.78908
 24 -5.59665
 25 -5.09639
 26 -5.72934
 27 -4.90256
 28 -4.5656
 29 -5.50263
 30 -5.01051
 31 -4.99605
 32 -4.92489
 33 -5.01203
 34 -4.76268
 35 -5.2474
 36 -5.08377
 37 -4.4298
 38 -5.29542
 39 -5.31558
 40 -4.65099
 41 -4.9968
 42 -5.08982
 43 -3.99004
 44 -4.08634
 45 -5.51731
 46 -4.82359
 47 -5.15718
 48 -5.41826
 49 -4.89815
 50 -4.54769
 51 -5.30736
 52 -4.5698
 53 -4.78174
 54 -4.39877
 55 -4.20534
 56 -4.86135
 57 -4.65421
 58 -4.12451
 59 -4.23343
 60 -5.56439
 61 -4.5546
 62 -4.85986
 63 -4.46065
 64 -4.42233
 65 -4.59858
 66 -4.68574
 67 -4.66458
 68 -4.60285
 69 -4.42336
 70 -4.04671
 71 -4.06926
 72 -4.57344
 73 -4.44162
 74 -4.35911
 75 -4.16761
 76 -4.34818
 77 -4.47766
 78 -4.61902
 79 -4.82078
 80 -5.03178
 81 -4.8448
 82 -4.36281
 83 -3.99284
 84 -4.60551
 85 -4.33152
 86 -4.02913
 87 -4.43982
 88 -3.89876
 89 -4.11953
 90 -4.83746
 91 -4.47335
 92 -4.19303
 93 -4.18838
 94 -5.0241
 95 -4.96739
 96 -4.6993
 97 -5.22063
 98 -4.78982
 99 -4.63912
 100 -4.54617
 101 -4.69029
 102 -4.73327
 103 -4.86562
 104 -4.17067
 105 -5.38734
 106 -4.51897
 107 -4.21282
 108 -4.21642
 109 -5.41391
 110 -3.88892
 111 -4.38519
 112 -5.42947
 113 -3.98868
 114 -4.08486
 115 -5.24915
 116 -3.57213
 117 -3.47651
 118 -4.04011
 119 -6.07644
 120 -3.68856
 121 -4.37825
 122 -4.98147
 123 -4.15831
 124 -4.09771
 125 -5.97489
 126 -3.73242
 127 -3.75028
 128 -7.47085
 129 -4.03978
 130 -4.30371
 131 -5.64576
 132 -3.9491
 133 -3.74841
 134 -5.61154
 135 -4.0716
 136 -4.5994
 137 -4.57819
 138 -4.23375
 139 -4.21338
 140 -4.9976
 141 -3.58735
 142 -4.59642
 143 -5.21739
 144 -3.66412
 145 -4.83718
 146 -5.54461
 147 -4.18969
 148 -5.12284
 149 -4.04786
 150 -4.30998
 151 -4.05994
 152 -4.33946
 153 -3.31606
 154 -4.0411
 155 -4.31019
 156 -3.268
 157 -3.92166
