 1 -5.96173
 2 -6.5496
 3 -6.26459
 4 -6.11221
 5 -9.18688
 6 -8.22583
 7 -7.25861
 8 -8.45805
 9 -7.30281
 10 -6.29253
 11 -6.80365
 12 -7.72994
 13 -5.95044
 14 -7.16369
 15 -7.25953
 16 -8.7336
 17 -6.26711
 18 -6.32924
 19 -5.64058
 20 -7.67659
 21 -7.43328
 22 -6.82193
 23 -6.74897
 24 -7.69291
 25 -6.25823
 26 -6.09551
 27 -5.72134
 28 -7.06549
 29 -6.4222
 30 -6.87141
 31 -5.97622
 32 -5.73208
 33 -5.48765
 34 -5.3317
 35 -5.1018
 36 -5.62811
 37 -5.35595
 38 -6.21737
 39 -5.58031
 40 -6.60192
 41 -5.29801
 42 -5.25447
 43 -6.57195
 44 -6.09454
 45 -5.84243
 46 -4.54297
 47 -4.63724
 48 -4.95734
 49 -5.31233
 50 -4.65959
 51 -4.50433
 52 -5.45681
 53 -5.23727
 54 -4.99434
 55 -4.8849
 56 -4.82747
 57 -4.85255
 58 -3.72554
 59 -4.33381
 60 -4.05097
 61 -4.14037
 62 -4.76052
 63 -5.2171
 64 -4.21184
 65 -4.65837
 66 -5.15292
 67 -4.19109
 68 -4.95583
 69 -4.27904
 70 -5.06114
 71 -4.16899
 72 -5.74372
 73 -4.73895
 74 -4.89387
 75 -3.93452
 76 -4.62552
 77 -4.54211
 78 -4.58706
 79 -4.18381
 80 -4.33942
 81 -4.93756
 82 -3.53897
 83 -3.84402
 84 -3.29668
 85 -3.84929
 86 -3.2852
 87 -4.09426
 88 -4.09289
 89 -4.46765
 90 -3.55603
 91 -4.4988
 92 -3.86954
 93 -3.70789
 94 -4.60016
 95 -5.38832
 96 -4.34116
 97 -4.87728
 98 -3.19704
 99 -4.01634
 100 -3.83073
 101 -4.51002
 102 -3.37887
 103 -4.74204
 104 -3.64518
 105 -4.21748
 106 -4.39809
 107 -5.75949
 108 -8.09446
 109 -5.05778
 110 -5.52362
 111 -5.95313
 112 -5.57533
 113 -3.51743
 114 -3.843
 115 -4.41058
 116 -4.39914
 117 -4.94463
