 1 -5.00356
 2 -5.04156
 3 -4.68732
 4 -4.68294
 5 -5.32202
 6 -5.41049
 7 -5.04168
 8 -4.52634
 9 -5.24295
 10 -5.16883
 11 -5.14254
 12 -4.32073
 13 -5.07038
 14 -5.12691
 15 -5.09961
 16 -4.54661
 17 -4.81981
 18 -5.08335
 19 -5.122
 20 -4.41419
 21 -4.97698
 22 -4.91069
 23 -5.00918
 24 -4.38684
 25 -4.98168
 26 -4.8662
 27 -5.11382
 28 -5.14803
 29 -4.2176
 30 -4.61623
 31 -4.86586
 32 -4.30552
 33 -4.17975
 34 -4.70516
 35 -4.84901
 36 -4.59439
 37 -4.444
 38 -4.66132
 39 -5.10951
 40 -4.39441
 41 -4.83147
 42 -5.41549
 43 -4.93934
 44 -4.47819
 45 -4.89984
 46 -4.98954
 47 -5.17565
 48 -4.83899
 49 -4.7946
 50 -4.93388
 51 -4.84627
 52 -5.00641
 53 -4.77683
 54 -4.79794
 55 -5.4962
 56 -5.42964
 57 -4.81166
 58 -4.75269
 59 -5.41121
 60 -5.37918
 61 -4.86709
 62 -5.09761
 63 -5.38296
 64 -5.04624
 65 -4.7974
 66 -5.02696
 67 -5.07408
 68 -4.82301
 69 -5.12955
 70 -5.11203
 71 -5.04276
 72 -5.2449
 73 -4.99168
 74 -4.96957
 75 -5.0595
 76 -4.95934
 77 -4.9577
 78 -4.95895
 79 -4.88412
 80 -4.99444
 81 -4.79242
 82 -4.71082
 83 -5.08059
 84 -5.33708
 85 -4.60123
 86 -4.66143
 87 -4.79242
 88 -4.89752
 89 -4.86689
 90 -4.80535
 91 -4.86325
 92 -5.07551
 93 -4.38565
 94 -4.80873
 95 -4.86818
 96 -4.84337
 97 -4.65817
 98 -4.27935
 99 -4.7376
 100 -5.17553
 101 -4.69336
 102 -4.64345
 103 -4.83042
 104 -4.75924
 105 -4.33377
 106 -4.85195
 107 -4.86498
 108 -4.77078
 109 -4.74202
 110 -4.75225
 111 -4.72654
 112 -4.73286
 113 -4.62668
 114 -4.56707
 115 -4.67384
 116 -4.30965
 117 -5.06356
 118 -5.04811
 119 -5.0595
 120 -4.7724
 121 -4.1401
 122 -4.60893
 123 -4.85246
 124 -4.99105
 125 -3.41051
 126 -4.62869
 127 -4.90343
 128 -4.5034
 129 -4.28021
 130 -4.52851
 131 -4.50015
 132 -4.36006
 133 -4.26408
 134 -4.43106
 135 -4.97937
 136 -4.60975
 137 -4.32428
 138 -4.55546
 139 -4.8017
 140 -4.90013
 141 -4.75288
 142 -4.58233
 143 -4.84738
 144 -4.42225
 145 -4.63805
 146 -4.15695
 147 -4.44902
 148 -3.78358
 149 -3.99986
 150 -4.51045
 151 -4.37243
 152 -4.14666
 153 -4.19025
 154 -4.21403
 155 -4.55095
 156 -4.30287
 157 -4.27796
 158 -4.28257
 159 -4.83285
 160 -4.94442
 161 -4.74733
 162 -4.58472
 163 -4.69158
 164 -4.53727
 165 -3.97347
 166 -4.28893
 167 -4.56294
 168 -4.46348
 169 -3.97525
 170 -4.11627
 171 -4.6024
 172 -4.03094
 173 -3.39675
 174 -3.98745
 175 -4.46643
 176 -3.36742
 177 -3.79063
 178 -4.08606
 179 -4.46876
 180 -4.28615
 181 -3.81397
 182 -3.97357
 183 -4.27435
 184 -5.18091
 185 -4.15306
 186 -3.75695
 187 -4.22414
 188 -3.99197
 189 -4.33071
 190 -4.90247
 191 -5.04892
 192 -5.18274
 193 -4.75121
 194 -4.04564
 195 -4.5704
 196 -5.14224
 197 -4.33171
 198 -4.33414
 199 -4.15667
 200 -3.47782
