 1 -5.54436
 2 -9.29743
 3 -8.46213
 4 -7.92612
 5 -6.73674
 6 -5.8969
 7 -6.64639
 8 -5.70181
 9 -6.9991
 10 -6.34933
 11 -6.96698
 12 -7.19723
 13 -6.77155
 14 -7.5463
 15 -6.36269
 16 -7.43297
 17 -6.26592
 18 -7.51348
 19 -6.5915
 20 -6.89846
 21 -6.91261
 22 -6.25901
 23 -6.52341
 24 -7.01868
 25 -6.33482
 26 -7.64276
 27 -5.52615
 28 -7.0614
 29 -6.33421
 30 -5.94888
 31 -7.08299
 32 -5.44993
 33 -5.62591
 34 -4.46312
 35 -6.71237
 36 -9.45681
 37 -9.36
 38 -9.49291
 39 -7.80653
 40 -9.07953
 41 -8.82245
 42 -10.5586
 43 -10.1232
 44 -9.34819
 45 -9.75185
 46 -9.32936
 47 -9.69594
 48 -9.79128
 49 -8.96216
 50 -7.8029
 51 -8.69232
 52 -8.14296
 53 -6.55743
 54 -6.73848
 55 -9.66283
 56 -6.67176
 57 -6.22312
 58 -5.40502
 59 -5.04267
 60 -6.17988
 61 -6.76351
 62 -7.86848
 63 -10.544
 64 -9.19052
 65 -7.62734
 66 -8.31079
 67 -6.87051
 68 -8.57659
 69 -6.87428
 70 -6.62985
 71 -9.54692
 72 -8.36008
 73 -7.98299
 74 -7.67418
 75 -8.65593
 76 -9.11349
 77 -10.3114
 78 -9.15585
 79 -8.02525
 80 -10.5529
 81 -8.70029
 82 -7.86388
 83 -11.0513
 84 -10.2812
 85 -9.33759
 86 -10.9242
 87 -11.7097
 88 -10.2785
 89 -11.4466
 90 -9.62369
 91 -11.9436
 92 -10.672
 93 -8.58633
 94 -10.8014
 95 -8.12185
 96 -11.6003
 97 -11.624
 98 -7.42154
 99 -11.5174
 100 -8.14586
 101 -11.6157
 102 -8.70921
 103 -7.2053
 104 -10.7857
 105 -8.85525
 106 -8.93373
 107 -8.65093
 108 -5.85137
 109 -11.2769
 110 -11.153
 111 -6.16113
 112 -8.54883
 113 -5.42873
 114 -7.45271
 115 -9.22232
 116 -9.42406
 117 -7.60198
 118 -6.31109
