 1 -4.9808
 2 -4.96665
 3 -4.95862
 4 -4.92694
 5 -4.91435
 6 -4.88696
 7 -4.87239
 8 -4.85738
 9 -4.84204
 10 -4.82644
 11 -4.81069
 12 -4.79485
 13 -4.779
 14 -4.7632
 15 -4.74752
 16 -4.732
 17 -4.7167
 18 -4.70166
 19 -4.68691
 20 -4.67249
 21 -4.65844
 22 -4.64476
 23 -4.63149
 24 -4.61864
 25 -4.60623
 26 -4.59426
 27 -4.58275
 28 -4.57169
 29 -4.56108
 30 -4.55094
 31 -4.54125
 32 -4.532
 33 -4.52319
 34 -4.51481
 35 -4.50685
 36 -4.49929
 37 -4.49212
 38 -4.48532
 39 -4.47888
 40 -4.47277
 41 -4.46698
 42 -4.46149
 43 -4.45628
 44 -4.4466
 45 -4.44209
 46 -4.43776
 47 -4.43361
 48 -4.42959
 49 -4.4257
 50 -4.42191
 51 -4.41819
 52 -4.41453
 53 -4.4109
 54 -4.40366
 55 -4.4
 56 -4.39251
 57 -4.38864
 58 -4.38466
 59 -4.38057
 60 -4.36261
 61 -4.35766
 62 -4.34711
 63 -4.34149
 64 -4.32952
 65 -4.32315
 66 -4.31652
 67 -4.30244
 68 -4.29498
 69 -4.23489
 70 -4.21522
 71 -4.13848
 72 -4.10234
 73 -4.08994
 74 -4.07738
 75 -4.02585
 76 -4.01272
 77 -3.98624
 78 -3.94625
 79 -3.86674
 80 -3.85373
 81 -3.84083
 82 -3.82804
 83 -3.81539
 84 -3.76639
 85 -3.73164
 86 -3.7205
 87 -3.70958
 88 -3.66839
 89 -3.65874
 90 -3.64935
 91 -3.64024
 92 -3.63139
 93 -3.62281
 94 -3.6145
 95 -3.60646
 96 -3.59869
 97 -3.59118
 98 -3.58392
 99 -3.57692
 100 -3.57016
 101 -3.56364
 102 -3.55734
 103 -3.55126
 104 -3.54538
 105 -3.5397
 106 -3.5342
 107 -3.52886
 108 -3.52367
 109 -3.51861
 110 -3.51366
 111 -3.5088
 112 -3.50402
 113 -3.49929
 114 -3.49458
 115 -3.48989
 116 -3.48517
 117 -3.48042
 118 -3.47559
 119 -3.47066
 120 -3.46561
 121 -3.46041
 122 -3.45503
 123 -3.44943
 124 -3.44359
 125 -3.43748
 126 -3.43107
 127 -3.42432
 128 -3.4172
 129 -3.40968
 130 -3.40173
 131 -3.39332
 132 -3.38441
 133 -3.37497
 134 -3.36496
 135 -3.35437
 136 -3.34315
 137 -3.33128
 138 -3.31872
 139 -3.30545
 140 -3.29144
 141 -3.27666
 142 -3.26108
 143 -3.24469
 144 -3.22745
 145 -3.20935
 146 -3.19037
 147 -3.17049
 148 -3.14968
 149 -3.12796
 150 -3.10529
 151 -3.08167
 152 -3.0571
