 1 -6.07087
 2 -6.07087
 3 -6.07087
 4 -6.07087
 5 -6.07087
 6 -6.07087
 7 -6.07087
 8 -6.07087
 9 -6.07087
 10 -6.07087
 11 -6.07087
 12 -6.07087
 13 -6.07087
 14 -6.07087
 15 -6.07087
 16 -6.07087
 17 -6.07087
 18 -6.07087
 19 -6.07087
 20 -6.07087
 21 -6.07087
 22 -6.07087
 23 -6.07087
 24 -6.07087
 25 -6.07087
 26 -6.07087
 27 -6.07087
 28 -6.07087
 29 -6.07087
 30 -6.07087
 31 -6.07087
 32 -6.07087
 33 -6.07087
 34 -6.07087
 35 -6.07087
 36 -6.07087
 37 -6.07087
 38 -6.07087
 39 -6.07087
 40 -6.07087
 41 -6.07087
 42 -6.07087
 43 -6.07087
 44 -6.07087
 45 -6.07087
 46 -6.07087
 47 -6.07087
 48 -6.07087
 49 -6.07087
 50 -6.07087
 51 -6.07087
 52 -6.07087
 53 -6.07087
 54 -6.07087
 55 -6.07087
 56 -6.07087
 57 -6.07087
 58 -6.07087
 59 -6.07087
 60 -6.07087
 61 -6.07087
 62 -6.07087
 63 -6.07087
 64 -6.07087
 65 -6.07087
 66 -6.07087
 67 -6.07087
 68 -6.07087
 69 -6.07087
 70 -6.07087
 71 -6.07087
 72 -6.07087
 73 -6.07087
 74 -6.07087
 75 -6.07087
 76 -6.07087
 77 -6.07087
 78 -6.07087
 79 -6.07087
 80 -6.07087
 81 -6.07087
 82 -6.07087
 83 -6.07087
 84 -6.07087
 85 -6.07087
 86 -6.07087
 87 -6.07087
 88 -6.07087
 89 -6.07087
 90 -6.07087
 91 -6.07087
 92 -6.07087
 93 -6.07087
 94 -6.07087
 95 -6.07087
 96 -6.07087
 97 -6.07087
 98 -6.07087
 99 -6.07087
 100 -6.07087
 101 -6.07087
 102 -6.07087
 103 -6.07087
 104 -6.07087
 105 -6.07087
 106 -6.07087
 107 -6.07087
 108 -6.07087
 109 -6.07087
 110 -6.07087
 111 -6.07087
 112 -6.07087
 113 -6.07087
 114 -6.07087
 115 -6.07087
 116 -6.07087
 117 -6.07087
 118 -6.07087
 119 -6.07087
 120 -6.07087
 121 -6.07087
 122 -6.07087
 123 -6.07087
 124 -6.07087
 125 -6.07087
 126 -6.07087
 127 -6.07087
 128 -6.07087
 129 -6.07087
 130 -6.07087
 131 -6.07087
 132 -6.07087
 133 -6.07087
 134 -6.07087
 135 -6.07087
 136 -6.07087
 137 -6.07087
 138 -6.07087
 139 -6.07087
 140 -6.07087
 141 -6.07087
 142 -6.07087
 143 -6.07087
 144 -6.07087
 145 -6.07087
 146 -6.07087
 147 -6.07087
 148 -6.07087
 149 -6.07087
 150 -6.07087
 151 -6.07087
 152 -6.07087
 153 -6.07087
 154 -6.07087
 155 -6.07087
 156 -6.07087
 157 -6.07087
 158 -6.07087
 159 -6.07087
 160 -6.07087
 161 -6.07087
 162 -6.07087
 163 -6.07087
 164 -6.07087
 165 -6.07087
 166 -6.07087
 167 -6.07087
 168 -6.07087
 169 -6.07087
 170 -6.07087
 171 -6.07087
 172 -6.07087
 173 -6.07087
 174 -6.07087
 175 -6.07087
 176 -6.07087
 177 -6.07087
 178 -6.07087
 179 -6.07087
 180 -6.07087
 181 -6.07087
 182 -6.07087
 183 -6.07087
 184 -6.07087
 185 -6.07087
 186 -6.07087
