 1 -5.91548
 2 -5.91644
 3 -5.9161
 4 -5.91451
 5 -5.91175
 6 -5.90787
 7 -5.90292
 8 -5.89695
 9 -5.89004
 10 -5.88222
 11 -5.87354
 12 -5.86408
 13 -5.85386
 14 -5.84295
 15 -5.83138
 16 -5.81921
 17 -5.80649
 18 -5.79324
 19 -5.77953
 20 -5.76539
 21 -5.75087
 22 -5.73599
 23 -5.7208
 24 -5.70533
 25 -5.68963
 26 -5.67372
 27 -5.65763
 28 -5.6414
 29 -5.62506
 30 -5.60863
 31 -5.59215
 32 -5.54259
 33 -5.52612
 34 -5.5097
 35 -5.49336
 36 -5.47711
 37 -5.46097
 38 -5.44496
 39 -5.42909
 40 -5.41337
 41 -5.39781
 42 -5.38244
 43 -5.36724
 44 -5.35225
 45 -5.33745
 46 -5.32286
 47 -5.30849
 48 -5.29434
 49 -5.2804
 50 -5.2667
 51 -5.25322
 52 -5.23997
 53 -5.22695
 54 -5.20159
 55 -5.18924
 56 -5.17713
 57 -5.16523
 58 -5.15354
 59 -5.14207
 60 -5.13081
 61 -5.11974
 62 -5.10888
 63 -5.0982
 64 -5.0877
 65 -5.07739
 66 -5.06724
 67 -5.05725
 68 -5.04741
 69 -5.03772
 70 -5.02817
 71 -5.01875
 72 -5.00944
 73 -5.00025
 74 -4.99117
 75 -4.98217
 76 -4.97327
 77 -4.96444
 78 -4.95568
 79 -4.94698
 80 -4.93834
 81 -4.92973
 82 -4.92117
 83 -4.91263
 84 -4.90411
 85 -4.8956
 86 -4.8871
 87 -4.8786
 88 -4.87009
 89 -4.86156
 90 -4.85301
 91 -4.84444
 92 -4.83583
 93 -4.82718
 94 -4.81848
 95 -4.80974
 96 -4.80095
 97 -4.79209
 98 -4.78318
 99 -4.7742
 100 -4.76515
 101 -4.75603
 102 -4.74684
 103 -4.73757
 104 -4.72822
 105 -4.71879
 106 -4.70927
 107 -4.69967
 108 -4.68998
 109 -4.68021
 110 -4.67035
 111 -4.66039
 112 -4.65034
 113 -4.6402
 114 -4.62997
 115 -4.61964
 116 -4.60921
 117 -4.59868
 118 -4.58804
 119 -4.57731
 120 -4.56646
 121 -4.5555
 122 -4.54443
 123 -4.53324
 124 -4.52192
 125 -4.51048
 126 -4.49889
 127 -4.48716
 128 -4.47528
 129 -4.46323
 130 -4.45101
 131 -4.4386
 132 -4.42599
 133 -4.41316
 134 -4.4001
 135 -4.38679
 136 -4.37321
 137 -4.35933
 138 -4.34514
 139 -4.3306
 140 -4.31568
 141 -4.30036
 142 -4.2846
 143 -4.26836
 144 -4.25161
 145 -4.23429
 146 -4.21637
 147 -4.19779
 148 -4.1785
 149 -4.15844
 150 -4.13755
 151 -4.11577
 152 -4.09302
 153 -4.06923
 154 -4.04433
 155 -4.01822
 156 -3.99082
 157 -3.96204
 158 -3.93176
 159 -3.89989
