 1 -4.98038
 2 -4.91695
 3 -4.85658
 4 -4.83725
 5 -4.81834
 6 -4.79987
 7 -4.78184
 8 -4.76427
 9 -4.71434
 10 -4.69863
 11 -4.68339
 12 -4.6686
 13 -4.65427
 14 -4.64039
 15 -4.62695
 16 -4.61395
 17 -4.60136
 18 -4.58919
 19 -4.57742
 20 -4.56603
 21 -4.55501
 22 -4.54435
 23 -4.53403
 24 -4.52404
 25 -4.51436
 26 -4.50497
 27 -4.49586
 28 -4.48701
 29 -4.4784
 30 -4.47002
 31 -4.46184
 32 -4.45385
 33 -4.44604
 34 -4.43838
 35 -4.43086
 36 -4.42346
 37 -4.41617
 38 -4.40897
 39 -4.40183
 40 -4.39476
 41 -4.38772
 42 -4.38071
 43 -4.37371
 44 -4.3667
 45 -4.35969
 46 -4.35264
 47 -4.34554
 48 -4.3384
 49 -4.33119
 50 -4.3239
 51 -4.31653
 52 -4.30906
 53 -4.30148
 54 -4.29379
 55 -4.28598
 56 -4.27804
 57 -4.26997
 58 -4.26176
 59 -4.2534
 60 -4.2449
 61 -4.23624
 62 -4.22743
 63 -4.21845
 64 -4.20932
 65 -4.20003
 66 -4.19057
 67 -4.18096
 68 -4.17118
 69 -4.16124
 70 -4.15115
 71 -4.1409
 72 -4.1305
 73 -4.11996
 74 -4.10927
 75 -4.09844
 76 -4.08748
 77 -4.07639
 78 -4.06518
 79 -4.05385
 80 -4.04241
 81 -4.03087
 82 -4.01924
 83 -4.00752
 84 -3.99573
 85 -3.98387
 86 -3.95997
 87 -3.94795
 88 -3.9359
 89 -3.92383
 90 -3.91174
 91 -3.89965
 92 -3.88757
 93 -3.8755
 94 -3.86346
 95 -3.85146
 96 -3.8395
 97 -3.8276
 98 -3.81576
 99 -3.804
 100 -3.79233
 101 -3.78074
 102 -3.76926
 103 -3.75789
 104 -3.74664
 105 -3.73552
 106 -3.72454
 107 -3.7137
 108 -3.70301
 109 -3.69248
 110 -3.68211
 111 -3.67192
 112 -3.6619
 113 -3.65206
 114 -3.6424
 115 -3.63294
 116 -3.62366
 117 -3.61459
 118 -3.60571
 119 -3.59703
 120 -3.58856
 121 -3.58028
 122 -3.5722
 123 -3.56433
 124 -3.55666
 125 -3.54918
 126 -3.54189
 127 -3.5348
 128 -3.52789
 129 -3.52116
 130 -3.5146
 131 -3.50822
 132 -3.50199
 133 -3.49592
 134 -3.48999
 135 -3.4842
 136 -3.47853
 137 -3.47297
 138 -3.46752
 139 -3.46216
 140 -3.45687
 141 -3.45164
 142 -3.44646
 143 -3.44132
 144 -3.43619
 145 -3.43106
 146 -3.42592
 147 -3.42074
 148 -3.4155
 149 -3.4102
 150 -3.40481
 151 -3.3993
 152 -3.39366
 153 -3.38788
 154 -3.38192
 155 -3.37576
 156 -3.36939
 157 -3.36278
 158 -3.35592
 159 -3.34877
 160 -3.34131
 161 -3.33353
 162 -3.3254
 163 -3.3169
 164 -3.308
 165 -3.29869
 166 -3.28894
 167 -3.27872
 168 -3.26803
 169 -3.25684
 170 -3.24512
 171 -3.23287
 172 -3.22005
 173 -3.20666
 174 -3.19267
 175 -3.17807
 176 -3.16284
 177 -3.14697
 178 -3.13046
 179 -3.11327
 180 -3.09542
 181 -3.07688
 182 -3.05765
 183 -3.03773
 184 -3.01712
 185 -2.99581
 186 -2.9738
 187 -2.95111
 188 -2.92773
 189 -2.90368
