 1 -5.7481
 2 -5.7481
 3 -5.7481
 4 -5.7481
 5 -5.7481
 6 -5.7481
 7 -5.7481
 8 -5.7481
 9 -5.7481
 10 -5.7481
 11 -5.7481
 12 -5.7481
 13 -5.7481
 14 -5.7481
 15 -5.7481
 16 -5.7481
 17 -5.7481
 18 -5.7481
 19 -5.7481
 20 -5.7481
 21 -5.7481
 22 -5.7481
 23 -5.7481
 24 -5.7481
 25 -5.7481
 26 -5.7481
 27 -5.7481
 28 -5.7481
 29 -5.7481
 30 -5.7481
 31 -5.7481
 32 -5.7481
 33 -5.7481
 34 -5.7481
 35 -5.7481
 36 -5.7481
 37 -5.7481
 38 -5.7481
 39 -5.7481
 40 -5.7481
 41 -5.7481
 42 -5.7481
 43 -5.7481
 44 -5.7481
 45 -5.7481
 46 -5.7481
 47 -5.7481
 48 -5.7481
 49 -5.7481
 50 -5.7481
 51 -5.7481
 52 -5.7481
 53 -5.7481
 54 -5.7481
 55 -5.7481
 56 -5.7481
 57 -5.7481
 58 -5.7481
 59 -5.7481
 60 -5.7481
 61 -5.7481
 62 -5.7481
 63 -5.7481
 64 -5.7481
 65 -5.7481
 66 -5.7481
 67 -5.7481
 68 -5.7481
 69 -5.7481
 70 -5.7481
 71 -5.7481
 72 -5.7481
 73 -5.7481
 74 -5.7481
 75 -5.7481
 76 -5.7481
 77 -5.7481
 78 -5.7481
 79 -5.7481
 80 -5.7481
 81 -5.7481
 82 -5.7481
 83 -5.7481
 84 -5.7481
