 1 -4.66687
 2 -4.66687
 3 -4.66687
 4 -4.66687
 5 -4.66687
 6 -4.66687
 7 -4.66687
 8 -4.66687
 9 -4.66687
 10 -4.66687
 11 -4.66687
 12 -4.66687
 13 -4.66687
 14 -4.66687
 15 -4.66687
 16 -4.66687
 17 -4.66687
 18 -4.66687
 19 -4.66687
 20 -4.66687
 21 -4.66687
 22 -4.66687
 23 -4.66687
 24 -4.66687
 25 -4.66687
 26 -4.66687
 27 -4.66687
 28 -4.66687
 29 -4.66687
 30 -4.66687
 31 -4.66687
 32 -4.66687
 33 -4.66687
 34 -4.66687
 35 -4.66687
 36 -4.66687
 37 -4.66687
 38 -4.66687
 39 -4.66687
 40 -4.66687
 41 -4.66687
 42 -4.66687
 43 -4.66687
 44 -4.66687
 45 -4.66687
 46 -4.66687
 47 -4.66687
 48 -4.66687
 49 -4.66687
 50 -4.66687
 51 -4.66687
 52 -4.66687
 53 -4.66687
 54 -4.66687
 55 -4.66687
 56 -4.66687
 57 -4.66687
 58 -4.66687
 59 -4.66687
 60 -4.66687
 61 -4.66687
 62 -4.66687
 63 -4.66687
 64 -4.66687
 65 -4.66687
 66 -4.66687
 67 -4.66687
 68 -4.66687
 69 -4.66687
 70 -4.66687
 71 -4.66687
 72 -4.66687
 73 -4.66687
 74 -4.66687
 75 -4.66687
 76 -4.66687
 77 -4.66687
 78 -4.66687
 79 -4.66687
 80 -4.66687
 81 -4.66687
 82 -4.66687
 83 -4.66687
 84 -4.66687
 85 -4.66687
 86 -4.66687
 87 -4.66687
 88 -4.66687
 89 -4.66687
 90 -4.66687
 91 -4.66687
 92 -4.66687
 93 -4.66687
 94 -4.66687
 95 -4.66687
 96 -4.66687
 97 -4.66687
 98 -4.66687
 99 -4.66687
 100 -4.66687
 101 -4.66687
 102 -4.66687
 103 -4.66687
 104 -4.66687
 105 -4.66687
 106 -4.66687
 107 -4.66687
 108 -4.66687
 109 -4.66687
 110 -4.66687
 111 -4.66687
 112 -4.66687
 113 -4.66687
 114 -4.66687
 115 -4.66687
 116 -4.66687
 117 -4.66687
 118 -4.66687
 119 -4.66687
 120 -4.66687
 121 -4.66687
 122 -4.66687
 123 -4.66687
 124 -4.66687
 125 -4.66687
 126 -4.66687
 127 -4.66687
 128 -4.66687
 129 -4.66687
 130 -4.66687
 131 -4.66687
 132 -4.66687
 133 -4.66687
 134 -4.66687
 135 -4.66687
 136 -4.66687
 137 -4.66687
 138 -4.66687
 139 -4.66687
 140 -4.66687
 141 -4.66687
 142 -4.66687
 143 -4.66687
 144 -4.66687
 145 -4.66687
 146 -4.66687
 147 -4.66687
 148 -4.66687
 149 -4.66687
 150 -4.66687
 151 -4.66687
 152 -4.66687
 153 -4.66687
 154 -4.66687
 155 -4.66687
 156 -4.66687
 157 -4.66687
