 1 -7.25145
 2 -7.21363
 3 -7.1602
 4 -7.14665
 5 -7.1331
 6 -7.1196
 7 -7.06651
 8 -7.04083
 9 -7.02825
 10 -7.01587
 11 -7.00368
 12 -6.9917
 13 -6.97992
 14 -6.96835
 15 -6.95699
 16 -6.94582
 17 -6.93486
 18 -6.92408
 19 -6.9135
 20 -6.90309
 21 -6.89286
 22 -6.88278
 23 -6.87286
 24 -6.86308
 25 -6.85343
 26 -6.8439
 27 -6.83447
 28 -6.82514
 29 -6.81588
 30 -6.8067
 31 -6.78849
 32 -6.77943
 33 -6.76137
 34 -6.75233
 35 -6.73419
 36 -6.72507
 37 -6.71589
 38 -6.70666
 39 -6.69735
 40 -6.68796
 41 -6.67849
 42 -6.66892
 43 -6.65924
 44 -6.64946
 45 -6.63956
 46 -6.62953
 47 -6.61938
 48 -6.6091
 49 -6.59868
 50 -6.58813
 51 -6.57743
 52 -6.5666
 53 -6.55562
 54 -6.5445
 55 -6.53323
 56 -6.52183
 57 -6.51029
 58 -6.49861
 59 -6.48679
 60 -6.47485
 61 -6.46277
 62 -6.45058
 63 -6.43827
 64 -6.42584
 65 -6.41332
 66 -6.40069
 67 -6.38797
 68 -6.37517
 69 -6.36229
 70 -6.34934
 71 -6.33633
 72 -6.32327
 73 -6.31017
 74 -6.29704
 75 -6.28388
 76 -6.25753
 77 -6.24436
 78 -6.2312
 79 -6.21807
 80 -6.20497
 81 -6.19192
 82 -6.17892
 83 -6.16599
 84 -6.15313
 85 -6.12766
 86 -6.10259
 87 -6.05393
 88 -6.04211
 89 -6.01894
 90 -6.0076
 91 -5.99642
 92 -5.98542
 93 -5.91347
 94 -5.88539
 95 -5.87639
 96 -5.86756
 97 -5.8589
 98 -5.84207
 99 -5.83388
 100 -5.82584
 101 -5.81793
 102 -5.81016
 103 -5.80249
 104 -5.79494
 105 -5.78749
 106 -5.78012
 107 -5.77282
 108 -5.76559
 109 -5.75841
 110 -5.75127
 111 -5.73703
 112 -5.72992
 113 -5.72278
 114 -5.71561
 115 -5.70838
 116 -5.7011
 117 -5.69373
 118 -5.67099
 119 -5.66315
 120 -5.647
 121 -5.63865
 122 -5.59378
 123 -5.5841
 124 -5.57417
 125 -5.56398
 126 -5.55353
 127 -5.54281
 128 -5.52058
 129 -5.50907
 130 -5.4973
 131 -5.47305
 132 -5.46058
 133 -5.40888
 134 -5.39562
 135 -5.38229
 136 -5.36893
 137 -5.35558
 138 -5.34229
 139 -5.32912
 140 -5.31611
 141 -5.30334
 142 -5.29087
 143 -5.27877
 144 -5.26713
 145 -5.25604
 146 -5.24558
 147 -5.21909
 148 -5.21226
 149 -5.20241
