 1 -4.5398
 2 -4.51231
 3 -4.48583
 4 -4.43592
 5 -4.4125
 6 -4.3483
 7 -4.3289
 8 -4.27649
 9 -4.26091
 10 -4.24624
 11 -4.23246
 12 -4.21954
 13 -4.20748
 14 -4.19623
 15 -4.18578
 16 -4.17611
 17 -4.16717
 18 -4.15896
 19 -4.15143
 20 -4.14457
 21 -4.13834
 22 -4.12315
 23 -4.11916
 24 -4.11261
 25 -4.10999
 26 -4.10777
 27 -4.10593
 28 -4.10442
 29 -4.10323
 30 -4.10233
 31 -4.10169
 32 -4.10129
 33 -4.10109
 34 -4.10108
 35 -4.10122
 36 -4.10149
 37 -4.10188
 38 -4.10235
 39 -4.10348
 40 -4.10408
 41 -4.10469
 42 -4.10585
 43 -4.10637
 44 -4.10681
 45 -4.10718
 46 -4.10745
 47 -4.10765
 48 -4.10756
 49 -4.10732
 50 -4.10473
 51 -4.10363
 52 -4.09918
 53 -4.09729
 54 -4.0952
 55 -4.09291
 56 -4.0904
 57 -4.08769
 58 -4.08478
 59 -4.08165
 60 -4.07833
 61 -4.07481
 62 -4.07109
 63 -4.06718
 64 -4.06309
 65 -4.05881
 66 -4.05436
 67 -4.04496
 68 -4.03496
 69 -4.02974
 70 -4.0244
 71 -4.0077
 72 -4.00194
 73 -3.99611
 74 -3.97823
 75 -3.97218
 76 -3.96611
 77 -3.96003
 78 -3.95394
 79 -3.94786
 80 -3.9418
 81 -3.93577
 82 -3.92978
 83 -3.92384
 84 -3.91216
 85 -3.90644
 86 -3.90081
 87 -3.88986
 88 -3.88456
 89 -3.87938
 90 -3.87434
 91 -3.86944
 92 -3.8647
 93 -3.85567
 94 -3.85141
 95 -3.84732
 96 -3.8434
 97 -3.83967
 98 -3.83611
 99 -3.82957
 100 -3.82658
 101 -3.82378
 102 -3.82117
 103 -3.81874
 104 -3.81258
 105 -3.81088
 106 -3.808
 107 -3.80681
 108 -3.80577
 109 -3.80488
 110 -3.80413
 111 -3.80351
 112 -3.80301
 113 -3.80263
 114 -3.80234
 115 -3.80214
 116 -3.80202
 117 -3.80196
 118 -3.80195
 119 -3.80198
 120 -3.80203
 121 -3.80208
 122 -3.80213
 123 -3.80216
 124 -3.80214
 125 -3.80206
 126 -3.80191
 127 -3.80167
 128 -3.80132
 129 -3.80084
 130 -3.80021
 131 -3.79942
 132 -3.79845
 133 -3.79728
 134 -3.79589
 135 -3.79427
 136 -3.79239
 137 -3.79024
 138 -3.7878
 139 -3.78507
 140 -3.78201
 141 -3.77861
 142 -3.77487
 143 -3.77076
 144 -3.76628
 145 -3.76141
 146 -3.75614
 147 -3.75046
 148 -3.74437
 149 -3.73785
 150 -3.73091
 151 -3.72353
 152 -3.71572
 153 -3.70747
 154 -3.6988
 155 -3.68969
 156 -3.68017
 157 -3.67023
 158 -3.6599
 159 -3.64918
 160 -3.63809
 161 -3.62666
 162 -3.6149
 163 -3.60285
 164 -3.59054
 165 -3.57799
 166 -3.56525
 167 -3.55236
 168 -3.53937
