 1 -5.20125
 2 -5.20125
 3 -5.20125
 4 -5.20125
 5 -5.20125
 6 -5.20125
 7 -5.20125
 8 -5.20125
 9 -5.20125
 10 -5.20125
 11 -5.20125
 12 -5.20125
 13 -5.20125
 14 -5.20125
 15 -5.20125
 16 -5.20125
 17 -5.20125
 18 -5.20125
 19 -5.20125
 20 -5.20125
 21 -5.20125
 22 -5.20125
 23 -5.20125
 24 -5.20125
 25 -5.20125
 26 -5.20125
 27 -5.20125
 28 -5.20125
 29 -5.20125
 30 -5.20125
 31 -5.20125
 32 -5.20125
 33 -5.20125
 34 -5.20125
 35 -5.20125
 36 -5.20125
 37 -5.20125
 38 -5.20125
 39 -5.20125
 40 -5.20125
 41 -5.20125
 42 -5.20125
 43 -5.20125
 44 -5.20125
 45 -5.20125
 46 -5.20125
 47 -5.20125
 48 -5.20125
 49 -5.20125
 50 -5.20125
 51 -5.20125
 52 -5.20125
 53 -5.20125
 54 -5.20125
 55 -5.20125
 56 -5.20125
 57 -5.20125
 58 -5.20125
 59 -5.20125
 60 -5.20125
 61 -5.20125
 62 -5.20125
 63 -5.20125
 64 -5.20125
 65 -5.20125
 66 -5.20125
 67 -5.20125
 68 -5.20125
 69 -5.20125
 70 -5.20125
 71 -5.20125
 72 -5.20125
 73 -5.20125
 74 -5.20125
 75 -5.20125
 76 -5.20125
 77 -5.20125
 78 -5.20125
 79 -5.20125
 80 -5.20125
 81 -5.20125
 82 -5.20125
 83 -5.20125
 84 -5.20125
 85 -5.20125
 86 -5.20125
 87 -5.20125
 88 -5.20125
 89 -5.20125
 90 -5.20125
 91 -5.20125
 92 -5.20125
 93 -5.20125
 94 -5.20125
 95 -5.20125
 96 -5.20125
 97 -5.20125
 98 -5.20125
 99 -5.20125
 100 -5.20125
 101 -5.20125
 102 -5.20125
 103 -5.20125
 104 -5.20125
 105 -5.20125
 106 -5.20125
 107 -5.20125
 108 -5.20125
 109 -5.20125
 110 -5.20125
 111 -5.20125
 112 -5.20125
 113 -5.20125
 114 -5.20125
 115 -5.20125
 116 -5.20125
 117 -5.20125
