 1 -6.79255
 2 -6.75894
 3 -6.74879
 4 -6.72088
 5 -6.71229
 6 -6.69596
 7 -6.68817
 8 -6.68059
 9 -6.67319
 10 -6.66594
 11 -6.65884
 12 -6.65185
 13 -6.63813
 14 -6.63138
 15 -6.62468
 16 -6.61801
 17 -6.61137
 18 -6.60474
 19 -6.59812
 20 -6.59149
 21 -6.58486
 22 -6.57821
 23 -6.57154
 24 -6.56485
 25 -6.55813
 26 -6.55138
 27 -6.5446
 28 -6.53778
 29 -6.53094
 30 -6.52406
 31 -6.51714
 32 -6.5102
 33 -6.50323
 34 -6.49623
 35 -6.4892
 36 -6.48216
 37 -6.47509
 38 -6.46801
 39 -6.46092
 40 -6.45383
 41 -6.44672
 42 -6.43962
 43 -6.43253
 44 -6.41837
 45 -6.41131
 46 -6.40428
 47 -6.39727
 48 -6.39029
 49 -6.38335
 50 -6.37645
 51 -6.36959
 52 -6.36278
 53 -6.35602
 54 -6.34931
 55 -6.34266
 56 -6.33607
 57 -6.32955
 58 -6.3231
 59 -6.31671
 60 -6.31039
 61 -6.30415
 62 -6.29799
 63 -6.2919
 64 -6.28589
 65 -6.27997
 66 -6.27412
 67 -6.26835
 68 -6.26267
 69 -6.25706
 70 -6.25154
 71 -6.2461
 72 -6.24073
 73 -6.23544
 74 -6.23024
 75 -6.2251
 76 -6.22004
 77 -6.21504
 78 -6.21012
 79 -6.20526
 80 -6.20046
 81 -6.19572
 82 -6.19103
 83 -6.18639
 84 -6.1818
 85 -6.17725
 86 -6.17274
 87 -6.16826
 88 -6.16381
 89 -6.15938
 90 -6.15496
 91 -6.15056
 92 -6.14616
 93 -6.14176
 94 -6.13736
 95 -6.13294
 96 -6.12851
 97 -6.12404
 98 -6.11955
 99 -6.11502
 100 -6.11045
 101 -6.0964
 102 -6.08669
 103 -6.08172
 104 -6.07666
 105 -6.0715
 106 -6.06625
 107 -6.06088
 108 -6.0554
 109 -6.04981
 110 -6.04409
 111 -6.03824
 112 -6.03226
 113 -6.02614
 114 -6.01988
 115 -6.01347
 116 -6.00691
 117 -6.00019
 118 -5.99331
 119 -5.98628
 120 -5.97908
 121 -5.97171
 122 -5.96418
 123 -5.95647
 124 -5.9486
 125 -5.94056
 126 -5.93234
 127 -5.92396
 128 -5.9154
 129 -5.90668
 130 -5.89779
 131 -5.88874
 132 -5.87953
 133 -5.87017
 134 -5.86065
 135 -5.85099
 136 -5.84118
 137 -5.83125
 138 -5.82118
 139 -5.811
 140 -5.8007
 141 -5.7586
 142 -5.73716
 143 -5.72639
 144 -5.7156
 145 -5.69403
 146 -5.68329
 147 -5.6726
 148 -5.65145
 149 -5.63073
 150 -5.59134
 151 -5.556
 152 -5.52652
 153 -5.50948
 154 -5.50494
 155 -5.50105
 156 -5.49783
 157 -5.49532
 158 -5.49356
 159 -5.49246
 160 -5.49321
 161 -5.49487
 162 -5.4975
 163 -5.50114
 164 -5.51162
 165 -5.52669
 166 -5.53606
 167 -5.54673
 168 -5.55874
