 1 -4.43602
 2 -4.42295
 3 -4.40995
 4 -4.38431
 5 -4.37172
 6 -4.34712
 7 -4.33515
 8 -4.31193
 9 -4.30071
 10 -4.28975
 11 -4.24872
 12 -4.22089
 13 -4.21215
 14 -4.20367
 15 -4.19545
 16 -4.17223
 17 -4.15096
 18 -4.14424
 19 -4.12507
 20 -4.11896
 21 -4.11296
 22 -4.10707
 23 -4.10127
 24 -4.09555
 25 -4.08989
 26 -4.08429
 27 -4.07872
 28 -4.07318
 29 -4.06766
 30 -4.06215
 31 -4.05662
 32 -4.05108
 33 -4.03989
 34 -4.03424
 35 -4.02852
 36 -4.02274
 37 -4.01688
 38 -4.01095
 39 -4.00492
 40 -3.99881
 41 -3.99259
 42 -3.98626
 43 -3.97983
 44 -3.97329
 45 -3.96663
 46 -3.95985
 47 -3.95295
 48 -3.94592
 49 -3.93878
 50 -3.93151
 51 -3.92411
 52 -3.9166
 53 -3.90896
 54 -3.90121
 55 -3.89333
 56 -3.88535
 57 -3.87726
 58 -3.86906
 59 -3.86076
 60 -3.85236
 61 -3.84388
 62 -3.83531
 63 -3.82666
 64 -3.81794
 65 -3.80916
 66 -3.80031
 67 -3.79142
 68 -3.78249
 69 -3.77353
 70 -3.76454
 71 -3.75553
 72 -3.74652
 73 -3.7375
 74 -3.7285
 75 -3.71952
 76 -3.71057
 77 -3.70165
 78 -3.69278
 79 -3.68397
 80 -3.67523
 81 -3.66656
 82 -3.65797
 83 -3.64947
 84 -3.64108
 85 -3.6328
 86 -3.62463
 87 -3.61659
 88 -3.60869
 89 -3.60092
 90 -3.59331
 91 -3.58585
 92 -3.57855
 93 -3.57142
 94 -3.56447
 95 -3.55769
 96 -3.55109
 97 -3.54469
 98 -3.53847
 99 -3.53245
 100 -3.52663
 101 -3.52101
 102 -3.51559
 103 -3.51037
 104 -3.50535
 105 -3.50053
 106 -3.49592
 107 -3.4915
 108 -3.48728
 109 -3.48326
 110 -3.47943
 111 -3.47579
 112 -3.47232
 113 -3.46904
 114 -3.46592
 115 -3.46297
 116 -3.46018
 117 -3.45753
 118 -3.45503
 119 -3.45265
 120 -3.45039
 121 -3.44825
 122 -3.4462
 123 -3.44424
 124 -3.44236
 125 -3.44053
 126 -3.43876
 127 -3.43702
 128 -3.4353
 129 -3.43359
 130 -3.43186
 131 -3.43012
 132 -3.42833
 133 -3.42649
 134 -3.42458
 135 -3.42258
 136 -3.42047
 137 -3.41824
 138 -3.41588
 139 -3.41336
 140 -3.41068
 141 -3.40781
 142 -3.40473
 143 -3.40144
 144 -3.39792
 145 -3.39415
 146 -3.39012
 147 -3.38582
 148 -3.38123
 149 -3.37634
 150 -3.37115
 151 -3.36563
 152 -3.35979
 153 -3.35362
 154 -3.3471
 155 -3.34024
 156 -3.33302
 157 -3.32546
 158 -3.31755
 159 -3.30929
 160 -3.30069
 161 -3.29175
 162 -3.28249
 163 -3.27291
 164 -3.26303
 165 -3.25287
 166 -3.24244
 167 -3.23177
 168 -3.22088
 169 -3.20981
 170 -3.19859
 171 -3.18726
 172 -3.17585
 173 -3.16442
 174 -3.15301
 175 -3.14167
 176 -3.13047
 177 -3.11948
 178 -3.10875
 179 -3.09837
 180 -3.08842
 181 -3.07898
 182 -3.07014
