 1 -4.56194
 2 -4.56194
 3 -4.56194
 4 -4.56194
 5 -4.56194
 6 -4.56194
 7 -4.56194
 8 -4.56194
 9 -4.56194
 10 -4.56194
 11 -4.56194
 12 -4.56194
 13 -4.56194
 14 -4.56194
 15 -4.56194
 16 -4.56194
 17 -4.56194
 18 -4.56194
 19 -4.56194
 20 -4.56194
 21 -4.56194
 22 -4.56194
 23 -4.56194
 24 -4.56194
 25 -4.56194
 26 -4.56194
 27 -4.56194
 28 -4.56194
 29 -4.56194
 30 -4.56194
 31 -4.56194
 32 -4.56194
 33 -4.56194
 34 -4.56194
 35 -4.56194
 36 -4.56194
 37 -4.56194
 38 -4.56194
 39 -4.56194
 40 -4.56194
 41 -4.56194
 42 -4.56194
 43 -4.56194
 44 -4.56194
 45 -4.56194
 46 -4.56194
 47 -4.56194
 48 -4.56194
 49 -4.56194
 50 -4.56194
 51 -4.56194
 52 -4.56194
 53 -4.56194
 54 -4.56194
 55 -4.56194
 56 -4.56194
 57 -4.56194
 58 -4.56194
 59 -4.56194
 60 -4.56194
 61 -4.56194
 62 -4.56194
 63 -4.56194
 64 -4.56194
 65 -4.56194
 66 -4.56194
 67 -4.56194
 68 -4.56194
 69 -4.56194
 70 -4.56194
 71 -4.56194
 72 -4.56194
 73 -4.56194
 74 -4.56194
 75 -4.56194
 76 -4.56194
 77 -4.56194
 78 -4.56194
 79 -4.56194
 80 -4.56194
 81 -4.56194
 82 -4.56194
 83 -4.56194
 84 -4.56194
 85 -4.56194
 86 -4.56194
 87 -4.56194
 88 -4.56194
 89 -4.56194
 90 -4.56194
 91 -4.56194
 92 -4.56194
 93 -4.56194
 94 -4.56194
 95 -4.56194
 96 -4.56194
 97 -4.56194
 98 -4.56194
 99 -4.56194
 100 -4.56194
 101 -4.56194
 102 -4.56194
 103 -4.56194
 104 -4.56194
 105 -4.56194
 106 -4.56194
 107 -4.56194
 108 -4.56194
 109 -4.56194
 110 -4.56194
 111 -4.56194
 112 -4.56194
 113 -4.56194
 114 -4.56194
 115 -4.56194
 116 -4.56194
 117 -4.56194
 118 -4.56194
 119 -4.56194
 120 -4.56194
 121 -4.56194
 122 -4.56194
 123 -4.56194
 124 -4.56194
 125 -4.56194
 126 -4.56194
 127 -4.56194
 128 -4.56194
 129 -4.56194
 130 -4.56194
 131 -4.56194
 132 -4.56194
 133 -4.56194
 134 -4.56194
 135 -4.56194
 136 -4.56194
 137 -4.56194
 138 -4.56194
 139 -4.56194
 140 -4.56194
 141 -4.56194
 142 -4.56194
 143 -4.56194
 144 -4.56194
 145 -4.56194
 146 -4.56194
 147 -4.56194
 148 -4.56194
 149 -4.56194
 150 -4.56194
 151 -4.56194
 152 -4.56194
 153 -4.56194
 154 -4.56194
 155 -4.56194
 156 -4.56194
 157 -4.56194
 158 -4.56194
 159 -4.56194
 160 -4.56194
 161 -4.56194
 162 -4.56194
 163 -4.56194
 164 -4.56194
 165 -4.56194
 166 -4.56194
 167 -4.56194
 168 -4.56194
 169 -4.56194
 170 -4.56194
 171 -4.56194
 172 -4.56194
 173 -4.56194
 174 -4.56194
 175 -4.56194
 176 -4.56194
 177 -4.56194
 178 -4.56194
 179 -4.56194
 180 -4.56194
 181 -4.56194
 182 -4.56194
 183 -4.56194
 184 -4.56194
 185 -4.56194
