 1 -3.93467
 2 -3.93467
 3 -3.93467
 4 -3.93467
 5 -3.93467
 6 -3.93467
 7 -3.93467
 8 -3.93467
 9 -3.93467
 10 -3.93467
 11 -3.93467
 12 -3.93467
 13 -3.93467
 14 -3.93467
 15 -3.93467
 16 -3.93467
 17 -3.93467
 18 -3.93467
 19 -3.93467
 20 -3.93467
 21 -3.93467
 22 -3.93467
 23 -3.93467
 24 -3.93467
 25 -3.93467
 26 -3.93467
 27 -3.93467
 28 -3.93467
 29 -3.93467
 30 -3.93467
 31 -3.93467
 32 -3.93467
 33 -3.93467
 34 -3.93467
 35 -3.93467
 36 -3.93467
 37 -3.93467
 38 -3.93467
 39 -3.93467
 40 -3.93467
 41 -3.93467
 42 -3.93467
 43 -3.93467
 44 -3.93467
 45 -3.93467
 46 -3.93467
 47 -3.93467
 48 -3.93467
 49 -3.93467
 50 -3.93467
 51 -3.93467
 52 -3.93467
 53 -3.93467
 54 -3.93467
 55 -3.93467
 56 -3.93467
 57 -3.93467
 58 -3.93467
 59 -3.93467
 60 -3.93467
 61 -3.93467
 62 -3.93467
 63 -3.93467
 64 -3.93467
