 1 -6.22504
 2 -6.26812
 3 -6.34663
 4 -6.36496
 5 -6.49926
 6 -6.6681
 7 -6.68333
 8 -6.72925
 9 -6.74467
 10 -6.79129
 11 -6.83859
 12 -6.85451
 13 -6.87052
 14 -6.88661
 15 -6.91904
 16 -6.93537
 17 -6.98485
 18 -7.00149
 19 -7.05184
 20 -7.32788
 21 -7.38035
 22 -7.41534
 23 -7.50275
 24 -7.53764
 25 -7.55507
 26 -7.58987
 27 -7.6246
 28 -7.64194
 29 -7.67656
 30 -7.69384
 31 -7.7111
 32 -7.74557
 33 -7.76277
 34 -7.77996
 35 -7.81429
 36 -7.83143
 37 -7.86568
 38 -7.88278
 39 -7.89988
 40 -7.91697
 41 -7.95112
 42 -7.9682
 43 -7.98527
 44 -8.01941
 45 -8.05356
 46 -8.07065
 47 -8.08775
 48 -8.10485
 49 -8.12197
 50 -8.1391
 51 -8.17341
 52 -8.19059
 53 -8.22501
 54 -8.24225
 55 -8.25952
 56 -8.27681
 57 -8.29412
 58 -8.31146
 59 -8.32883
 60 -8.34622
 61 -8.36364
 62 -8.38108
 63 -8.39856
 64 -8.41606
 65 -8.43358
 66 -8.45113
 67 -8.46871
 68 -8.48631
 69 -8.50393
 70 -8.52158
 71 -8.53925
 72 -8.55693
 73 -8.57463
 74 -8.59234
 75 -8.61007
 76 -8.62781
 77 -8.64555
 78 -8.66329
 79 -8.68103
 80 -8.69877
 81 -8.71651
 82 -8.73423
 83 -8.76962
 84 -8.78728
 85 -8.80491
 86 -8.82251
 87 -8.84006
 88 -8.85758
 89 -8.87504
 90 -8.89244
 91 -8.90978
 92 -8.92705
 93 -8.94425
 94 -8.96136
 95 -8.99532
 96 -9.01215
 97 -9.04548
 98 -9.06197
 99 -9.07832
 100 -9.09454
 101 -9.11062
 102 -9.12655
 103 -9.14232
 104 -9.15792
 105 -9.17336
 106 -9.18862
 107 -9.20369
 108 -9.21858
 109 -9.23327
 110 -9.24776
 111 -9.26204
 112 -9.28996
 113 -9.30358
 114 -9.31699
 115 -9.3431
 116 -9.3558
 117 -9.36827
 118 -9.40423
