 1 -6.79532
 2 -6.79532
 3 -6.79532
 4 -6.79532
 5 -6.79532
 6 -6.79532
 7 -6.79532
 8 -6.79532
 9 -6.79532
 10 -6.79532
 11 -6.79532
 12 -6.79532
 13 -6.79532
 14 -6.79532
 15 -6.79532
 16 -6.79532
 17 -6.79532
 18 -6.79532
 19 -6.79532
 20 -6.79532
 21 -6.79532
 22 -6.79532
 23 -6.79532
 24 -6.79532
 25 -6.79532
 26 -6.79532
 27 -6.79532
 28 -6.79532
 29 -6.79532
 30 -6.79532
 31 -6.79532
 32 -6.79532
 33 -6.79532
 34 -6.79532
 35 -6.79532
 36 -6.79532
 37 -6.79532
 38 -6.79532
 39 -6.79532
 40 -6.79532
 41 -6.79532
 42 -6.79532
 43 -6.79532
 44 -6.79532
 45 -6.79532
 46 -6.79532
 47 -6.79532
 48 -6.79532
 49 -6.79532
 50 -6.79532
 51 -6.79532
 52 -6.79532
 53 -6.79532
 54 -6.79532
 55 -6.79532
 56 -6.79532
 57 -6.79532
 58 -6.79532
 59 -6.79532
 60 -6.79532
 61 -6.79532
 62 -6.79532
 63 -6.79532
 64 -6.79532
 65 -6.79532
 66 -6.79532
 67 -6.79532
 68 -6.79532
 69 -6.79532
 70 -6.79532
 71 -6.79532
 72 -6.79532
 73 -6.79532
 74 -6.79532
 75 -6.79532
 76 -6.79532
 77 -6.79532
 78 -6.79532
 79 -6.79532
 80 -6.79532
 81 -6.79532
 82 -6.79532
 83 -6.79532
 84 -6.79532
 85 -6.79532
 86 -6.79532
 87 -6.79532
 88 -6.79532
 89 -6.79532
 90 -6.79532
 91 -6.79532
 92 -6.79532
 93 -6.79532
 94 -6.79532
 95 -6.79532
 96 -6.79532
 97 -6.79532
 98 -6.79532
 99 -6.79532
 100 -6.79532
 101 -6.79532
 102 -6.79532
 103 -6.79532
 104 -6.79532
 105 -6.79532
 106 -6.79532
 107 -6.79532
 108 -6.79532
 109 -6.79532
 110 -6.79532
 111 -6.79532
 112 -6.79532
 113 -6.79532
 114 -6.79532
 115 -6.79532
 116 -6.79532
 117 -6.79532
 118 -6.79532
 119 -6.79532
 120 -6.79532
 121 -6.79532
 122 -6.79532
 123 -6.79532
 124 -6.79532
 125 -6.79532
 126 -6.79532
 127 -6.79532
 128 -6.79532
 129 -6.79532
 130 -6.79532
 131 -6.79532
 132 -6.79532
 133 -6.79532
 134 -6.79532
 135 -6.79532
 136 -6.79532
 137 -6.79532
 138 -6.79532
 139 -6.79532
 140 -6.79532
 141 -6.79532
 142 -6.79532
 143 -6.79532
 144 -6.79532
 145 -6.79532
 146 -6.79532
 147 -6.79532
 148 -6.79532
 149 -6.79532
 150 -6.79532
 151 -6.79532
 152 -6.79532
 153 -6.79532
 154 -6.79532
 155 -6.79532
 156 -6.79532
 157 -6.79532
 158 -6.79532
 159 -6.79532
 160 -6.79532
 161 -6.79532
 162 -6.79532
 163 -6.79532
 164 -6.79532
 165 -6.79532
 166 -6.79532
 167 -6.79532
 168 -6.79532
 169 -6.79532
 170 -6.79532
 171 -6.79532
 172 -6.79532
 173 -6.79532
 174 -6.79532
 175 -6.79532
 176 -6.79532
 177 -6.79532
 178 -6.79532
 179 -6.79532
 180 -6.79532
 181 -6.79532
 182 -6.79532
 183 -6.79532
 184 -6.79532
 185 -6.79532
 186 -6.79532
 187 -6.79532
 188 -6.79532
 189 -6.79532
 190 -6.79532
 191 -6.79532
 192 -6.79532
