 1 -3.42773
 2 -3.42773
 3 -3.42773
 4 -3.42773
 5 -3.42773
 6 -3.42773
 7 -3.42773
 8 -3.42773
 9 -3.42773
 10 -3.42773
 11 -3.42773
 12 -3.42773
 13 -3.42773
 14 -3.42773
 15 -3.42773
 16 -3.42773
 17 -3.42773
 18 -3.42773
 19 -3.42773
 20 -3.42773
 21 -3.42773
 22 -3.42773
 23 -3.42773
 24 -3.42773
 25 -3.42773
 26 -3.42773
 27 -3.42773
 28 -3.42773
 29 -3.42773
 30 -3.42773
 31 -3.42773
 32 -3.42773
 33 -3.42773
 34 -3.42773
 35 -3.42773
 36 -3.42773
 37 -3.42773
 38 -3.42773
 39 -3.42773
 40 -3.42773
 41 -3.42773
 42 -3.42773
 43 -3.42773
 44 -3.42773
 45 -3.42773
 46 -3.42773
 47 -3.42773
 48 -3.42773
 49 -3.42773
 50 -3.42773
 51 -3.42773
 52 -3.42773
 53 -3.42773
 54 -3.42773
 55 -3.42773
 56 -3.42773
 57 -3.42773
 58 -3.42773
 59 -3.42773
 60 -3.42773
 61 -3.42773
 62 -3.42773
 63 -3.42773
 64 -3.42773
 65 -3.42773
 66 -3.42773
 67 -3.42773
 68 -3.42773
 69 -3.42773
 70 -3.42773
 71 -3.42773
 72 -3.42773
 73 -3.42773
 74 -3.42773
 75 -3.42773
 76 -3.42773
 77 -3.42773
 78 -3.42773
 79 -3.42773
 80 -3.42773
 81 -3.42773
 82 -3.42773
 83 -3.42773
 84 -3.42773
 85 -3.42773
 86 -3.42773
 87 -3.42773
