 1 -2.48061
 2 -2.48061
 3 -2.48061
 4 -2.48061
 5 -2.48061
 6 -2.48061
 7 -2.48061
 8 -2.48061
 9 -2.48061
 10 -2.48061
 11 -2.48061
 12 -2.48061
 13 -2.48061
 14 -2.48061
 15 -2.48061
 16 -2.48061
 17 -2.48061
 18 -2.48061
 19 -2.48061
 20 -2.48061
 21 -2.48061
 22 -2.48061
 23 -2.48061
 24 -2.48061
 25 -2.48061
 26 -2.48061
 27 -2.48061
 28 -2.48061
 29 -2.48061
 30 -2.48061
 31 -2.48061
 32 -2.48061
 33 -2.48061
 34 -2.48061
 35 -2.48061
 36 -2.48061
 37 -2.48061
 38 -2.48061
 39 -2.48061
 40 -2.48061
 41 -2.48061
 42 -2.48061
 43 -2.48061
 44 -2.48061
 45 -2.48061
 46 -2.48061
 47 -2.48061
 48 -2.48061
 49 -2.48061
 50 -2.48061
 51 -2.48061
 52 -2.48061
 53 -2.48061
 54 -2.48061
 55 -2.48061
 56 -2.48061
 57 -2.48061
 58 -2.48061
 59 -2.48061
 60 -2.48061
 61 -2.48061
 62 -2.48061
 63 -2.48061
 64 -2.48061
 65 -2.48061
 66 -2.48061
 67 -2.48061
 68 -2.48061
