 1 -5.89307
 2 -5.97521
 3 -6.0075
 4 -6.0345
 5 -6.05661
 6 -6.0742
 7 -6.08763
 8 -6.09723
 9 -6.10332
 10 -6.1062
 11 -6.10615
 12 -6.10344
 13 -6.09832
 14 -6.09102
 15 -6.08176
 16 -6.0582
 17 -6.04426
 18 -6.02912
 19 -6.01292
 20 -5.99582
 21 -5.97794
 22 -5.95941
 23 -5.94036
 24 -5.90104
 25 -5.88098
 26 -5.86074
 27 -5.84042
 28 -5.79975
 29 -5.7594
 30 -5.73947
 31 -5.71974
 32 -5.70024
 33 -5.68101
 34 -5.66206
 35 -5.64342
 36 -5.62508
 37 -5.60707
 38 -5.5894
 39 -5.57206
 40 -5.55505
 41 -5.53838
 42 -5.52205
 43 -5.50604
 44 -5.49035
 45 -5.47497
 46 -5.44509
 47 -5.41632
 48 -5.38853
 49 -5.37496
 50 -5.36159
 51 -5.34841
 52 -5.33539
 53 -5.32252
 54 -5.30978
 55 -5.29715
 56 -5.28463
 57 -5.27218
 58 -5.24748
 59 -5.23519
 60 -5.22292
 61 -5.19838
 62 -5.18609
 63 -5.17377
 64 -5.16141
 65 -5.11133
 66 -5.08579
 67 -5.02009
 68 -4.97924
 69 -4.96537
 70 -4.95138
 71 -4.93726
 72 -4.92302
 73 -4.90865
 74 -4.89416
 75 -4.87956
 76 -4.86483
 77 -4.83505
 78 -4.80483
 79 -4.78957
 80 -4.77422
 81 -4.75877
 82 -4.74324
 83 -4.72762
 84 -4.71192
 85 -4.69615
 86 -4.68031
 87 -4.66439
 88 -4.64841
 89 -4.63237
 90 -4.61628
 91 -4.60012
 92 -4.58392
 93 -4.56766
 94 -4.55135
 95 -4.535
 96 -4.5186
 97 -4.50216
 98 -4.48567
 99 -4.46914
 100 -4.45256
 101 -4.43594
 102 -4.41927
 103 -4.40256
 104 -4.3858
 105 -4.36898
 106 -4.35212
 107 -4.33519
 108 -4.31821
 109 -4.30117
 110 -4.28407
 111 -4.26689
 112 -4.24965
 113 -4.23234
 114 -4.21494
 115 -4.19747
 116 -4.17992
 117 -4.16229
 118 -4.14457
 119 -4.12677
 120 -4.10888
 121 -4.09091
 122 -4.07285
 123 -4.05471
 124 -4.0365
 125 -4.01821
 126 -3.99986
 127 -3.98145
 128 -3.963
 129 -3.94451
 130 -3.92601
 131 -3.9075
 132 -3.88901
 133 -3.87056
 134 -3.85218
 135 -3.8339
 136 -3.81574
 137 -3.79776
 138 -3.77998
 139 -3.76245
 140 -3.74523
 141 -3.72837
