 1 -3.33012
 2 -3.33012
 3 -3.33012
 4 -3.33012
 5 -3.33012
 6 -3.33012
 7 -3.33012
 8 -3.33012
 9 -3.33012
 10 -3.33012
 11 -3.33012
 12 -3.33012
 13 -3.33012
 14 -3.33012
 15 -3.33012
 16 -3.33012
 17 -3.33012
 18 -3.33012
 19 -3.33012
 20 -3.33012
 21 -3.33012
 22 -3.33012
 23 -3.33012
 24 -3.33012
 25 -3.33012
 26 -3.33012
 27 -3.33012
 28 -3.33012
 29 -3.33012
 30 -3.33012
 31 -3.33012
 32 -3.33012
 33 -3.33012
 34 -3.33012
 35 -3.33012
 36 -3.33012
 37 -3.33012
 38 -3.33012
 39 -3.33012
 40 -3.33012
 41 -3.33012
 42 -3.33012
 43 -3.33012
 44 -3.33012
 45 -3.33012
 46 -3.33012
 47 -3.33012
 48 -3.33012
 49 -3.33012
 50 -3.33012
 51 -3.33012
 52 -3.33012
 53 -3.33012
 54 -3.33012
 55 -3.33012
 56 -3.33012
 57 -3.33012
 58 -3.33012
 59 -3.33012
 60 -3.33012
 61 -3.33012
 62 -3.33012
 63 -3.33012
 64 -3.33012
 65 -3.33012
 66 -3.33012
 67 -3.33012
 68 -3.33012
 69 -3.33012
 70 -3.33012
 71 -3.33012
 72 -3.33012
 73 -3.33012
 74 -3.33012
 75 -3.33012
 76 -3.33012
 77 -3.33012
 78 -3.33012
 79 -3.33012
 80 -3.33012
 81 -3.33012
 82 -3.33012
 83 -3.33012
 84 -3.33012
 85 -3.33012
 86 -3.33012
 87 -3.33012
 88 -3.33012
 89 -3.33012
 90 -3.33012
 91 -3.33012
 92 -3.33012
 93 -3.33012
 94 -3.33012
 95 -3.33012
 96 -3.33012
 97 -3.33012
 98 -3.33012
 99 -3.33012
 100 -3.33012
 101 -3.33012
 102 -3.33012
 103 -3.33012
 104 -3.33012
 105 -3.33012
 106 -3.33012
 107 -3.33012
 108 -3.33012
 109 -3.33012
 110 -3.33012
 111 -3.33012
 112 -3.33012
 113 -3.33012
 114 -3.33012
 115 -3.33012
 116 -3.33012
 117 -3.33012
 118 -3.33012
 119 -3.33012
 120 -3.33012
 121 -3.33012
 122 -3.33012
 123 -3.33012
 124 -3.33012
 125 -3.33012
 126 -3.33012
 127 -3.33012
 128 -3.33012
 129 -3.33012
 130 -3.33012
 131 -3.33012
 132 -3.33012
 133 -3.33012
 134 -3.33012
 135 -3.33012
 136 -3.33012
 137 -3.33012
 138 -3.33012
 139 -3.33012
 140 -3.33012
 141 -3.33012
 142 -3.33012
 143 -3.33012
 144 -3.33012
 145 -3.33012
 146 -3.33012
 147 -3.33012
 148 -3.33012
 149 -3.33012
 150 -3.33012
 151 -3.33012
 152 -3.33012
 153 -3.33012
 154 -3.33012
 155 -3.33012
 156 -3.33012
 157 -3.33012
 158 -3.33012
 159 -3.33012
 160 -3.33012
 161 -3.33012
 162 -3.33012
 163 -3.33012
 164 -3.33012
 165 -3.33012
 166 -3.33012
 167 -3.33012
 168 -3.33012
 169 -3.33012
 170 -3.33012
 171 -3.33012
 172 -3.33012
 173 -3.33012
 174 -3.33012
 175 -3.33012
 176 -3.33012
 177 -3.33012
 178 -3.33012
 179 -3.33012
 180 -3.33012
 181 -3.33012
 182 -3.33012
 183 -3.33012
 184 -3.33012
 185 -3.33012
 186 -3.33012
 187 -3.33012
 188 -3.33012
 189 -3.33012
 190 -3.33012
 191 -3.33012
 192 -3.33012
 193 -3.33012
 194 -3.33012
 195 -3.33012
 196 -3.33012
 197 -3.33012
 198 -3.33012
 199 -3.33012
 200 -3.33012
