 1 -4.70366
 2 -4.70366
 3 -4.70366
 4 -4.70366
 5 -4.70366
 6 -4.70366
 7 -4.70366
 8 -4.70366
 9 -4.70366
 10 -4.70366
 11 -4.70366
 12 -4.70366
 13 -4.70366
 14 -4.70366
 15 -4.70366
 16 -4.70366
 17 -4.70366
 18 -4.70366
 19 -4.70366
 20 -4.70366
 21 -4.70366
 22 -4.70366
 23 -4.70366
 24 -4.70366
 25 -4.70366
 26 -4.70366
 27 -4.70366
 28 -4.70366
 29 -4.70366
 30 -4.70366
 31 -4.70366
 32 -4.70366
 33 -4.70366
 34 -4.70366
 35 -4.70366
 36 -4.70366
 37 -4.70366
 38 -4.70366
 39 -4.70366
 40 -4.70366
 41 -4.70366
 42 -4.70366
 43 -4.70366
 44 -4.70366
 45 -4.70366
 46 -4.70366
 47 -4.70366
 48 -4.70366
 49 -4.70366
 50 -4.70366
 51 -4.70366
 52 -4.70366
 53 -4.70366
 54 -4.70366
 55 -4.70366
 56 -4.70366
 57 -4.70366
 58 -4.70366
 59 -4.70366
 60 -4.70366
 61 -4.70366
 62 -4.70366
 63 -4.70366
 64 -4.70366
 65 -4.70366
 66 -4.70366
 67 -4.70366
 68 -4.70366
 69 -4.70366
 70 -4.70366
 71 -4.70366
 72 -4.70366
 73 -4.70366
 74 -4.70366
 75 -4.70366
 76 -4.70366
 77 -4.70366
 78 -4.70366
 79 -4.70366
 80 -4.70366
 81 -4.70366
 82 -4.70366
 83 -4.70366
 84 -4.70366
 85 -4.70366
 86 -4.70366
 87 -4.70366
 88 -4.70366
 89 -4.70366
 90 -4.70366
 91 -4.70366
 92 -4.70366
 93 -4.70366
 94 -4.70366
 95 -4.70366
 96 -4.70366
 97 -4.70366
 98 -4.70366
 99 -4.70366
 100 -4.70366
 101 -4.70366
 102 -4.70366
 103 -4.70366
 104 -4.70366
 105 -4.70366
 106 -4.70366
 107 -4.70366
 108 -4.70366
 109 -4.70366
 110 -4.70366
 111 -4.70366
 112 -4.70366
 113 -4.70366
 114 -4.70366
 115 -4.70366
 116 -4.70366
 117 -4.70366
 118 -4.70366
 119 -4.70366
 120 -4.70366
 121 -4.70366
 122 -4.70366
 123 -4.70366
 124 -4.70366
 125 -4.70366
 126 -4.70366
 127 -4.70366
 128 -4.70366
 129 -4.70366
 130 -4.70366
 131 -4.70366
 132 -4.70366
 133 -4.70366
 134 -4.70366
 135 -4.70366
 136 -4.70366
 137 -4.70366
 138 -4.70366
 139 -4.70366
 140 -4.70366
 141 -4.70366
 142 -4.70366
 143 -4.70366
 144 -4.70366
 145 -4.70366
 146 -4.70366
 147 -4.70366
 148 -4.70366
 149 -4.70366
 150 -4.70366
 151 -4.70366
 152 -4.70366
 153 -4.70366
 154 -4.70366
 155 -4.70366
 156 -4.70366
 157 -4.70366
 158 -4.70366
 159 -4.70366
 160 -4.70366
 161 -4.70366
 162 -4.70366
 163 -4.70366
 164 -4.70366
 165 -4.70366
 166 -4.70366
 167 -4.70366
 168 -4.70366
 169 -4.70366
 170 -4.70366
 171 -4.70366
 172 -4.70366
 173 -4.70366
 174 -4.70366
 175 -4.70366
 176 -4.70366
 177 -4.70366
 178 -4.70366
 179 -4.70366
 180 -4.70366
 181 -4.70366
 182 -4.70366
 183 -4.70366
 184 -4.70366
 185 -4.70366
 186 -4.70366
 187 -4.70366
 188 -4.70366
 189 -4.70366
 190 -4.70366
 191 -4.70366
 192 -4.70366
 193 -4.70366
 194 -4.70366
 195 -4.70366
 196 -4.70366
 197 -4.70366
 198 -4.70366
 199 -4.70366
 200 -4.70366
