274748 274748 5.94537e-06 0.000526753 0.0108223 0.00887858 0.00478544 0.00361337 0.00331654 0.00325014 0.00323007 0.0031987 0.00315427 0.00312667 0.003152 0.00321267 0.00326808 0.0032913  3.18681e+08 2.18521e+08 9.64342e+06 3.05017e+06 1.72151e+06 3.02686e+06 465243 348997 374519 482147 135995 111128 128380 114946 40425.5 4369.47
7.43986e+06 7.43986e+06 4.72378e-05 0.00417516 0.0821957 0.0681535 0.0373481 0.0283317 0.0260348 0.0255193 0.0253615 0.0251145 0.0247659 0.0245494 0.024747 0.0252211 0.0256541 0.0258356  4.66589e+07 9.04009e+07 7.87021e+07 5.15692e+06 2.16061e+06 1.43644e+06 2.62411e+06 431024 328936 353008 420240 116393 92122.4 107913 99157 40679.6
2.03933e+06 2.03933e+06 1.76092e-05 0.00155936 0.0317282 0.0262108 0.0141807 0.0106934 0.00980449 0.00960313 0.00954147 0.00944776 0.00931619 0.00923457 0.00930921 0.00948822 0.00965172 0.00972021  2.99056e+07 1.37696e+07 3.06441e+07 3.52124e+07 3.31098e+06 1.75395e+06 1.38379e+06 2.32829e+06 462331 372024 415334 421650 123486 97948.9 120244 158984
526680 526680 2.20721e-05 0.00195392 0.0395325 0.0326429 0.0176994 0.0133681 0.0122655 0.0120167 0.0119405 0.0118235 0.0116588 0.0115565 0.0116497 0.0118735 0.0120779 0.0121636  8.7388e+08 3.38623e+06 1.98066e+06 6.32935e+06 9.68249e+06 1.05722e+06 592579 474403 790861 152710 117692 125273 123358 36504 30048.2 89452.5
331476 331476 1.57458e-05 0.00139422 0.0283399 0.0232916 0.0126062 0.00953409 0.0087558 0.00858205 0.00852964 0.00844714 0.0083301 0.00825741 0.00832429 0.00848441 0.00863062 0.00869186  3.23179e+08 1.15871e+08 1.35952e+06 1.08045e+06 2.55077e+06 4.01182e+06 725577 552484 620051 691668 213787 173969 201517 169061 58221 193600
7.17186e+06 7.17186e+06 8.45036e-05 0.00745201 0.141065 0.117785 0.0655342 0.0499968 0.0460297 0.0451435 0.0448709 0.0444365 0.0438219 0.0434399 0.0437878 0.0446232 0.0453863 0.045706  1.95014e+08 9.21242e+07 4.19834e+07 771413 794996 2.09017e+06 3.44485e+06 657711 504593 558880 587222 176082 139103 163269 141477 220847
2.34435e+06 2.34435e+06 2.51346e-05 0.0022246 0.0448586 0.0370595 0.0201203 0.0152048 0.0139534 0.0136715 0.0135855 0.0134529 0.0132661 0.0131501 0.0132564 0.0135111 0.0137438 0.0138412  1.00031e+08 5.3461e+07 3.18112e+07 1.78579e+07 679397 788124 1.88716e+06 2.95263e+06 650072 512565 570885 538322 165749 132364 162700 371309
538213 538213 1.73894e-05 0.00153977 0.0312932 0.0257929 0.0139609 0.0105431 0.00967435 0.00947882 0.00941924 0.00932726 0.00919756 0.00911703 0.00919072 0.00936742 0.0095288 0.00959642  1.04222e+09 1.13261e+07 7.68006e+06 6.43102e+06 4.81193e+06 214259 264172 643057 997548 213619 161336 171329 156707 48753.8 40404.2 170538
214413 214413 8.13005e-06 0.000720295 0.0147869 0.0121667 0.00655972 0.00494641 0.00453653 0.00444418 0.00441613 0.00437302 0.00431223 0.0042745 0.00430913 0.00439209 0.00446785 0.00449958  5.11481e+06 1.2949e+08 2.337e+06 3.03372e+06 3.11026e+06 2.72185e+06 445536 423582 697744 800107 250386 197682 222109 183625 65107.2 289852
1.12226e+07 1.12226e+07 0.000136955 0.0120395 0.216064 0.182281 0.103533 0.0795589 0.0734112 0.0720422 0.0716161 0.0709247 0.0699461 0.0693376 0.0698883 0.0712132 0.0724239 0.0729311  1.51592e+08 1.76513e+06 4.67489e+07 1.30676e+06 2.24716e+06 2.62344e+06 2.41964e+06 424732 395024 625749 678488 205604 157699 179486 153462 311136
1.3235e+06 1.3235e+06 3.55492e-05 0.00314448 0.0627334 0.0519701 0.0283331 0.0214348 0.0196758 0.019279 0.0191575 0.0189703 0.0187067 0.0185432 0.0186928 0.0190515 0.0193792 0.0195164  3.5553e+08 4.01891e+07 1.25966e+06 1.70776e+07 939663 2.01155e+06 2.41818e+06 2.23913e+06 477638 411068 600309 591384 183313 142573 169850 454447
807044 807044 4.03167e-05 0.00356505 0.0707362 0.0586178 0.0320252 0.0242558 0.0222755 0.0218296 0.0216928 0.0214808 0.0211822 0.0209967 0.0211658 0.0215716 0.0219422 0.0220976  5.0422e+08 4.02543e+07 5.76498e+06 248249 4.51819e+06 293644 669715 818919 751883 155992 128583 179026 171064 53577.4 43243.6 198198
222520 222520 8.80949e-06 0.00078053 0.0160327 0.0132211 0.00712661 0.00536685 0.0049186 0.00481698 0.00478592 0.00473888 0.00467286 0.00463191 0.0046694 0.00475929 0.00484138 0.00487577  5.351e+06 6.37098e+07 6.96673e+06 1.53269e+06 757626 2.46775e+06 558852 1.00054e+06 1.02413e+06 826936 249614 170589 216282 190986 67861.2 317945
6.85687e+06 6.85687e+06 0.000149396 0.0131256 0.233172 0.197921 0.112869 0.0866594 0.0798958 0.0783711 0.0778895 0.0771285 0.0760602 0.0753966 0.0759933 0.0774317 0.0787463 0.0792972  2.31954e+08 1.74198e+06 2.30787e+07 3.72969e+06 1.10468e+06 693176 2.20949e+06 534771 933354 922993 709853 206944 136309 174388 159392 337732
1.25951e+06 1.25951e+06 4.87877e-05 0.00431217 0.0848727 0.0705532 0.0386673 0.0292946 0.0268998 0.0263589 0.0261924 0.0259362 0.0255759 0.0253523 0.0255564 0.026046 0.0264933 0.0266807  4.97317e+08 6.15703e+07 1.05106e+06 8.42105e+06 2.03659e+06 848865 838149 2.08672e+06 605927 966572 893952 641070 189573 123041 162659 480762
682032 682032 2.67283e-05 0.00236566 0.0476888 0.0394989 0.0214474 0.0161868 0.0148437 0.0145389 0.014445 0.0143027 0.0141032 0.0139795 0.0140922 0.0143628 0.01461 0.0147136  1.03668e+09 5.63068e+07 8.81557e+06 200508 2.17641e+06 629007 280182 281612 695264 196341 299953 264470 183950 54961.8 37018.9 202681
208700 208700 5.64937e-06 0.000500601 0.0103075 0.00848078 0.00456714 0.00344148 0.00315538 0.00309082 0.0030712 0.00304117 0.00299888 0.00297264 0.00299673 0.00305445 0.00310715 0.00312923  2.40172e+08 1.2867e+08 1.00328e+07 2.37348e+06 536158 1.47496e+06 497441 293608 567865 852855 318871 399359 333853 222087 76224.4 316636
1.77234e+07 1.77234e+07 0.000212214 0.0185577 0.306234 0.257743 0.151098 0.118599 0.110447 0.108764 0.108266 0.107285 0.10584 0.104936 0.105766 0.107755 0.10957 0.110331  1.53165e+08 6.81028e+07 4.64115e+07 5.39024e+06 1.7035e+06 488008 1.3383e+06 458566 270881 518964 736806 264707 319413 269778 185785 344347
3.05424e+06 3.05424e+06 4.47721e-05 0.00395776 0.0781007 0.0647019 0.0354239 0.0268692 0.0246914 0.0242033 0.0240545 0.0238211 0.0234911 0.0232861 0.0234739 0.0239239 0.0243349 0.0245071  3.81112e+08 4.20331e+07 2.24882e+07 1.35907e+07 2.40816e+06 1.14466e+06 556968 1.2786e+06 437544 260584 509683 658152 235282 279112 244649 497236
656697 656697 2.52809e-05 0.0022377 0.0451637 0.0373763 0.0202852 0.015312 0.0140432 0.0137557 0.0136672 0.0135326 0.0133439 0.0132267 0.0133333 0.0135894 0.0138233 0.0139213  7.06013e+08 4.31494e+07 6.02006e+06 4.31655e+06 3.50726e+06 741093 377394 187222 426517 141994 81004.4 151060 189202 68342.2 84134.1 233876
455290 455290 1.50055e-05 0.00132904 0.0271295 0.0224155 0.0121121 0.00912562 0.00836391 0.00819095 0.00813787 0.00805773 0.00794538 0.00787569 0.00793934 0.00809205 0.00823152 0.00828995  3.21242e+07 9.1349e+07 8.38834e+06 1.82944e+06 1.82653e+06 1.85186e+06 524480 385367 386789 610041 184088 104415 204777 241529 93470.2 429268
1.27355e+07 1.27355e+07 0.000218132 0.0190785 0.315197 0.268605 0.157469 0.122741 0.11385 0.111918 0.111315 0.110263 0.108756 0.107817 0.108664 0.110704 0.112568 0.113349  2.93901e+08 9.51661e+06 3.3015e+07 4.45445e+06 1.30445e+06 1.53025e+06 1.6434e+06 475859 353577 352138 527108 151087 83090.3 164877 201446 456208
974091 974091 2.8592e-05 0.00253035 0.050914 0.0421952 0.022928 0.0173066 0.0158708 0.0155449 0.0154446 0.0152926 0.0150796 0.0149475 0.015068 0.0153574 0.0156217 0.0157325  3.79905e+08 7.86092e+07 3.90924e+06 9.88943e+06 2.16625e+06 906188 1.29888e+06 1.45652e+06 430702 338739 346711 478988 131092 72591.8 150049 618974
1.11782e+06 1.11782e+06 3.77567e-05 0.00333968 0.0665819 0.0553296 0.0301731 0.0227932 0.0209047 0.020475 0.0203417 0.0201404 0.019859 0.0196844 0.0198426 0.020223 0.0205706 0.0207163  1.09237e+09 4.30157e+07 1.12901e+07 786313 2.66995e+06 685639 304117 442492 491633 141353 106467 103890 139211 38496.5 22122.1 245578
1.69988e+06 1.69988e+06 4.71637e-05 0.00416868 0.0820894 0.0680841 0.0373064 0.0282942 0.0259976 0.0254817 0.0253237 0.0250771 0.024729 0.0245129 0.0247102 0.0251837 0.0256161 0.0257973  9.65387e+07 1.39737e+08 9.29277e+06 2.90249e+06 954526 1.433e+06 586134 277517 539336 574829 157992 136028 140644 183636 49914.4 356615
2.02511e+07 2.02511e+07 0.000244565 0.0213641 0.345718 0.298234 0.17629 0.137178 0.127021 0.124752 0.124019 0.122816 0.121123 0.12007 0.121005 0.123269 0.125339 0.126207  2.63262e+07 2.75538e+07 5.02063e+07 4.61444e+06 1.9052e+06 816775 1.23443e+06 526171 247155 475316 484294 126445 106258 111161 150526 348109
2.30433e+06 2.30433e+06 5.36083e-05 0.00473719 0.0928551 0.0773834 0.042479 0.0321712 0.0295313 0.0289322 0.0287466 0.0284636 0.0280673 0.0278214 0.0280449 0.0285818 0.0290723 0.0292778  3.2912e+08 8.79059e+06 9.4044e+06 1.42168e+07 2.50665e+06 1.26122e+06 884330 1.07244e+06 496334 225933 446010 429345 106824 92826.8 101149 468128
1.07293e+06 1.07293e+06 8.34754e-05 0.00736229 0.139645 0.11675 0.0649099 0.0494627 0.0455108 0.0446226 0.0443469 0.0439134 0.0433032 0.0429239 0.0432665 0.0440914 0.0448452 0.0451611  7.1871e+08 3.72633e+07 1.25799e+06 1.77628e+06 3.6599e+06 773860 415804 296580 356527 160435 69931.6 131597 122861 30885.3 27851.1 179025
1.04987e+06 1.04987e+06 4.48675e-05 0.00396708 0.0785349 0.0654076 0.035767 0.0270328 0.0247944 0.0242842 0.0241257 0.023887 0.0235535 0.0233466 0.0235342 0.0239851 0.0243971 0.0245697  2.11362e+08 9.02761e+07 6.02645e+06 645550 945031 1.9621e+06 1.0662e+06 329653 567303 392593 199028 81666.4 170586 158289 40069.9 285460
1.61566e+07 1.61566e+07 0.000288753 0.0251674 0.39261 0.344037 0.20633 0.160571 0.148492 0.145716 0.144789 0.143346 0.141353 0.140115 0.141195 0.143821 0.146224 0.147232  8.25805e+07 5.99831e+07 3.23969e+07 2.9449e+06 449622 792362 1.71265e+06 984813 293169 507059 330192 160125 63619.4 134925 129828 279585
1.72015e+06 1.72015e+06 3.23654e-05 0.00286348 0.0573407 0.0474978 0.0258575 0.0195455 0.0179353 0.0175713 0.0174596 0.0172885 0.017048 0.0168988 0.0170351 0.0173621 0.0176608 0.0177859  2.79594e+08 2.22412e+07 1.97393e+07 8.19731e+06 1.27396e+06 345661 739661 1.49202e+06 1.001e+06 258197 485529 281960 134001 53374.2 119743 376862
835427 835427 4.70326e-05 0.00415803 0.082142 0.0684621 0.037468 0.0283217 0.0259763 0.0254411 0.0252741 0.0250232 0.0246732 0.024456 0.0246521 0.0251241 0.0255555 0.0257362  7.72233e+08 3.16569e+07 3.19212e+06 3.92481e+06 2.18673e+06 400099 115453 251115 502128 327613 80932.5 145096 81727.9 39245.2 16222 158053
553998 553998 2.34813e-05 0.00207851 0.0419938 0.0346905 0.01882 0.014216 0.0130437 0.0127792 0.0126983 0.0125741 0.0123992 0.0122906 0.0123899 0.0126279 0.0128454 0.0129364  2.17219e+08 9.62805e+07 5.57133e+06 992567 1.66186e+06 1.09519e+06 364322 125673 390307 589596 494594 92085.8 201879 101638 51042.7 240033
1.70882e+07 1.70882e+07 0.000293974 0.0255967 0.393894 0.340313 0.204999 0.161284 0.15002 0.14758 0.146801 0.145413 0.14343 0.142194 0.143296 0.145961 0.148398 0.14942  5.3511e+07 6.17432e+07 3.46999e+07 2.89001e+06 702734 1.37473e+06 957013 336205 113365 350734 502438 405069 72486.8 161771 84151.5 252510
1.39888e+06 1.39888e+06 2.58079e-05 0.002284 0.0459947 0.0379657 0.020623 0.0155966 0.0143186 0.0140315 0.0139441 0.0138083 0.0136166 0.0134976 0.0136067 0.0138681 0.0141068 0.0142068  8.01303e+07 1.57388e+07 2.04773e+07 8.66836e+06 1.28794e+06 509222 1.12988e+06 792751 327867 99304.5 327232 429447 345470 60189.4 143467 306615
753624 753624 5.27114e-05 0.00465809 0.0913647 0.0760928 0.0417597 0.031632 0.0290398 0.0284517 0.0282688 0.0279895 0.0275987 0.027356 0.0275751 0.0281027 0.0285848 0.0287868  7.58959e+08 9.07271e+06 2.26053e+06 4.12642e+06 2.32437e+06 404676 170336 384535 267588 107655 31233.6 98133.2 124920 101541 18358.9 143597
546061 546061 3.24503e-05 0.00287087 0.057454 0.0475535 0.0258938 0.019584 0.017976 0.0176133 0.017502 0.0173307 0.0170895 0.0169398 0.0170764 0.0174041 0.0177034 0.0178288  4.05628e+07 9.95702e+07 1.66198e+06 887116 1.91802e+06 1.50232e+06 527147 239336 493974 291477 160911 32915.3 131540 157582 140008 222624
7.83165e+06 7.83165e+06 0.000129438 0.0113575 0.199019 0.159393 0.091234 0.072487 0.0681285 0.0673944 0.0672362 0.0667017 0.0658382 0.0652934 0.065824 0.0670755 0.0682155 0.0686927  8.28079e+07 1.20921e+07 3.59064e+07 838875 619259 1.59027e+06 1.33645e+06 490838 219605 439430 246732 131360 25618 104773 129916 312400
1.10934e+06 1.10934e+06 3.42954e-05 0.0030339 0.0606332 0.0502509 0.0273774 0.0206985 0.0189942 0.0186088 0.0184904 0.0183091 0.0180544 0.0178963 0.0180405 0.0183867 0.0187029 0.0188354  9.70703e+07 2.23828e+07 5.01413e+06 1.24287e+07 399735 452217 1.42159e+06 1.29457e+06 529208 224814 426928 223203 120027 22069.5 98524.9 430822
605115 605115 4.91654e-05 0.00434544 0.0854905 0.0710681 0.0389561 0.029516 0.027104 0.0265586 0.0263898 0.0261301 0.0257658 0.0255395 0.0257443 0.0262371 0.0266874 0.0268761  7.03751e+08 1.09908e+07 3.21157e+06 992290 3.3043e+06 125329 150855 482073 435185 173002 70385.7 127430 64618.3 35109.9 6699.32 168402
480286 480286 2.65595e-05 0.0023505 0.0473196 0.0390966 0.0212399 0.0160562 0.0147367 0.0144395 0.0143487 0.0142085 0.0140109 0.0138883 0.0140004 0.0142693 0.0145149 0.0146178  1.59106e+08 1.03121e+08 2.33654e+06 1.04795e+06 1.00832e+06 1.62247e+06 106538 174295 674644 593138 270352 93793.3 159340 77611.6 47265.2 230072
1.25646e+07 1.25646e+07 0.000196876 0.0172413 0.290766 0.246851 0.14358 0.111597 0.10342 0.10164 0.101087 0.100129 0.0987587 0.0979047 0.098676 0.100533 0.10223 0.102942  4.89043e+07 4.52619e+07 3.75372e+07 1.22035e+06 742274 869733 1.40754e+06 97153.7 158269 604028 507942 221784 74158.8 127140 64161 240178
2.1042e+06 2.1042e+06 4.23179e-05 0.00374212 0.0742514 0.0617679 0.0337465 0.0255074 0.0233981 0.0229183 0.0227698 0.0225451 0.0222308 0.0220358 0.0222131 0.0226389 0.0230279 0.0231909  4.64079e+07 1.60433e+07 1.5292e+07 1.2554e+07 689731 603211 902319 1.19592e+06 94544.6 150890 583986 465044 200149 65874.7 116646 289913
691489 691489 5.39521e-05 0.00476739 0.0933893 0.0778022 0.042719 0.0323635 0.0297125 0.029111 0.0289239 0.0286382 0.0282383 0.0279901 0.0282142 0.028754 0.0292472 0.0294539  5.28586e+08 5.25475e+06 2.29984e+06 2.9746e+06 3.31022e+06 215789 200691 304934 400449 30778.2 47036.6 173538 134030 58283.2 19906.5 128566
257813 257813 1.44125e-05 0.00127647 0.026044 0.0214778 0.0116076 0.00875522 0.0080293 0.00786529 0.00781516 0.00773853 0.00763074 0.00756384 0.00762497 0.00777161 0.00790555 0.00796167  3.32925e+08 7.32318e+07 2.8759e+06 1.49266e+06 1.45872e+06 2.06035e+06 294127 292853 510320 381232 40650.7 55471.1 223662 171893 81843.4 199104
9.47474e+06 9.47474e+06 0.000173405 0.0152115 0.26348 0.224109 0.129047 0.0995674 0.0919709 0.0902746 0.0897387 0.0888685 0.0876411 0.0868777 0.0875625 0.0892147 0.090725 0.0913579  1.46528e+08 9.51602e+07 2.66829e+07 1.60287e+06 1.11695e+06 1.2381e+06 1.82452e+06 276040 272153 461654 323961 33406.2 43942.4 179931 143402 245020
1.60321e+06 1.60321e+06 1.98905e-05 0.00176101 0.0357069 0.0294633 0.0159619 0.012054 0.0110597 0.0108356 0.0107673 0.0106621 0.0105139 0.0104219 0.0105061 0.0107081 0.0108926 0.0109698  8.76951e+07 3.9835e+07 3.27778e+07 9.50554e+06 1.08154e+06 1.03495e+06 1.17077e+06 1.63294e+06 292493 278956 453164 282255 29735.3 38472.5 166718 374121
771092 771092 3.038e-05 0.00268831 0.0539931 0.0447683 0.0243435 0.0183785 0.0168544 0.0165081 0.0164009 0.0162387 0.0160118 0.0158709 0.0159985 0.0163055 0.0165859 0.0167034  1.12185e+09 9.92954e+06 5.72693e+06 6.71418e+06 2.58685e+06 342845 348192 400256 553443 96419.7 88081.6 136428 82424 8773.92 11780.6 173253
229707 229707 8.80144e-06 0.000779515 0.0159224 0.0130136 0.00703007 0.00532618 0.00489702 0.00480242 0.00477431 0.00472872 0.00466346 0.00462289 0.00466042 0.00475014 0.00483205 0.00486636  3.41899e+07 1.45548e+08 2.6997e+06 2.02828e+06 3.22264e+06 1.85866e+06 476229 557540 566942 537640 144825 119351 177023 94902.5 11900.5 245343
1.54559e+07 1.54559e+07 0.000182274 0.0159532 0.267693 0.21963 0.12784 0.101321 0.0949464 0.0937702 0.093468 0.0926832 0.0914644 0.0906983 0.0914249 0.0931512 0.0947255 0.0953846  1.21403e+08 1.01238e+07 5.26596e+07 1.46763e+06 1.454e+06 2.65654e+06 1.66055e+06 441465 517190 511595 455730 119485 95247.8 142622 79003.1 225066
1.23171e+06 1.23171e+06 3.10143e-05 0.00274356 0.0548431 0.0451856 0.0246151 0.0186669 0.0171596 0.0168243 0.0167232 0.0165621 0.0163331 0.0161908 0.0163217 0.0166352 0.0169214 0.0170412  5.83271e+08 3.38754e+07 4.10865e+06 1.65914e+07 779779 1.12179e+06 2.25179e+06 1.56613e+06 440398 519459 492866 385843 106281 84600.9 130947 287894
793664 793664 3.81234e-05 0.00337045 0.0667183 0.0548528 0.0299943 0.0228253 0.0210163 0.0206188 0.0204998 0.0203042 0.0200241 0.0198499 0.0200101 0.0203939 0.0207443 0.0208911  4.30065e+08 6.60379e+07 4.86008e+06 813429 4.35729e+06 241542 372093 761978 526185 143995 162724 147221 111797 31116.6 25704.7 133123
1.42722e+06 1.42722e+06 4.6818e-05 0.00413737 0.0812679 0.0670874 0.0367951 0.0279925 0.025763 0.0252698 0.0251212 0.0248804 0.0245371 0.0243236 0.0245198 0.0249898 0.0254189 0.0255987  9.32778e+07 5.67162e+07 1.08974e+07 1.65952e+06 870408 2.56459e+06 304190 574459 943634 688930 191056 218344 190529 121437 42788.9 212903
9.2204e+06 9.2204e+06 0.000235824 0.0205201 0.316389 0.248498 0.148845 0.123225 0.11813 0.11779 0.1179 0.117141 0.11572 0.114809 0.115745 0.117922 0.119901 0.120728  6.80898e+07 2.73931e+07 2.04749e+07 5.21677e+06 1.10347e+06 729548 2.21737e+06 275822 523220 828821 580662 153352 170433 150271 98602.3 218815
1.10195e+06 1.10195e+06 3.33887e-05 0.00295269 0.0587395 0.0482418 0.0263287 0.0200232 0.0184329 0.0180837 0.0179797 0.0178088 0.0175638 0.0174114 0.0175523 0.0178894 0.0181971 0.0183259  1.48718e+08 2.43708e+07 1.03885e+07 5.39469e+06 1.70076e+06 681060 698433 1.90594e+06 264484 515824 757391 509034 129441 146920 134464 291962
597722 597722 4.10501e-05 0.00362809 0.0714651 0.0586189 0.0321143 0.0244975 0.022583 0.0221668 0.0220436 0.0218355 0.0215355 0.0213487 0.0215212 0.0219339 0.0223107 0.0224685  1.65196e+09 1.68372e+07 3.49386e+06 2.03285e+06 1.39156e+06 519717 224210 235279 638248 86238.7 161180 225695 147149 37810.1 44537.2 135219
389150 389150 1.25368e-05 0.00110987 0.0225167 0.0183364 0.00993159 0.00755117 0.00695509 0.00682578 0.00678803 0.00672427 0.00663205 0.00657465 0.00662812 0.00675572 0.00687216 0.00692093  1.35074e+08 2.06203e+08 3.1842e+06 2.28571e+06 1.49944e+06 1.11794e+06 469069 324121 449890 822798 123197 227624 289061 191018 50623.5 249235
1.51878e+07 1.51878e+07 0.00011978 0.0105264 0.188724 0.154063 0.0874753 0.0684234 0.0637804 0.0628724 0.0626287 0.0620859 0.0612597 0.0607418 0.0612319 0.0623966 0.0634588 0.0639036  8.94677e+07 4.07487e+07 7.42998e+07 1.70193e+06 1.62284e+06 1.24504e+06 1.00114e+06 430739 298209 406760 705625 100984 181171 231992 159063 261437
1.88181e+06 1.88181e+06 2.42509e-05 0.00214629 0.043258 0.0356489 0.0193581 0.0146496 0.0134545 0.0131871 0.0131061 0.0129792 0.0127993 0.0126877 0.0127903 0.0130361 0.0132606 0.0133546  7.00757e+07 2.60351e+07 1.75017e+07 2.69909e+07 1.05046e+06 1.36344e+06 1.20454e+06 1.02284e+06 441947 303016 408955 652329 91003.3 165433 218134 411401
815778 815778 4.02061e-05 0.00355465 0.0703558 0.0580604 0.0317504 0.0241147 0.022179 0.0217489 0.0216185 0.0214099 0.0211135 0.0209292 0.0210978 0.0215023 0.0218717 0.0220265  9.35887e+08 7.93423e+06 3.73967e+06 3.53391e+06 7.22592e+06 329325 455681 409928 345372 145188 95365.5 122725 189890 26767.5 50498.2 200920
472402 472402 2.05301e-05 0.00181728 0.0367396 0.0302102 0.0163852 0.0124051 0.011397 0.0111724 0.0111047 0.0109975 0.0108452 0.0107506 0.0108376 0.011046 0.0112362 0.0113159  9.68003e+07 1.16656e+08 2.09694e+06 1.36171e+06 3.49566e+06 3.7687e+06 553777 576973 560824 492481 199137 118079 157419 230550 35489.7 329527
6.819e+06 6.819e+06 8.65977e-05 0.0076282 0.14213 0.116139 0.064992 0.0503441 0.0467284 0.0459887 0.0457818 0.0453722 0.0447615 0.0443797 0.0447384 0.0455925 0.0463717 0.046698  3.14325e+07 2.86284e+07 4.19807e+07 1.15508e+06 950696 2.98105e+06 3.30821e+06 522721 525617 500582 422997 163060 93289.6 125976 191087 317257
1.72856e+06 1.72856e+06 3.287e-05 0.0029076 0.0580692 0.0479427 0.0261264 0.0197958 0.0181878 0.0178282 0.0177192 0.0175477 0.0173047 0.0171538 0.0172924 0.0176244 0.0179276 0.0180546  9.21168e+08 1.16482e+07 1.14715e+07 1.66214e+07 914856 739449 3.09743e+06 3.13257e+06 599226 524536 492853 404182 150984 85365.8 120695 504497
777727 777727 3.52082e-05 0.0031138 0.0619801 0.0511261 0.0278972 0.0211643 0.0194568 0.0190766 0.0189615 0.0187783 0.0185184 0.0183568 0.0185049 0.01886 0.0191842 0.0193201  1.24868e+09 1.04296e+08 1.67107e+06 2.26624e+06 4.37569e+06 284265 245578 1.04834e+06 1.05215e+06 195825 164210 147117 117029 44173.3 25918.5 198915
313688 313688 6.03635e-06 0.000534527 0.0108969 0.00883206 0.00477475 0.00363512 0.00335122 0.00329035 0.00327288 0.00324251 0.00319823 0.00317065 0.00319651 0.00325811 0.00331431 0.00333785  4.77642e+07 1.56685e+08 1.70443e+07 1.36593e+06 1.86331e+06 2.04881e+06 602004 219788 1.5384e+06 1.22215e+06 315420 182557 171850 146468 57337.3 288968
7.69313e+06 7.69313e+06 6.75406e-05 0.00595877 0.113875 0.0935362 0.0518433 0.039806 0.0367935 0.036151 0.0359639 0.0356311 0.0351459 0.0348434 0.0351249 0.0357969 0.0364101 0.0366669  2.37488e+08 1.40155e+07 5.64911e+07 8.9194e+06 987507 1.54959e+06 1.76646e+06 569853 197716 1.38231e+06 1.04933e+06 260994 144323 137835 122269 302267
1.3278e+06 1.3278e+06 2.22703e-05 0.00197114 0.0397833 0.0327343 0.0177658 0.0134511 0.0123577 0.012114 0.0120406 0.0119245 0.0117596 0.0116572 0.0117516 0.0119775 0.0121838 0.0122702  1.13386e+08 6.3889e+07 5.58551e+06 2.39105e+07 5.21336e+06 969227 1.60366e+06 1.62083e+06 663760 187712 1.38227e+06 992315 247511 130407 131220 424443
686247 686247 2.53137e-05 0.0022392 0.044792 0.0365471 0.0199033 0.0151687 0.0139833 0.0137272 0.0136524 0.0135245 0.0133392 0.0132238 0.0133312 0.0135874 0.0138212 0.0139192  6.43494e+08 1.28381e+07 9.1784e+06 1.13153e+06 6.39991e+06 1.63219e+06 323828 545945 547644 218242 59131.3 415220 289156 72878.8 39848.6 177819
685946 685946 2.69098e-05 0.00238079 0.0477232 0.0391861 0.0213237 0.0161892 0.0148928 0.0146068 0.0145214 0.0143827 0.0141845 0.0140612 0.0141751 0.0144475 0.0146961 0.0148003  2.94149e+07 9.54864e+07 4.38978e+06 2.77459e+06 1.10462e+06 3.06447e+06 1.15609e+06 499836 758771 550895 346027 55784.3 485271 344317 96889.4 270648
3.69879e+06 3.69879e+06 5.34552e-05 0.00471883 0.0911692 0.074223 0.0409637 0.0315178 0.029178 0.0286903 0.0285527 0.0282939 0.0279111 0.0276722 0.0278968 0.0284315 0.0289193 0.0291235  2.75335e+08 8.59602e+06 3.48288e+07 2.30317e+06 1.8977e+06 940271 2.64681e+06 1.04478e+06 458465 675124 466205 283364 43368.6 385495 284232 317145
1.66441e+06 1.66441e+06 3.93e-05 0.00347504 0.0689338 0.0569923 0.0311397 0.0236152 0.0217028 0.0212753 0.0211455 0.020941 0.0206511 0.0204712 0.0206364 0.0210324 0.0213939 0.0215453  1.0565e+08 7.49192e+07 3.39686e+06 1.61367e+07 1.61167e+06 1.5777e+06 1.05261e+06 2.47545e+06 1.06903e+06 486667 678595 437240 270297 38565.8 370887 605260
873672 873672 3.27493e-05 0.00289643 0.057706 0.047448 0.0258807 0.0196634 0.0180927 0.017746 0.0176421 0.0174734 0.0172323 0.0170823 0.0172204 0.017551 0.0178528 0.0179793  5.46808e+08 1.19617e+07 1.07376e+07 660255 4.19577e+06 497503 521541 354811 828178 347987 151758 201763 126100 78767.6 11662.8 308500
403465 403465 1.93758e-05 0.00171503 0.0346592 0.0284199 0.0154163 0.0116898 0.0107493 0.0105415 0.0104795 0.0103793 0.0102361 0.0101471 0.0102294 0.0104262 0.0106058 0.010681  4.39615e+08 7.30243e+07 2.76942e+06 3.13256e+06 690593 2.64568e+06 494438 618566 601977 875902 439401 193876 239487 148103 104749 404103
4.41302e+06 4.41302e+06 7.05248e-05 0.00621755 0.117556 0.0954534 0.0531151 0.0411369 0.0381981 0.0376042 0.0374417 0.0371105 0.0366127 0.0363014 0.0365961 0.0372963 0.0379348 0.0382022  2.82146e+08 1.25283e+08 2.64855e+07 1.4701e+06 2.15181e+06 595145 2.32331e+06 448382 566928 542108 745559 359125 153464 191169 122741 441179
3.42208e+06 3.42208e+06 3.27829e-05 0.00289992 0.0579248 0.0478275 0.0260621 0.0197455 0.0181408 0.0177819 0.0176731 0.017502 0.0172597 0.0171092 0.0172475 0.0175786 0.017881 0.0180077  1.18738e+08 7.50855e+07 4.2948e+07 1.1343e+07 976344 1.62999e+06 665178 2.21393e+06 441867 586896 554198 694523 331907 142003 182184 561361
896871 896871 2.38661e-05 0.00211236 0.0426141 0.0351448 0.0190775 0.0144282 0.0132469 0.0129817 0.0129011 0.0127755 0.012598 0.0124879 0.0125887 0.0128306 0.0130515 0.013144  6.87567e+08 1.34438e+07 1.07718e+07 8.48756e+06 2.98772e+06 303484 541454 225164 743681 144412 183751 165445 201117 97116 43119.2 236417
771562 771562 3.19134e-05 0.00282243 0.0562238 0.0461455 0.0251715 0.0191435 0.0176241 0.0172907 0.0171916 0.0170283 0.016794 0.0166482 0.016783 0.0171053 0.0173996 0.0175228  1.12483e+08 8.71095e+07 3.55856e+06 3.01159e+06 3.52205e+06 1.87155e+06 407085 503760 397217 791725 152885 231191 208731 238209 123946 355806
6.37459e+06 6.37459e+06 0.000102066 0.00898579 0.165654 0.136918 0.0769445 0.0593937 0.0549969 0.0540653 0.0537927 0.053297 0.0525727 0.0521209 0.0525396 0.0535405 0.0544541 0.0548367  5.41255e+08 3.27948e+07 3.14339e+07 1.83126e+06 2.00829e+06 2.79051e+06 1.6334e+06 375200 451855 355665 666095 122496 181662 165766 195985 412686
1.41637e+06 1.41637e+06 2.391e-05 0.0021158 0.0425543 0.0349295 0.0189827 0.0144029 0.0132464 0.012991 0.0129147 0.0127913 0.012615 0.0125053 0.0126067 0.012849 0.0130703 0.0131629  8.1237e+07 1.43553e+08 1.26282e+07 1.25736e+07 1.2032e+06 1.54775e+06 2.39811e+06 1.59341e+06 407591 441026 363651 603983 106869 167022 158139 601594
832393 832393 1.80488e-05 0.00159764 0.032317 0.0264714 0.0143542 0.010888 0.0100141 0.00982145 0.00976398 0.00967062 0.00953712 0.0094541 0.00953069 0.00971395 0.00988126 0.00995135  3.19825e+08 9.19761e+06 2.06115e+07 2.53686e+06 3.32137e+06 372946 514249 813694 537098 133745 138673 109045 175693 31413 50949.6 242807
421261 421261 2.03176e-05 0.00179879 0.0364613 0.0300948 0.0163061 0.0123129 0.0112966 0.0110674 0.0109975 0.01089 0.0107386 0.0106446 0.0107306 0.0109369 0.0111253 0.0112042  4.15526e+08 4.28254e+07 2.08931e+06 5.21129e+06 2.25932e+06 2.16959e+06 453212 554789 785065 661432 197039 157704 140787 196253 36477.3 380593
4.45525e+06 4.45525e+06 0.000101347 0.00892194 0.164357 0.135506 0.076169 0.0588835 0.05457 0.0536652 0.0534033 0.0529154 0.0521983 0.0517507 0.052167 0.053161 0.0540681 0.054448  3.24189e+08 1.17976e+08 1.55374e+07 1.14597e+06 3.59766e+06 1.95929e+06 1.94607e+06 419681 508295 693483 565895 161668 124419 112799 162170 362446
1.88568e+06 1.88568e+06 1.9935e-05 0.00176486 0.0357569 0.0294701 0.0159704 0.0120701 0.0110792 0.0108568 0.0107893 0.0106844 0.0105362 0.0104442 0.0105288 0.0107312 0.0109161 0.0109935  4.55896e+07 8.64308e+07 3.9909e+07 6.25846e+06 865346 2.51865e+06 2.09092e+06 1.95e+06 438886 516251 651467 527608 148998 112147 107403 513249
785488 785488 1.98384e-05 0.00175648 0.0356387 0.0294352 0.0159426 0.0120314 0.0110351 0.0108098 0.0107407 0.0106353 0.0104871 0.0103952 0.0104791 0.0106805 0.0108644 0.0109415  1.46567e+09 5.16198e+06 1.24241e+07 8.15939e+06 1.69586e+06 273340 845752 714140 660515 144618 162958 196078 154039 43955.7 34334.1 199177
240710 240710 7.96419e-06 0.000705369 0.0144124 0.0117664 0.00635556 0.00481759 0.00443074 0.00434576 0.00432064 0.00427957 0.00422063 0.00418399 0.004218 0.00429924 0.00437339 0.00440445  7.4528e+07 1.81755e+08 1.52802e+06 3.5851e+06 3.74204e+06 1.06258e+06 552494 598190 1.16478e+06 879468 195417 207935 214966 186477 58337.9 295605
6.34449e+06 6.34449e+06 5.29199e-05 0.0046679 0.0892034 0.0713074 0.0395112 0.0307753 0.0286806 0.0282822 0.0281827 0.0279445 0.0275751 0.0273433 0.027567 0.0280959 0.0285777 0.0287794  2.1913e+08 2.16995e+07 6.55115e+07 831827 2.50487e+06 3.08619e+06 941017 525250 537227 1.0537e+06 758610 160700 165807 172220 155509 308862
2.10585e+06 2.10585e+06 3.17636e-05 0.00281019 0.0562672 0.0465467 0.0253408 0.0191688 0.0175968 0.0172429 0.0171348 0.0169677 0.0167322 0.016586 0.01672 0.017041 0.0173342 0.017457  2.91548e+07 5.85797e+07 8.41379e+06 2.76173e+07 533161 1.90213e+06 2.86401e+06 915229 610910 508178 1.07708e+06 727383 148968 155038 163539 463639
647168 647168 2.49171e-05 0.0022048 0.0443032 0.0363808 0.0197785 0.0150066 0.0138012 0.0135346 0.0134548 0.0133258 0.0131418 0.0130273 0.0131327 0.0133851 0.0136155 0.013712  6.8565e+08 3.3011e+06 8.40713e+06 1.67246e+06 7.34418e+06 166951 634408 971753 307949 199937 159301 321919 210873 43637.2 47130 199594
121284 121284 6.22365e-06 0.000551238 0.0112742 0.0091882 0.00496104 0.00376313 0.00346241 0.00339666 0.00337734 0.00334539 0.0032994 0.00327079 0.00329741 0.00336093 0.00341891 0.00344319  2.61402e+08 8.5858e+07 1.47855e+06 2.25189e+06 1.64221e+06 3.5664e+06 170354 680228 1.25312e+06 367173 319508 162576 398770 257710 57119.6 312963
4.79899e+06 4.79899e+06 7.36097e-05 0.00649037 0.122865 0.100533 0.0559208 0.043122 0.0399435 0.0392802 0.0390914 0.0387365 0.0382123 0.0378851 0.0381916 0.0389218 0.039588 0.039867  1.8301e+08 7.45007e+07 3.10134e+07 834992 1.55548e+06 1.41628e+06 3.1129e+06 155725 624892 1.12876e+06 315575 264599 128746 321075 215223 323498
1.78189e+06 1.78189e+06 2.38364e-05 0.00210966 0.0425394 0.0350546 0.019032 0.0144016 0.0132264 0.0129634 0.0128839 0.0127591 0.0125824 0.0124727 0.0125737 0.0128154 0.013036 0.0131285  5.15621e+07 4.98646e+07 2.5617e+07 1.29689e+07 647586 1.15536e+06 1.57991e+06 2.88839e+06 155466 639310 1.13295e+06 296593 249732 116616 307849 536501
536845 536845 2.03551e-05 0.00180165 0.036384 0.0298562 0.0161999 0.0122813 0.0112915 0.0110723 0.0110067 0.0109011 0.0107505 0.0106569 0.0107432 0.0109497 0.0111383 0.0112173  9.71169e+08 5.83805e+06 7.16294e+06 5.17809e+06 3.47521e+06 203129 386265 537834 975549 51087.9 201264 340097 86365 73480.1 35608.7 269499
1.11356e+06 1.11356e+06 5.06406e-05 0.00447295 0.0871742 0.0715825 0.0393776 0.0300976 0.0277667 0.0272624 0.027114 0.0268598 0.0264922 0.0262633 0.0264757 0.0269831 0.0274462 0.0276402  2.10098e+08 1.24e+08 1.25616e+06 2.58026e+06 2.2812e+06 1.91724e+06 335481 321247 929267 1.04269e+06 59703.3 246723 416964 103719 96961.9 387280
5.01939e+06 5.01939e+06 5.73091e-05 0.00505954 0.097814 0.08029 0.0443046 0.0339356 0.0313366 0.0307785 0.0306152 0.0303303 0.0299162 0.0296582 0.029898 0.0304706 0.0309932 0.0312121  3.84561e+08 5.97264e+07 4.4556e+07 613699 1.68664e+06 1.77138e+06 1.63435e+06 305896 283430 821593 870869 47477.8 191422 327135 84346.1 411969
2.46404e+06 2.46404e+06 3.12371e-05 0.00276319 0.055212 0.0454779 0.0247783 0.0187952 0.0172796 0.0169429 0.0168415 0.0166796 0.0164492 0.0163061 0.016438 0.0167537 0.017042 0.0171627  1.71334e+08 1.011e+08 2.05066e+07 1.96974e+07 445754 1.54104e+06 1.63992e+06 1.61074e+06 341992 279498 855395 824131 43032.2 179245 318614 501754
1.34856e+06 1.34856e+06 3.43619e-05 0.00303863 0.0604009 0.0496349 0.0270974 0.0206055 0.0189672 0.0186067 0.018499 0.0183225 0.0180699 0.0179128 0.0180576 0.0184041 0.0187206 0.0188531  6.04706e+08 1.93984e+07 1.45037e+07 4.05562e+06 5.16509e+06 137917 510828 554713 541020 111795 87538.1 255470 238758 12597.2 54454.4 260423
567387 567387 2.47697e-05 0.00219272 0.0443395 0.0367691 0.0199411 0.0150293 0.0137731 0.0134866 0.0133981 0.0132656 0.0130804 0.0129656 0.0130701 0.0133212 0.0135506 0.0136467  1.40547e+08 7.68799e+07 3.24239e+06 3.36202e+06 1.95106e+06 2.82626e+06 200792 730881 616860 647209 162419 97449.7 324947 281565 15829.2 402184
7.89306e+06 7.89306e+06 0.000145145 0.0127446 0.224779 0.187107 0.106945 0.0831141 0.0771423 0.0758906 0.0755229 0.0748322 0.0738191 0.0731865 0.0737709 0.075169 0.0764454 0.0769799  1.80501e+08 4.01387e+07 2.77434e+07 1.66757e+06 2.32448e+06 1.65162e+06 2.5079e+06 188538 675254 548234 553134 132944 76783.3 259856 233070 362921
2.134e+06 2.134e+06 4.41648e-05 0.00390372 0.076945 0.0635529 0.0348099 0.0264528 0.0243335 0.023863 0.0237209 0.023493 0.0231686 0.022967 0.0231524 0.0235964 0.0240018 0.0241716  1.32206e+08 5.25897e+07 1.3899e+07 9.77483e+06 845130 1.54231e+06 1.54119e+06 2.32886e+06 204273 693780 519258 507325 119832 68038.9 242576 573971
920431 920431 3.8911e-05 0.00344173 0.0685876 0.0570832 0.0311347 0.023503 0.021547 0.0211002 0.0209613 0.0207532 0.020463 0.0202831 0.020446 0.020838 0.0211962 0.0213462  1.54374e+09 1.4968e+07 7.53023e+06 2.66024e+06 2.49937e+06 258001 506424 517034 776032 66248.8 215567 153840 145797 34797 20503.4 257463
1.08353e+06 1.08353e+06 3.46687e-05 0.00306638 0.0611234 0.0504829 0.0275311 0.0208656 0.0191723 0.0187936 0.0186787 0.0184977 0.0182414 0.0180823 0.0182283 0.0185781 0.0188976 0.0190314  2.93823e+08 1.91106e+08 3.42185e+06 2.91578e+06 1.45994e+06 1.37012e+06 201716 352106 717463 913367 101909 286527 182824 178986 46608.9 359771
1.08306e+07 1.08306e+07 8.58277e-05 0.00755771 0.140151 0.113501 0.0636204 0.0495721 0.0461598 0.0454923 0.0453159 0.0449242 0.0443264 0.0439517 0.0443085 0.0451548 0.0459265 0.0462495  1.29856e+08 8.39645e+07 6.85962e+07 1.75476e+06 2.01037e+06 1.21246e+06 1.19547e+06 182896 312978 639216 774431 83093.2 225464 144934 147308 350220
2.27954e+06 2.27954e+06 2.29378e-05 0.0020304 0.0410281 0.0338656 0.0183714 0.0138825 0.0127405 0.0124835 0.0124052 0.0122843 0.0121138 0.0120079 0.012105 0.0123377 0.0125501 0.0126391  1.10039e+08 3.44242e+07 2.91234e+07 2.67514e+07 1.11292e+06 1.61356e+06 1.19445e+06 1.13564e+06 187004 297013 645638 728224 77952.4 209591 138346 494709
920183 920183 3.50544e-05 0.00310072 0.0618684 0.0512157 0.0279204 0.0211301 0.0194 0.0190102 0.0188906 0.0187058 0.0184455 0.0182838 0.0184311 0.0187846 0.0191076 0.0192429  6.22251e+08 1.24592e+07 4.94664e+06 5.91696e+06 7.22894e+06 351355 541377 407460 384122 61525.3 93602.7 194005 212256 22958.1 64058.6 202680
1.00727e+06 1.00727e+06 5.32203e-05 0.00470203 0.0919302 0.0762419 0.0418925 0.031828 0.0292662 0.0286934 0.0285186 0.0282422 0.027851 0.0276079 0.0278301 0.028363 0.0288497 0.0290536  7.36205e+07 8.1157e+07 2.29919e+06 1.29512e+06 2.73467e+06 3.33369e+06 441995 612672 611130 457783 84277.3 102146 244425 255975 30939.8 343529
5.05659e+06 5.05659e+06 8.93801e-05 0.007872 0.146258 0.119585 0.0669926 0.0519124 0.0481892 0.0474277 0.0472145 0.0467921 0.0461622 0.0457685 0.0461382 0.0470188 0.047822 0.0481584  3.49233e+08 2.11614e+07 2.93334e+07 1.11536e+06 842368 2.18346e+06 2.82907e+06 402480 547325 539705 384343 67869.5 79129.4 192067 208267 319338
2.06173e+06 2.06173e+06 4.63518e-05 0.00409638 0.0805247 0.0664973 0.0364607 0.0277278 0.0255147 0.0250245 0.0248768 0.0246382 0.0242983 0.024087 0.0242814 0.0247469 0.0251719 0.02535  5.98122e+08 9.2643e+07 7.63367e+06 1.2259e+07 703210 628446 1.97534e+06 2.53686e+06 433124 546665 549575 363562 63579.7 72647.6 185136 525016
1.29812e+06 1.29812e+06 3.64583e-05 0.00322411 0.0640877 0.0528742 0.0288664 0.0219047 0.0201392 0.0197461 0.0196271 0.0194375 0.0191683 0.019001 0.0191542 0.0195217 0.0198572 0.0199978  2.34916e+08 6.77164e+07 1.326e+07 1.45157e+06 3.11399e+06 213779 205817 661406 843929 140247 169593 162573 104321 18434.2 21858.6 223692
1.29684e+06 1.29684e+06 4.21685e-05 0.00372913 0.074058 0.0616757 0.0336849 0.0254406 0.023327 0.0228446 0.0226947 0.0224699 0.0221562 0.0219616 0.0221382 0.0225625 0.0229503 0.0231127  6.32644e+07 3.05935e+07 1.07232e+07 3.56922e+06 1.02201e+06 2.33479e+06 295035 205012 755323 848238 196937 195653 210207 129740 25642.4 319715
5.17499e+06 5.17499e+06 0.000182152 0.0159184 0.261858 0.208082 0.121857 0.0987086 0.093624 0.092952 0.0928717 0.0921972 0.0910379 0.0903017 0.0910363 0.092758 0.0943247 0.0949801  3.14095e+08 1.81629e+07 1.11069e+07 5.23976e+06 2.43997e+06 870400 2.09109e+06 274238 185142 664745 713369 159490 152508 166589 106525 296973
1.19106e+06 1.19106e+06 4.05126e-05 0.00358252 0.0711196 0.0590066 0.0322313 0.0243933 0.0223927 0.0219408 0.021802 0.0215886 0.0212885 0.0211023 0.0212723 0.0216803 0.0220529 0.022209  6.64469e+07 8.42307e+07 6.45902e+06 3.57845e+06 1.92723e+06 1.53008e+06 819414 2.01206e+06 289077 177148 614620 626507 140573 131704 153050 382912
1.11913e+06 1.11913e+06 4.07014e-05 0.00359934 0.0714869 0.059377 0.032428 0.024525 0.022505 0.0220469 0.0219052 0.0216893 0.0213867 0.021199 0.0213693 0.0217789 0.0221531 0.0223099  1.47955e+09 7.52332e+06 1.20745e+07 1.25783e+06 939217 599989 507936 276727 673741 94137.9 55249.3 182748 180680 40962 39826.2 169606
2.42588e+06 2.42588e+06 8.96124e-05 0.00790297 0.14957 0.126044 0.070143 0.0532541 0.0488936 0.0478939 0.047578 0.0471045 0.0464464 0.0460383 0.0464053 0.0472897 0.048098 0.0484368  3.66112e+08 1.83799e+08 1.74865e+06 3.13592e+06 986119 939742 365916 634280 477723 985088 151394 71073.7 219686 219532 55040.7 279937
1.18352e+07 1.18352e+07 9.72045e-05 0.0085604 0.158629 0.131025 0.0734875 0.056675 0.0524623 0.051568 0.0513061 0.0508325 0.0501412 0.04971 0.0501096 0.0510647 0.0519365 0.0523016  5.05204e+08 1.03845e+08 6.56236e+07 807182 1.95038e+06 815209 830396 317759 563627 415832 816482 120057 54259.9 168969 175312 280261
3.78041e+06 3.78041e+06 3.27468e-05 0.00289709 0.057974 0.0480047 0.0261404 0.0197664 0.0181413 0.0177745 0.0176621 0.0174894 0.0172464 0.0170955 0.0172335 0.0175643 0.0178664 0.017993  9.12194e+07 1.32791e+08 3.48939e+07 2.58947e+07 589998 1.42863e+06 893435 915397 306733 591865 428551 787502 113814 50613 161753 455887
1.72706e+06 1.72706e+06 3.32697e-05 0.00294326 0.0588621 0.0487412 0.0265477 0.020077 0.0184273 0.0180548 0.0179403 0.0177643 0.0175168 0.0173632 0.017503 0.0178388 0.0181455 0.0182741  4.56624e+08 1.03282e+07 1.90565e+07 6.92657e+06 6.89142e+06 184977 476696 303139 307935 100350 185460 128028 228194 33323.4 15378.3 196458
659354 659354 2.9791e-05 0.00263577 0.0528247 0.0436008 0.0237281 0.0179661 0.0165022 0.0161743 0.0160747 0.0159187 0.0156979 0.0155608 0.0156865 0.0159877 0.0162628 0.016378  1.52375e+08 5.94205e+07 2.3408e+06 4.51263e+06 2.79202e+06 3.67721e+06 316940 372984 521009 480023 118914 244821 168425 288236 46009.9 276051
4.64743e+06 4.64743e+06 9.61387e-05 0.00846737 0.157148 0.129872 0.072798 0.0561065 0.0519195 0.0510277 0.0507657 0.0502957 0.0496109 0.0491839 0.0495792 0.0505242 0.0513869 0.0517482  8.86717e+08 4.36045e+07 2.1583e+07 1.25162e+06 3.03135e+06 2.26764e+06 3.21767e+06 296552 332970 467753 411425 96584.3 193215 134319 237984 278298
1.62438e+06 1.62438e+06 2.40769e-05 0.00213085 0.0429361 0.0353578 0.0192019 0.0145378 0.013355 0.013091 0.0130113 0.0128856 0.0127072 0.0125964 0.0126983 0.0129424 0.0131653 0.0132586  1.30106e+08 2.3174e+08 1.53081e+07 9.10448e+06 971440 2.1449e+06 2.01565e+06 3.06306e+06 333543 315296 478716 396354 88480.8 179316 129297 511899
1.0855e+06 1.0855e+06 1.54772e-05 0.00137069 0.0279401 0.023054 0.012464 0.00940063 0.00862063 0.00844425 0.00839026 0.00830788 0.00819212 0.00812027 0.00818587 0.00834327 0.00848704 0.00854728  2.60383e+08 1.47309e+07 3.32849e+07 3.08901e+06 2.43222e+06 303978 716154 685647 1.03402e+06 109561 99220.7 143651 115372 26024.5 54733.7 205069
555363 555363 2.33633e-05 0.00206811 0.0418003 0.0345446 0.018738 0.0141497 0.0129808 0.0127168 0.012636 0.0125123 0.0123383 0.0122303 0.012329 0.012566 0.0127824 0.012873  2.45957e+08 3.39701e+07 2.51484e+06 7.60541e+06 1.70939e+06 1.97033e+06 610676 521287 765251 1.21103e+06 167138 105189 184064 146043 34063.1 337027
2.25258e+06 2.25258e+06 6.08074e-05 0.00536988 0.10415 0.0865021 0.0476779 0.036265 0.0333587 0.0327096 0.0325114 0.0321969 0.0317514 0.0314746 0.0317278 0.0323348 0.0328893 0.0331216  5.31934e+07 6.99266e+07 1.23743e+07 1.29664e+06 5.16166e+06 1.43698e+06 1.78401e+06 578260 467472 680546 1.03348e+06 136979 82654.3 147108 121017 321938
1.70804e+06 1.70804e+06 2.87383e-05 0.00254294 0.0510642 0.042195 0.0229457 0.0173553 0.0159327 0.0156128 0.0155154 0.0153643 0.0151511 0.0150188 0.0151401 0.015431 0.0156965 0.0158078  4.98424e+08 1.45167e+07 2.39202e+07 5.81152e+06 822256 3.676e+06 1.43017e+06 1.91188e+06 675672 452402 675004 982555 129123 75542 142640 445099
975350 975350 5.12607e-05 0.00452977 0.0888389 0.0737741 0.040488 0.0307168 0.0282245 0.027664 0.0274918 0.0272235 0.0268454 0.0266106 0.0268244 0.0273381 0.0278073 0.0280039  2.92275e+08 5.64335e+07 2.0842e+06 4.78773e+06 1.55189e+06 257906 1.2278e+06 486001 644337 221503 142061 202098 285351 37891 23004.7 187424
1.01667e+06 1.01667e+06 4.10529e-05 0.00362957 0.0718437 0.0593902 0.032477 0.0246439 0.022654 0.0222099 0.0220751 0.0218617 0.0215591 0.0213712 0.0215436 0.0219568 0.0223341 0.0224922  7.28514e+07 3.92827e+07 8.99217e+06 779445 2.05476e+06 1.25393e+06 211396 573729 627018 896540 343111 152809 235817 337032 48677.1 263870
4.93054e+06 4.93054e+06 0.000147967 0.0129889 0.228141 0.189598 0.108533 0.0845053 0.0785057 0.0772611 0.0768992 0.0762017 0.075173 0.0745304 0.0751258 0.0765493 0.0778486 0.0783928  9.22102e+07 2.0893e+07 1.44348e+07 4.36457e+06 538121 1.65912e+06 1.11829e+06 191133 492969 553784 760524 278427 119027 186017 275788 267723
1.68439e+06 1.68439e+06 5.84291e-05 0.00516106 0.100479 0.0835862 0.0460041 0.0349308 0.0321039 0.0314681 0.0312728 0.0309682 0.0305387 0.030272 0.0305154 0.0310994 0.0316329 0.0318563  4.90601e+08 2.46614e+07 7.42969e+06 5.93674e+06 2.09346e+06 463315 1.47388e+06 1.15593e+06 191947 402822 536595 708666 254296 105781 172663 523415
1.54199e+06 1.54199e+06 9.95013e-05 0.00876516 0.16299 0.135965 0.0761681 0.0583863 0.0538655 0.0528697 0.0525656 0.0520624 0.0513448 0.0508981 0.0513047 0.0522815 0.0531737 0.0535476  4.22128e+08 5.55445e+07 3.52548e+06 1.38035e+06 1.49884e+06 637673 151547 491647 382622 61801.8 124215 157746 202060 73259.6 31624 217893
984148 984148 3.8077e-05 0.00336771 0.067049 0.0556297 0.0303527 0.0229555 0.0210665 0.020639 0.0205074 0.0203061 0.0200235 0.019848 0.0200079 0.0203916 0.0207422 0.0208891  8.8623e+07 5.57254e+07 9.18455e+06 786874 941626 2.00661e+06 375270 247638 612414 572222 86152.5 101542 195739 255577 97830.2 324623
4.7882e+06 4.7882e+06 0.000110982 0.00975282 0.175028 0.140853 0.0799195 0.0629741 0.0589529 0.0582246 0.0580499 0.0575712 0.0568172 0.0563428 0.0568005 0.0578826 0.0588687 0.0592815  2.70176e+08 2.55272e+07 2.01402e+07 4.53562e+06 530775 805071 1.84954e+06 335393 227989 543351 488594 70081.1 78815.2 155284 210388 363484
2.08921e+06 2.08921e+06 5.4167e-05 0.00478659 0.0938192 0.0782642 0.0429635 0.0325215 0.0298442 0.029235 0.0290458 0.0287592 0.0283584 0.0281098 0.0283356 0.028878 0.0293736 0.0295813  4.1144e+08 7.32018e+07 9.20155e+06 7.58167e+06 2.1673e+06 352955 836486 2.08457e+06 318295 241500 535020 466123 64727.5 69538.9 147351 565958
1.66219e+06 1.66219e+06 5.94899e-05 0.00525477 0.102285 0.0852352 0.0469154 0.0355919 0.032695 0.0320399 0.0318368 0.0315239 0.0310848 0.0308121 0.031059 0.031653 0.0321957 0.0324231  4.06657e+08 4.6584e+07 1.04756e+07 1.73783e+06 1.95581e+06 670443 116475 280633 693083 102883 74745 157844 133371 18712.2 20861.5 224198
794419 794419 2.96016e-05 0.00261957 0.0526623 0.043666 0.0237354 0.0179152 0.0164279 0.01609 0.0159858 0.0158282 0.0156076 0.0154707 0.0155954 0.0158948 0.0161683 0.0162829  1.12316e+08 5.29251e+07 7.82121e+06 3.26533e+06 1.14519e+06 1.19294e+06 407468 93728.4 483533 1.17177e+06 123045 105031 196903 171174 25833.2 319377
4.82408e+06 4.82408e+06 0.000109544 0.00964496 0.177765 0.148914 0.0837124 0.064162 0.0591721 0.0580656 0.0577253 0.0571703 0.056382 0.0558917 0.0563378 0.0574095 0.0583884 0.0587986  2.31699e+08 3.21511e+07 1.92827e+07 3.95531e+06 2.31352e+06 977104 1.05824e+06 364413 84054.9 434830 1.0078e+06 100097 83137.5 156937 141575 298870
1.20077e+06 1.20077e+06 2.76097e-05 0.00244367 0.0492535 0.0408532 0.0221841 0.0167309 0.0153365 0.0150189 0.014921 0.0147736 0.0145676 0.0144398 0.0145562 0.0148358 0.0150912 0.0151982  2.31825e+08 6.0967e+07 1.14009e+07 8.15679e+06 2.18935e+06 1.98018e+06 1.00156e+06 1.02746e+06 341640 79972.3 443145 973363 91365.6 77263.4 149422 435069
918141 918141 3.71955e-05 0.00329012 0.0656233 0.054514 0.0297231 0.0224549 0.0205957 0.0201729 0.0200418 0.0198436 0.0195664 0.0193944 0.0195503 0.0199251 0.0202676 0.0204111  1.83238e+08 2.62492e+07 8.75856e+06 2.30252e+06 2.21467e+06 695810 666114 341709 347198 112232 25158.3 132903 283139 26853.4 23565.9 186644
381661 381661 2.00654e-05 0.00177662 0.0360568 0.029806 0.0161418 0.0121755 0.0111641 0.0109349 0.0108646 0.0107577 0.0106078 0.0105148 0.0105997 0.0108035 0.0109895 0.0110675  3.81996e+07 2.82742e+07 5.11616e+06 2.12218e+06 1.50983e+06 1.99017e+06 406606 848264 504650 410588 118959 27157.6 170269 359386 34862.1 271140
2.86791e+06 2.86791e+06 0.000110439 0.0097192 0.17795 0.147721 0.0832387 0.0642094 0.0594192 0.0583938 0.0580892 0.0575486 0.056764 0.0562747 0.0567256 0.0578049 0.0587903 0.059203  4.93298e+07 1.0926e+07 1.05881e+07 2.68741e+06 1.47719e+06 1.29993e+06 1.82084e+06 363770 781561 453588 350851 96674.6 21415.3 136470 298585 266034
730138 730138 3.47244e-05 0.00307194 0.0614173 0.0509739 0.0277672 0.0209754 0.0192394 0.0188453 0.0187238 0.0185395 0.0182813 0.0181211 0.0182671 0.0186177 0.0189379 0.019072  3.76785e+08 1.41413e+07 3.808e+06 5.12955e+06 1.56899e+06 1.05731e+06 1.33608e+06 1.94203e+06 332662 804273 451436 324183 85886.6 19207 129607 554062
630202 630202 5.59647e-05 0.0049431 0.0962066 0.0796221 0.0438257 0.0333696 0.030717 0.030129 0.0299505 0.0296623 0.0292521 0.0289971 0.0292303 0.0297897 0.0303006 0.0305146  3.33583e+08 4.26618e+07 2.02925e+06 754305 1.36924e+06 493689 353330 453449 653109 108773 251846 134763 93863.7 25126.1 5831.1 217512
478595 478595 2.20144e-05 0.00194879 0.0394232 0.0325417 0.0176455 0.0133302 0.0122322 0.0119848 0.0119094 0.0117931 0.0116292 0.0115274 0.0116206 0.0118439 0.0120479 0.0121334  6.25289e+07 4.29589e+07 7.36337e+06 911704 374773 1.97461e+06 437014 283027 706991 967085 109105 319662 167632 111329 31031.6 284661
3.39134e+06 3.39134e+06 0.000106951 0.00935469 0.157799 0.114701 0.0663495 0.0559889 0.054473 0.0547166 0.054969 0.0547167 0.054101 0.0536995 0.054157 0.0551941 0.0561329 0.0565249  5.59923e+07 1.84986e+07 1.55404e+07 3.8039e+06 664463 313727 1.83153e+06 400110 255829 636396 831976 88381.4 253123 134103 92223.5 274038
1.35249e+06 1.35249e+06 5.30333e-05 0.00468584 0.091708 0.0761567 0.0418294 0.0317503 0.0291805 0.0286035 0.0284268 0.0281504 0.0277602 0.0275179 0.0277393 0.0282706 0.0287558 0.028959  2.79515e+08 1.54873e+07 7.31977e+06 5.00795e+06 1.35617e+06 461996 250890 1.92647e+06 384399 239564 624639 773897 76311.6 226761 124582 351707
782523 782523 7.01623e-05 0.00618987 0.118178 0.0973969 0.054005 0.0414018 0.0382333 0.0375496 0.037347 0.0369965 0.0364897 0.0361739 0.036465 0.0371618 0.037798 0.0380645  5.79964e+08 3.16461e+07 2.2156e+06 1.37734e+06 1.2748e+06 414632 151566 83936.2 639597 124147 74105.5 184213 221366 22055 68010.4 149543
531074 531074 2.59081e-05 0.00229316 0.0462634 0.0383062 0.0207934 0.0156929 0.014391 0.0140958 0.014005 0.0138672 0.013674 0.0135541 0.0136635 0.0139259 0.0141656 0.0142661  3.38465e+07 7.28935e+07 5.37518e+06 891246 1.17809e+06 852250 430574 294086 121312 1.09938e+06 162570 88927.5 239670 282295 27563.1 283461
3.25434e+06 3.25434e+06 6.22724e-05 0.00549516 0.105438 0.0863109 0.0477634 0.0367042 0.0339474 0.0333644 0.0331964 0.0328914 0.0324444 0.0321655 0.0324257 0.0330464 0.0336128 0.03385  8.36052e+07 1.01722e+07 2.63228e+07 2.74552e+06 651278 1.01336e+06 765824 398398 272976 108616 947463 132595 70274.7 191684 233951 269828
1.09082e+06 1.09082e+06 3.5862e-05 0.00317167 0.0631372 0.0521523 0.0284564 0.0215725 0.0198238 0.019433 0.0193145 0.0191275 0.0188627 0.0186982 0.0188492 0.0192109 0.0195413 0.0196797  1.54787e+08 2.24406e+07 4.29101e+06 1.14564e+07 1.59398e+06 622744 1.06076e+06 787880 427976 295979 109880 929290 122970 65626.4 186484 506042
719498 719498 5.93116e-05 0.00523904 0.101988 0.0849706 0.0467682 0.0354832 0.0325967 0.0319443 0.031742 0.0314301 0.0309922 0.0307203 0.0309664 0.0315586 0.0320996 0.0323264  3.09654e+08 1.75251e+07 3.21779e+06 841118 2.99685e+06 493513 206323 358287 264123 139595 92483 32736.3 268554 35907.4 19886.7 219666
431224 431224 3.0333e-05 0.00268398 0.0538584 0.0445891 0.0242544 0.0183297 0.0168188 0.0164773 0.0163724 0.0162119 0.0159862 0.0158461 0.0159739 0.0162805 0.0165606 0.016678  2.90932e+07 4.33692e+07 3.36884e+06 952226 700006 1.74524e+06 293995 332901 504667 344885 188153 121717 39747.5 333419 45246.6 302134
3.11881e+06 3.11881e+06 0.000109035 0.00953971 0.161466 0.118369 0.0684114 0.0574258 0.0556989 0.0558708 0.0560928 0.0558178 0.0551808 0.0547667 0.0552312 0.056288 0.0572453 0.0576451  2.21906e+07 8.41308e+06 1.57644e+07 1.71911e+06 667051 590414 1.5451e+06 261735 307098 449058 294075 153158 95959.2 31609.8 275135 299880
1.16203e+06 1.16203e+06 7.13662e-05 0.00629893 0.121 0.100937 0.0558433 0.0424752 0.0390579 0.0382895 0.0380524 0.0376815 0.0371588 0.0368342 0.0371295 0.0378389 0.038487 0.0387585  1.00834e+08 7.20899e+06 3.06213e+06 5.30091e+06 659217 407006 495391 1.38681e+06 228935 314446 428742 269659 136942 86107.6 29266.6 552169
670440 670440 0.00012235 0.010767 0.196569 0.166024 0.0936845 0.0716537 0.0659794 0.0646962 0.0642907 0.0636576 0.0627713 0.0622205 0.0627133 0.0639031 0.0649907 0.0654466  2.41388e+08 1.14159e+07 1.02865e+06 550669 1.30558e+06 198208 131902 163908 455433 73130 96195 125030 76267 39131.9 25533.8 181052
462952 462952 4.50816e-05 0.00398286 0.0779624 0.063795 0.035034 0.0267989 0.0247382 0.0242959 0.0241668 0.0239416 0.0236142 0.0234102 0.0235997 0.0240521 0.0244651 0.0246381  4.67117e+07 3.12847e+07 2.48891e+06 840395 413917 932623 216791 211728 224334 604096 77276.4 133303 151805 95859.1 51330.5 268403
3.12056e+06 3.12056e+06 0.000139927 0.0122866 0.216952 0.179233 0.10238 0.0798653 0.07429 0.0731558 0.0728334 0.0721818 0.0712111 0.0706038 0.0711691 0.0725187 0.0737504 0.0742662  2.67813e+07 1.35511e+07 1.13361e+07 1.22222e+06 583438 336733 806467 195409 192608 196319 510035 61729.7 104196 119371 78337.4 273269
1.07728e+06 1.07728e+06 5.87366e-05 0.00518661 0.100529 0.0830806 0.0458019 0.0349353 0.0321856 0.0315806 0.0313986 0.0310991 0.0306708 0.0304043 0.0306492 0.0312358 0.0317714 0.0319958  1.91567e+08 8.64004e+06 5.16328e+06 4.31489e+06 738557 609587 354845 793587 200881 202211 187239 477798 54425.4 95528.6 111642 343762
775205 775205 0.000111535 0.00981361 0.179118 0.148239 0.0836255 0.0646601 0.0599101 0.0589054 0.0586085 0.0580654 0.0572733 0.0567785 0.057232 0.0583197 0.059313 0.0597292  3.05853e+08 2.16875e+07 1.23418e+06 948827 1.06287e+06 220448 197280 117703 261759 64509.5 62218.3 54932.9 135970 15649.5 28505.3 142292
320931 320931 2.18915e-05 0.00193821 0.0392981 0.0325484 0.0176337 0.0132903 0.0121805 0.0119277 0.0118496 0.0117322 0.0115682 0.0114665 0.0115589 0.0117809 0.0119837 0.0120687  4.14964e+07 4.24059e+07 4.01458e+06 826671 983684 982911 308447 416532 202000 335207 87493.7 85766.3 62977.4 171673 19833.2 224927
4.1103e+06 4.1103e+06 0.000136153 0.0119542 0.210988 0.172997 0.0988161 0.0774035 0.0721702 0.0711424 0.0708622 0.0702441 0.0693071 0.0687197 0.0692716 0.070586 0.0717852 0.0722874  6.65644e+06 1.26804e+07 1.55548e+07 2.08968e+06 623054 875145 906958 289149 389071 182407 286965 71608.6 68168.2 50212.6 142665 213037
1.28648e+06 1.28648e+06 5.85058e-05 0.00516871 0.100868 0.0842446 0.0463251 0.0350805 0.0321951 0.031538 0.0313332 0.0310233 0.0305905 0.0303219 0.030565 0.0311497 0.0316839 0.0319078  8.75787e+07 3.64984e+06 5.54963e+06 6.15988e+06 1.05407e+06 586750 969989 972274 309373 413211 182123 263209 64354.6 62147.9 46175.6 345980
564441 564441 0.000102061 0.00899239 0.167581 0.14096 0.0789104 0.0601905 0.0553782 0.0542889 0.0539458 0.0534134 0.0526683 0.0522052 0.0526197 0.0536201 0.0545347 0.0549181  2.38027e+08 9.91603e+06 522030 1.03716e+06 1.57736e+06 324900 193110 324600 322444 99740.9 127550 53584.8 75103.9 18552.6 18592.1 123072
460266 460266 3.4389e-05 0.00304248 0.0608903 0.050587 0.0275456 0.020792 0.0190634 0.0186695 0.0185475 0.0183638 0.0181073 0.0179482 0.0180926 0.0184396 0.0187567 0.0188896  1.35568e+08 3.08794e+07 3.77398e+06 574039 881585 1.63681e+06 236559 348606 614179 509844 145952 178493 69973.9 90711.7 24405.5 184488
2.99319e+06 2.99319e+06 0.000120921 0.0105817 0.179175 0.134095 0.0775471 0.0643869 0.0620405 0.0620464 0.0622069 0.0618599 0.061133 0.0606638 0.0611728 0.0623406 0.0633997 0.0638423  3.53325e+07 3.85443e+07 1.12234e+07 1.99098e+06 420267 743115 1.49865e+06 212842 321832 552703 437073 118943 140910 55740.8 74718.3 180400
1.08643e+06 1.08643e+06 3.30405e-05 0.00292179 0.0580968 0.047646 0.0260082 0.0197966 0.018233 0.0178911 0.0177898 0.0176213 0.0173791 0.0172284 0.017368 0.0177015 0.0180059 0.0181334  3.43158e+08 1.12937e+07 1.29251e+07 3.86377e+06 1.02022e+06 318829 615202 1.53722e+06 194503 331253 553813 410679 107295 127790 52219.9 246186
983879 983879 8.3253e-05 0.00734332 0.139464 0.116793 0.0649025 0.0493985 0.045423 0.0445246 0.0442439 0.0438087 0.0431984 0.0428192 0.0431606 0.0439834 0.0447353 0.0450505  4.13822e+08 3.88505e+07 1.61891e+06 2.52617e+06 992478 310615 104767 207054 514538 63401.3 103484 165000 118696 31335.9 38731.5 94801.5
514584 514584 2.37621e-05 0.00210362 0.0425728 0.0352824 0.0191287 0.0144188 0.0132148 0.0129406 0.0128558 0.0127287 0.0125509 0.0124406 0.0125409 0.0127818 0.0130019 0.0130941  2.01509e+07 5.54824e+07 6.98386e+06 914593 1.13561e+06 962705 464332 175828 237809 828451 71021 140588 219377 152740 41310.9 175791
4.94147e+06 4.94147e+06 0.000126373 0.0110928 0.195492 0.157128 0.0897565 0.0710807 0.0666933 0.0659275 0.0657524 0.0652202 0.0643711 0.0638361 0.0643543 0.0655781 0.0666932 0.0671599  1.05284e+08 5.76156e+06 2.02833e+07 3.62231e+06 674136 959419 885969 429955 161701 209359 713894 57620.5 111454 175768 126778 188419
1.32066e+06 1.32066e+06 6.28008e-05 0.00554625 0.10762 0.0897874 0.0494817 0.0375434 0.0344865 0.0337947 0.0335803 0.0332507 0.0327883 0.0325012 0.0327619 0.0333885 0.0339609 0.0342007  9.72653e+07 2.77847e+07 1.9853e+06 7.87134e+06 1.77671e+06 565167 865676 939195 435959 161958 189309 674694 50414.5 101183 165764 306883
775909 775909 6.93908e-05 0.00612648 0.118247 0.0990303 0.05469 0.0414641 0.0380645 0.0372888 0.037045 0.0366767 0.0361636 0.035845 0.0361311 0.0368209 0.0374513 0.0377156  2.78618e+08 1.10122e+07 3.97034e+06 365902 1.98473e+06 542017 184854 288434 310354 140088 49834.7 55526 191927 14489.5 30177.8 147379
257227 257227 2.35569e-05 0.00208546 0.0422091 0.0349723 0.0189599 0.0142931 0.0131005 0.0128289 0.0127451 0.012619 0.0124428 0.0123334 0.0124328 0.0126717 0.0128898 0.0129813  3.53922e+07 3.64357e+07 2.00943e+06 913647 177079 2.02902e+06 479845 284089 406503 494375 172440 59714.6 54286.1 245499 17948.1 233564
2.7652e+06 2.7652e+06 0.000107665 0.00945655 0.168669 0.133627 0.0759655 0.0604457 0.0568959 0.0563273 0.0562186 0.0557837 0.0550671 0.0546142 0.0550609 0.0561109 0.0570667 0.0574667  1.24477e+08 1.05018e+07 1.32136e+07 1.04794e+06 636159 148541 1.86757e+06 440685 261700 364966 426101 139983 47038.6 42851 203664 218481
975079 975079 4.68645e-05 0.00414322 0.0818689 0.0682385 0.0373423 0.0282241 0.0258859 0.0253525 0.0251867 0.0249374 0.0245893 0.0243735 0.0245693 0.02504 0.0254701 0.0256503  2.36449e+08 3.39949e+07 4.25454e+06 4.95125e+06 532722 403597 128193 1.98201e+06 440866 266038 361260 405299 123106 41869.9 38309 412048
943203 943203 6.7398e-05 0.00595136 0.115137 0.0964292 0.0532051 0.040315 0.0370005 0.0362432 0.0360053 0.035647 0.0351481 0.0348386 0.0351167 0.0357874 0.0364004 0.0366573  2.24408e+08 2.67717e+07 4.87044e+06 819393 1.29873e+06 166387 134043 43231.5 662163 143173 82723.8 107078 116509 35754.8 12619.5 142463
201879 201879 1.35062e-05 0.00119641 0.0244765 0.020237 0.0109255 0.00822431 0.00753463 0.00737753 0.00732914 0.00725664 0.00715526 0.0070924 0.00714967 0.00728718 0.0074128 0.00746543  2.2398e+07 2.96726e+07 4.24131e+06 1.50811e+06 759096 903493 184944 117778 54075.5 1.03345e+06 182779 103101 135465 148692 41863.8 195584
2.56641e+06 2.56641e+06 0.00010786 0.00949328 0.174161 0.144355 0.0812783 0.062718 0.0580541 0.0570594 0.0567652 0.0562384 0.0554721 0.0549942 0.055435 0.05649 0.0574531 0.0578566  1.47845e+07 6.51876e+06 1.08913e+07 2.22495e+06 1.09914e+06 664255 819423 172839 107484 48478.9 894734 149962 81883.9 108992 124063 206682
500224 500224 3.32865e-05 0.0029452 0.0590328 0.0490597 0.0266982 0.0201416 0.0184626 0.0180795 0.0179607 0.0177828 0.0175345 0.0173805 0.0175204 0.0178566 0.0181638 0.0182925  1.55553e+07 4.27605e+06 2.49177e+06 4.71179e+06 1.16082e+06 894631 686034 822578 183272 105308 47039.6 853106 135646 74104.1 103444 323269
431605 431605 0.000104526 0.00920965 0.171572 0.144901 0.0811319 0.0617572 0.0567524 0.0556071 0.0552427 0.0546916 0.0539259 0.0534506 0.0538743 0.0548983 0.0558346 0.0562271  3.5357e+08 1.76133e+06 613847 496609 1.26859e+06 367572 300042 233352 277096 60012.4 33018.8 14059.7 247306 39730.2 22523.9 135815
261360 261360 3.25592e-05 0.00288091 0.0577683 0.0479743 0.0261033 0.0196983 0.0180592 0.0176857 0.0175699 0.0173958 0.0171527 0.0170019 0.0171386 0.0174674 0.0177679 0.0178937  7.19198e+07 4.52838e+07 721135 329877 432229 1.31017e+06 193784 349382 340947 359043 84225.3 39056 17072.1 303257 48477 196173
1.67401e+06 1.67401e+06 5.13198e-05 0.00453359 0.0885254 0.0730078 0.0401334 0.0305911 0.0281797 0.0276498 0.0274908 0.0272287 0.0268535 0.0266201 0.0268346 0.0273486 0.0278179 0.0280145  1.15172e+08 2.05505e+07 1.63321e+07 383900 243863 375587 1.20308e+06 172290 318956 304093 306168 68676.1 30745.6 13583.4 250149 210807
859326 859326 2.98122e-05 0.002638 0.0529713 0.0438584 0.0238506 0.0180209 0.016534 0.0161976 0.0160944 0.0159365 0.0157146 0.0155769 0.0157025 0.016004 0.0162794 0.0163947  4.81684e+07 3.14863e+07 7.25991e+06 7.35557e+06 299128 257137 422337 1.36723e+06 163639 334144 309615 296077 65050.2 28952.2 13270.8 465056
662474 662474 5.07008e-05 0.00448143 0.088215 0.0736131 0.0403432 0.0305014 0.0279754 0.027398 0.0272171 0.0269458 0.0265681 0.0263338 0.0265444 0.0270523 0.0275164 0.027711  3.34904e+08 5.45389e+06 4.52075e+06 1.45306e+06 1.97256e+06 94217.6 86058.1 143627 460873 53639.5 104901 92667.7 85951 19080.5 8812.78 152943
421689 421689 4.11687e-05 0.00364048 0.0722462 0.0599841 0.0327696 0.0247933 0.0227557 0.0222944 0.022152 0.0219341 0.0216285 0.0214388 0.0216111 0.0220254 0.0224038 0.0225624  8.49448e+07 4.50859e+07 978146 1.49168e+06 859766 1.00694e+06 119642 153361 238003 710618 56947.5 127910 110905 103749 24966.5 201989
2.86665e+06 2.86665e+06 9.43206e-05 0.00827702 0.146202 0.111444 0.0635179 0.0517001 0.0493004 0.0490891 0.0491225 0.0488042 0.0482078 0.0478264 0.0482247 0.0491471 0.049985 0.0503353  1.72383e+07 2.41187e+07 1.63361e+07 484225 1.03144e+06 721238 872930 109409 141048 212189 605563 45835.7 100026 87582.5 85042.4 194699
967000 967000 3.64759e-05 0.00322657 0.0643926 0.0534673 0.0291459 0.0220212 0.0201995 0.0197857 0.0196579 0.0194641 0.0191927 0.0190243 0.0191775 0.0195453 0.0198814 0.0200222  2.31484e+08 1.08794e+07 8.07478e+06 6.03805e+06 214891 726041 670544 762934 111148 148714 212644 575671 41033.4 90625.4 82138.2 272885
784526 784526 8.22356e-05 0.00725413 0.137942 0.115531 0.0641709 0.048824 0.0448874 0.0439963 0.0437171 0.0432854 0.0426811 0.0423055 0.0426424 0.043455 0.0441978 0.0445092  4.44026e+08 2.62098e+07 1.56089e+06 1.59259e+06 1.60668e+06 67510.3 242353 227335 256301 36303.8 46515.1 63404.3 166480 11989.6 27479.3 112743
322774 322774 1.76264e-05 0.00156099 0.0317939 0.0263089 0.0142281 0.0107171 0.00982032 0.00961604 0.00955294 0.00945829 0.00932602 0.00924397 0.00931848 0.00949756 0.00966117 0.00972973  6.81771e+07 5.76616e+07 4.65387e+06 1.77404e+06 641906 1.10663e+06 65852.7 357982 367923 278393 47722.2 64340.6 81923.7 210918 15709.2 178514
4.09917e+06 4.09917e+06 9.76806e-05 0.00860284 0.159531 0.132041 0.0740391 0.0570283 0.0527524 0.0518369 0.0515655 0.0510849 0.0503873 0.0499522 0.0503528 0.051312 0.0521877 0.0525546  1.36528e+08 1.95882e+07 2.08957e+07 2.47364e+06 1.32912e+06 539806 999914 60994.4 332063 332745 238001 39055.3 51251 65826.9 175630 169226
778636 778636 2.39576e-05 0.00212081 0.0428882 0.0355139 0.0192598 0.0145268 0.0133181 0.0130435 0.0129589 0.0128311 0.0126521 0.012541 0.0126422 0.012885 0.0131068 0.0131998  3.90201e+08 3.7121e+07 7.07786e+06 8.48437e+06 1.52918e+06 1.22874e+06 494141 1.00411e+06 63392.8 348448 337953 220213 35423.7 47577.9 63022.5 340568
1.00751e+06 1.00751e+06 5.54419e-05 0.00489815 0.095678 0.0795684 0.0437364 0.0331878 0.030494 0.0298865 0.0296982 0.0294062 0.028996 0.0287411 0.0289711 0.0295251 0.0300313 0.0302435  1.39298e+08 4.41817e+07 5.33517e+06 1.44076e+06 2.31258e+06 486537 413865 168857 339911 20864.2 109827 101548 64178.9 10431.2 14539.1 129309
204629 204629 9.82688e-06 0.00087066 0.0178768 0.0147612 0.007958 0.00598939 0.00548721 0.00537293 0.00533775 0.00528493 0.00521105 0.00516522 0.00520692 0.00530708 0.00539858 0.00543693  4.83498e+07 2.47744e+07 7.27384e+06 1.63294e+06 1.0059e+06 1.38426e+06 559403 514491 200825 426994 27773.1 140039 127696 74520.6 12978.3 182141
3.13043e+06 3.13043e+06 0.000130175 0.0114398 0.204661 0.16967 0.0964477 0.0748636 0.0694699 0.0683427 0.0680135 0.0673919 0.0664787 0.0659083 0.0664353 0.0676962 0.0688473 0.0693295  1.12661e+07 1.51316e+07 9.24949e+06 3.87875e+06 1.19541e+06 882782 1.24666e+06 526776 471954 180717 367981 22881.1 111704 102961 62162.8 170680
837573 837573 3.52069e-05 0.00311469 0.0622838 0.0517564 0.0281915 0.0212812 0.0195123 0.0191093 0.0189845 0.0187967 0.0185343 0.0183716 0.0185195 0.0188747 0.0191993 0.0193353  4.18388e+07 3.03715e+06 7.41944e+06 4.0616e+06 2.01343e+06 934037 904286 1.19037e+06 564897 456507 175100 339049 20638.8 100972 96720.5 225497
442667 442667 8.22137e-05 0.00725338 0.138243 0.116208 0.0644924 0.0489468 0.0449407 0.0440238 0.0437339 0.0432976 0.0426912 0.0423148 0.0426515 0.0434644 0.0442076 0.0445191  5.10102e+07 4.73727e+06 435847 1.47044e+06 1.08751e+06 635337 312575 307088 400416 184724 142942 52265.7 98154.3 6036.9 30649 102330
190714 190714 3.05102e-05 0.00269989 0.0542415 0.0450064 0.0244703 0.018466 0.0169306 0.0165811 0.0164731 0.0163102 0.0160824 0.0159411 0.0160695 0.0163779 0.0166597 0.0167777  2.196e+07 8.6652e+06 849755 119108 2.0453e+06 1.18585e+06 493434 368419 495905 487335 270501 152211 63420.3 116945 7877.5 168501
941013 941013 0.000100308 0.00883451 0.163818 0.136237 0.0763993 0.0586984 0.0542193 0.0532448 0.0529512 0.0524509 0.0517316 0.0512836 0.0516942 0.0526787 0.0535777 0.0539543  1.20986e+08 6.28791e+06 3.1944e+06 438557 83394.1 1.78857e+06 1.08115e+06 451253 337145 445598 415418 221225 118963 50527.5 96494.9 152621
785292 785292 5.82353e-05 0.00514436 0.100274 0.083546 0.0459612 0.0348594 0.0320193 0.0313773 0.0311788 0.0308732 0.0304439 0.0301775 0.0304198 0.0310019 0.0315337 0.0317565  5.12911e+08 4.44951e+07 2.21941e+06 1.42597e+06 279078 66983.1 1.98246e+06 1.15908e+06 465394 347781 455434 391487 206571 105877 48337.7 246124
1.15086e+06 1.15086e+06 6.39754e-05 0.00565006 0.109634 0.0916699 0.0505201 0.0382865 0.0351456 0.0344299 0.0342059 0.0338666 0.0333932 0.0330993 0.0333639 0.0340014 0.034584 0.0348282  9.17031e+07 5.80712e+07 6.3624e+06 413553 362237 85437.1 21967.6 662250 384011 149943 107302 133950 111671 59534.7 31665.3 92324.6
726970 726970 2.78322e-05 0.00246333 0.0496391 0.0411765 0.0223616 0.0168649 0.0154591 0.0151389 0.01504 0.0148912 0.0146833 0.0145544 0.0146716 0.0149534 0.0152107 0.0153185  3.63557e+07 1.25681e+07 9.48759e+06 4.23168e+06 250518 289206 106067 23990.7 1.07922e+06 540629 200406 135246 172872 135904 78204.1 154358
1.76713e+06 1.76713e+06 9.14633e-05 0.00806527 0.15234 0.128409 0.071514 0.0543136 0.0498727 0.0488549 0.0485332 0.0480502 0.047379 0.0469627 0.0473369 0.0482388 0.0490632 0.0494086  1.94102e+07 1.06318e+07 4.63272e+06 4.82875e+06 3.07781e+06 213968 258787 99108.8 21888.5 968062 462419 163753 106806 138122 112395 200715
614649 614649 3.65612e-05 0.00323428 0.0645943 0.0537073 0.0292684 0.0220941 0.0202569 0.0198382 0.0197089 0.0195145 0.0192427 0.0190742 0.019228 0.0195971 0.0199342 0.0200753  2.66421e+07 8.0183e+06 4.13697e+06 2.21755e+06 2.88822e+06 2.87815e+06 221798 258486 110263 22344 981358 440011 152561 98995 133421 311543
445321 445321 8.21545e-05 0.00724805 0.138115 0.116052 0.0644104 0.0488976 0.044902 0.0439888 0.0437005 0.0432653 0.0426598 0.042284 0.0426206 0.043433 0.0441757 0.044487  9.02782e+07 3.01671e+06 1.15053e+06 817428 592808 910891 962664 75274.4 86893.8 36034.3 6992.5 292781 127326 44605.9 30037 141259
