 1 -5.69002
 2 -5.57193
 3 -5.40609
 4 -5.58181
 5 -6.64103
 6 -5.16123
 7 -4.64494
 8 -5.00704
 9 -4.85516
 10 -5.03783
 11 -5.28437
 12 -5.25505
 13 -4.94228
 14 -3.94921
 15 -4.80684
 16 -4.73176
 17 -5.236
 18 -5.04399
 19 -5.63136
 20 -5.07491
 21 -5.06078
 22 -4.4996
 23 -4.36414
 24 -4.56204
 25 -4.64535
 26 -4.79545
 27 -4.93078
 28 -4.5349
 29 -4.86041
 30 -4.94005
 31 -4.6383
 32 -4.58668
 33 -4.76116
 34 -4.93682
 35 -5.17499
 36 -4.56687
 37 -4.76612
 38 -5.2606
 39 -4.65499
 40 -4.58041
 41 -4.74594
 42 -5.17453
 43 -4.63765
 44 -4.40177
 45 -5.01375
 46 -4.63247
 47 -4.45859
 48 -4.57558
 49 -4.79709
 50 -5.32401
 51 -4.696
 52 -4.29572
 53 -4.19284
 54 -4.32042
 55 -4.57536
 56 -4.89719
 57 -4.82998
 58 -4.93605
 59 -4.7216
 60 -4.89426
 61 -4.44183
 62 -5.05785
 63 -4.68168
 64 -4.84019
 65 -4.94244
 66 -5.1827
 67 -4.90088
 68 -4.89394
 69 -4.56684
 70 -4.66688
 71 -4.47153
 72 -4.50304
 73 -4.46061
 74 -4.80382
 75 -4.54599
 76 -4.48087
 77 -4.79641
 78 -4.64519
 79 -4.49077
 80 -4.83112
 81 -4.49545
 82 -4.68257
 83 -4.30935
 84 -4.48466
 85 -4.40515
 86 -4.44385
 87 -4.38415
 88 -4.74548
 89 -4.56285
 90 -4.87718
 91 -4.97704
 92 -4.55457
 93 -4.35363
 94 -4.68407
 95 -4.40169
 96 -4.49051
 97 -4.12265
 98 -4.32975
 99 -3.84671
 100 -3.81365
 101 -4.19354
 102 -4.25702
 103 -4.20083
 104 -4.82617
 105 -4.28423
 106 -3.70045
 107 -4.20448
 108 -4.08382
 109 -3.8403
 110 -4.21521
 111 -4.30086
 112 -4.29994
 113 -4.20623
 114 -3.86237
 115 -3.96056
 116 -3.80277
 117 -3.56938
 118 -3.50812
 119 -3.96523
 120 -3.69629
 121 -4.06733
 122 -4.31506
 123 -4.44968
 124 -3.59128
 125 -3.97929
 126 -3.91989
 127 -3.8644
 128 -3.70085
 129 -3.56002
 130 -3.87672
 131 -4.26671
 132 -3.98569
 133 -4.01269
 134 -4.00956
 135 -4.16689
 136 -3.8415
 137 -4.21337
 138 -4.69456
 139 -4.3427
 140 -4.06587
 141 -4.03023
 142 -3.95335
 143 -4.09269
 144 -4.30326
 145 -4.17312
 146 -4.12925
 147 -4.01413
 148 -3.5373
 149 -3.81777
 150 -3.76294
 151 -3.76374
 152 -3.6865
 153 -3.64626
 154 -4.06896
 155 -3.94425
 156 -3.93257
 157 -3.72121
 158 -3.92921
 159 -3.62733
 160 -3.86382
 161 -4.00954
 162 -3.24053
 163 -3.75905
 164 -3.50637
 165 -3.45344
 166 -3.93236
 167 -3.80267
 168 -3.27678
