 1 -6.89454
 2 -6.94845
 3 -7.16899
 4 -7.71339
 5 -7.43514
 6 -7.07621
 7 -7.6927
 8 -7.66318
 9 -6.91138
 10 -7.29867
 11 -6.90254
 12 -7.16658
 13 -7.02475
 14 -6.38905
 15 -7.00758
 16 -7.19772
 17 -7.33822
 18 -7.07065
 19 -6.80924
 20 -7.09217
 21 -7.0814
 22 -6.77994
 23 -6.56367
 24 -6.85999
 25 -7.3024
 26 -7.7324
 27 -6.70435
 28 -6.66517
 29 -6.80655
 30 -7.06312
 31 -7.1205
 32 -6.76198
 33 -6.92164
 34 -7.46594
 35 -7.016
 36 -7.30865
 37 -7.48961
 38 -6.30983
 39 -6.69809
 40 -6.47296
 41 -7.23216
 42 -6.6772
 43 -7.0279
 44 -7.72305
 45 -7.05419
 46 -6.67417
 47 -6.55524
 48 -6.73613
 49 -6.72192
 50 -6.6654
 51 -6.48928
 52 -6.78423
 53 -6.62248
 54 -6.1583
 55 -6.25308
 56 -6.57478
 57 -7.23907
 58 -6.27918
 59 -6.31331
 60 -6.35941
 61 -6.50614
 62 -7.22622
 63 -6.67316
 64 -6.8106
 65 -7.34853
 66 -7.19551
 67 -7.23679
 68 -5.89805
 69 -5.96971
 70 -6.04972
 71 -6.22948
 72 -6.4904
 73 -6.20432
 74 -6.15365
 75 -5.35499
 76 -5.46717
 77 -6.43154
 78 -6.41348
 79 -6.87124
 80 -7.22468
 81 -6.97124
 82 -6.60442
 83 -6.7904
 84 -6.96312
 85 -7.36933
 86 -6.5563
 87 -6.71179
 88 -6.91195
 89 -6.80009
 90 -6.22451
 91 -5.85119
 92 -6.90408
 93 -6.74365
 94 -6.50285
 95 -6.79136
 96 -6.88977
 97 -6.84439
 98 -6.14427
 99 -7.78748
 100 -8.09388
 101 -6.90918
 102 -6.6117
 103 -7.11566
 104 -6.80911
 105 -6.90176
 106 -7.0047
 107 -7.07163
 108 -7.17631
 109 -7.62725
 110 -8.09798
 111 -7.58044
 112 -7.04298
 113 -7.23734
 114 -7.78425
 115 -6.25761
 116 -6.23932
 117 -6.9778
 118 -7.07313
 119 -6.42812
 120 -6.35011
 121 -6.55045
 122 -6.77855
 123 -6.53324
 124 -7.2191
 125 -7.95199
 126 -7.45305
 127 -6.07105
 128 -5.87725
 129 -6.81349
 130 -6.16284
 131 -6.16725
 132 -6.98396
 133 -7.01492
 134 -6.89664
 135 -6.2541
 136 -6.0595
 137 -6.2578
 138 -7.00028
 139 -6.35011
 140 -7.35215
 141 -5.41927
 142 -6.81187
 143 -5.50687
 144 -6.93693
 145 -5.70198
 146 -5.9361
 147 -5.77987
 148 -4.98586
 149 -5.82876
 150 -5.57822
 151 -6.71646
 152 -5.84673
 153 -6.11148
 154 -5.9135
 155 -6.10708
 156 -5.62198
 157 -6.47248
 158 -4.90704
 159 -5.81807
 160 -4.74463
 161 -5.51379
 162 -5.96176
 163 -5.69267
 164 -5.25503
 165 -7.07972
 166 -7.17799
 167 -6.24278
 168 -6.52069
