 1 -7.74302
 2 -7.87817
 3 -7.2032
 4 -8.02646
 5 -7.41254
 6 -8.05515
 7 -7.60773
 8 -7.32178
 9 -7.83883
 10 -7.29927
 11 -5.50633
 12 -8.50118
 13 -7.56998
 14 -7.3752
 15 -7.25392
 16 -6.76009
 17 -8.21252
 18 -7.42023
 19 -7.18739
 20 -7.6153
 21 -7.2725
 22 -6.78627
 23 -7.61249
 24 -8.28483
 25 -7.71551
 26 -7.93612
 27 -8.35715
 28 -7.6376
 29 -7.09527
 30 -6.76806
 31 -7.26652
 32 -7.28985
 33 -7.07724
 34 -7.17708
 35 -7.76624
 36 -7.25718
 37 -7.06288
 38 -6.80384
 39 -7.35093
 40 -7.46459
 41 -7.63202
 42 -7.20357
 43 -7.88849
 44 -6.63782
 45 -8.75995
 46 -6.71194
 47 -7.60439
 48 -7.88301
 49 -7.45971
 50 -6.88803
 51 -6.68401
 52 -7.59316
 53 -6.8535
 54 -6.93873
 55 -7.76783
 56 -7.03582
 57 -7.80589
 58 -7.73587
 59 -7.39409
 60 -8.33339
 61 -6.99372
 62 -6.67181
 63 -5.97829
 64 -6.51731
 65 -6.94457
 66 -5.55616
 67 -5.87847
 68 -7.01431
 69 -6.79411
 70 -7.4325
 71 -8.40141
 72 -7.15401
 73 -6.68935
 74 -7.41157
 75 -6.58794
 76 -6.86622
 77 -7.44185
 78 -6.57606
 79 -6.7365
 80 -6.38868
 81 -6.16099
 82 -6.5544
 83 -6.68053
 84 -6.70338
 85 -6.0044
 86 -7.29901
 87 -6.51411
 88 -6.99712
 89 -6.70406
 90 -6.56868
 91 -6.51951
 92 -5.93891
 93 -6.4726
 94 -6.40682
 95 -6.70293
 96 -6.49069
 97 -5.99447
 98 -5.36114
 99 -6.63815
 100 -6.91004
 101 -6.74471
 102 -7.10275
 103 -6.90001
 104 -4.91963
 105 -6.57172
 106 -6.45211
 107 -6.38791
 108 -6.08128
 109 -5.92743
 110 -7.04035
 111 -5.38708
 112 -6.01729
 113 -6.30039
 114 -6.75829
 115 -6.13208
 116 -6.20395
 117 -6.09418
 118 -7.00627
 119 -6.94411
 120 -6.3932
 121 -6.07681
 122 -6.55312
 123 -6.63428
 124 -7.10826
 125 -6.39043
 126 -6.32652
 127 -7.21398
 128 -7.68241
 129 -6.38035
 130 -7.22203
 131 -7.23599
 132 -6.59433
 133 -5.92395
 134 -6.44714
 135 -7.20404
 136 -6.26155
 137 -5.70702
 138 -5.9697
 139 -6.33062
 140 -7.03263
 141 -5.6817
 142 -6.11116
 143 -6.94635
 144 -5.47358
 145 -5.94972
 146 -6.00325
 147 -6.73171
 148 -5.70999
 149 -6.40643
