 1 -3.39365
 2 -3.30328
 3 -3.38697
 4 -3.26927
 5 -3.30884
 6 -3.28991
 7 -3.38621
 8 -3.23898
 9 -3.25044
 10 -3.21344
 11 -3.35038
 12 -3.23747
 13 -3.23721
 14 -3.21953
 15 -3.3247
 16 -3.16776
 17 -3.01969
 18 -3.02788
 19 -3.18961
 20 -3.0528
 21 -2.96882
 22 -2.88619
 23 -2.94628
 24 -2.85873
 25 -2.8589
 26 -2.7588
 27 -2.7982
 28 -2.72766
 29 -2.80739
 30 -2.84162
 31 -3.10343
 32 -3.09414
 33 -3.09353
 34 -3.05892
 35 -3.15826
 36 -2.99148
 37 -2.96314
 38 -2.99119
 39 -3.04492
 40 -2.74337
 41 -2.62732
 42 -2.68173
 43 -2.85999
 44 -2.72039
 45 -2.86996
 46 -2.70764
 47 -2.84421
 48 -2.76551
 49 -2.89848
 50 -2.80754
 51 -3.00389
 52 -2.94802
 53 -2.72102
 54 -2.5742
 55 -2.83335
 56 -2.88721
 57 -2.78216
 58 -2.55283
 59 -2.3701
 60 -2.12104
 61 -2.24971
 62 -2.29712
 63 -2.5851
 64 -2.89387
 65 -2.63463
 66 -2.21028
 67 -2.29666
 68 -2.41995
