 1 -6.30987
 2 -4.95341
 3 -4.83438
 4 -4.74689
 5 -4.19929
 6 -4.67235
 7 -4.87233
 8 -4.24532
 9 -5.01969
 10 -4.19155
 11 -4.45623
 12 -4.36664
 13 -5.10556
 14 -3.92819
 15 -3.88451
 16 -4.11218
 17 -4.72849
 18 -4.12099
 19 -4.45244
 20 -4.66808
 21 -4.28218
 22 -4.09345
 23 -4.28806
 24 -3.93285
 25 -3.60625
 26 -4.04632
 27 -4.33438
 28 -4.02315
 29 -3.64799
 30 -3.92566
 31 -4.44723
 32 -4.08636
 33 -4.46716
 34 -3.7753
 35 -4.41434
 36 -4.00056
 37 -3.74148
 38 -4.5194
 39 -4.53976
 40 -3.91822
 41 -4.24925
 42 -4.1495
 43 -4.0615
 44 -3.85639
 45 -4.47004
 46 -3.80099
 47 -4.63699
 48 -4.1542
 49 -4.32189
 50 -3.77421
 51 -4.03113
 52 -4.15117
 53 -3.49424
 54 -3.73827
 55 -4.21659
 56 -3.80884
 57 -3.78939
 58 -4.0508
 59 -4.39477
 60 -4.07322
 61 -4.5944
 62 -4.07169
 63 -4.19349
 64 -4.08331
 65 -5.06404
 66 -4.40967
 67 -4.44156
 68 -4.62037
 69 -4.01782
 70 -4.34407
 71 -3.76859
 72 -3.88953
 73 -3.79289
 74 -4.18122
 75 -4.05984
 76 -4.11496
 77 -3.73715
 78 -3.64716
 79 -4.01239
 80 -3.81716
 81 -3.79525
 82 -3.77633
 83 -4.38453
 84 -4.19567
 85 -4.05247
 86 -4.04692
 87 -3.96662
 88 -3.79056
 89 -4.28483
 90 -3.70837
 91 -4.05378
 92 -3.98954
 93 -1.58958
 94 -3.43001
 95 -3.49529
 96 -2.94789
 97 -2.85948
 98 -3.26723
 99 -3.52707
 100 -3.19516
 101 -2.37315
 102 -3.75995
 103 -3.97257
 104 -3.09811
 105 -2.62072
 106 -3.69069
 107 -3.29552
 108 -3.13078
 109 -3.2886
 110 -3.24245
 111 -2.94229
 112 -3.2054
 113 -2.67753
 114 -3.55735
 115 -3.77037
 116 -3.08671
 117 -2.97497
 118 -3.28238
 119 -3.61331
 120 -3.75515
 121 -2.64477
 122 -3.45765
 123 -3.47199
 124 -3.394
 125 -1.97207
 126 -2.82025
 127 -3.03416
 128 -2.65664
 129 -2.58066
 130 -3.42541
 131 -2.99918
 132 -3.27683
 133 -2.78997
 134 -3.18024
 135 -3.40925
 136 -3.05982
 137 -2.78739
 138 -3.15915
 139 -2.89856
 140 -2.6191
 141 -3.22336
 142 -3.41992
 143 -2.83738
 144 -2.68296
 145 -2.63588
 146 -3.07391
 147 -3.02999
 148 -2.28984
 149 -2.56503
 150 -2.98551
 151 -2.80768
 152 -2.22042
 153 -2.41558
 154 -2.68264
 155 -2.64094
 156 -1.76357
 157 -2.97243
 158 -2.78109
 159 -3.14968
 160 -2.74924
 161 -2.84861
 162 -3.0521
 163 -3.25841
 164 -2.72509
 165 -2.88517
 166 -2.79242
 167 -2.72098
 168 -3.08741
 169 -3.15767
 170 -3.0474
 171 -2.90408
 172 -2.55892
 173 -2.95401
 174 -2.68633
 175 -3.05175
 176 -2.47947
 177 -2.55335
 178 -3.45125
 179 -3.28044
 180 -3.22399
 181 -2.90575
 182 -3.08827
 183 -3.16258
 184 -3.24338
 185 -3.74889
 186 -3.18502
 187 -3.41351
 188 -3.23346
 189 -4.21052
 190 -3.30365
 191 -3.08592
 192 -2.87837
 193 -3.11206
 194 -2.73694
 195 -2.6704
 196 -2.7431
 197 -3.20042
 198 -2.9528
 199 -2.81274
 200 -1.35011
