 1 -5.71294
 2 -5.54125
 3 -5.83931
 4 -5.53543
 5 -6.2851
 6 -5.95791
 7 -5.51316
 8 -5.09182
 9 -4.94939
 10 -5.01833
 11 -5.29179
 12 -5.17331
 13 -5.19213
 14 -5.03414
 15 -5.11451
 16 -5.41481
 17 -5.55861
 18 -5.35328
 19 -5.63112
 20 -5.40435
 21 -6.10507
 22 -5.89417
 23 -5.6397
 24 -6.04932
 25 -6.10049
 26 -5.69225
 27 -5.51838
 28 -5.28831
 29 -5.32742
 30 -5.35885
 31 -5.49547
 32 -5.33222
 33 -5.72687
 34 -5.71392
 35 -5.31759
 36 -5.11653
 37 -5.21541
 38 -5.11389
 39 -5.34072
 40 -5.5065
 41 -5.35241
 42 -5.3006
 43 -5.63495
 44 -5.51943
 45 -5.88834
 46 -5.39502
 47 -5.2445
 48 -5.15808
 49 -5.23648
 50 -5.01102
 51 -5.20597
 52 -5.2005
 53 -5.49136
 54 -5.44805
 55 -5.31545
 56 -5.18614
 57 -5.24816
 58 -5.31498
 59 -5.12056
 60 -5.13933
 61 -5.36218
 62 -5.22868
 63 -5.43151
 64 -6.13615
 65 -5.97283
 66 -6.00655
 67 -5.47102
 68 -5.4394
 69 -5.54996
 70 -5.37647
 71 -4.87271
 72 -5.29412
 73 -5.884
 74 -5.74603
 75 -5.71191
 76 -5.74969
 77 -5.25895
 78 -5.10299
 79 -4.76191
 80 -4.37921
 81 -5.73502
 82 -5.07523
 83 -4.80133
 84 -5.73301
 85 -5.8907
 86 -5.22435
 87 -5.134
 88 -5.94625
 89 -5.20054
 90 -5.18154
 91 -5.43904
 92 -5.6517
 93 -5.41183
 94 -5.23457
 95 -5.28198
 96 -5.40178
 97 -6.4997
 98 -5.84999
 99 -5.39963
 100 -5.35542
 101 -5.43781
 102 -5.13912
 103 -5.09052
 104 -4.6906
 105 -5.61398
 106 -5.30812
 107 -5.54778
 108 -5.33599
 109 -5.44769
 110 -5.09803
 111 -5.30036
 112 -5.69185
 113 -5.66376
 114 -5.64556
 115 -4.13383
 116 -4.58722
 117 -3.79609
 118 -5.18808
 119 -5.24451
 120 -5.11801
 121 -5.20413
 122 -5.1776
 123 -4.81557
 124 -4.73095
 125 -5.00457
 126 -5.08137
 127 -4.94131
 128 -5.31795
 129 -4.94994
 130 -5.18377
 131 -5.7669
 132 -5.6884
 133 -5.54973
 134 -5.31903
 135 -6.12913
 136 -5.13696
 137 -4.99569
 138 -4.76711
 139 -6.00289
 140 -5.54372
 141 -5.38894
 142 -5.35228
 143 -6.25132
 144 -5.58349
 145 -5.19957
 146 -5.13414
 147 -3.84341
 148 -5.14607
 149 -5.11273
 150 -4.72319
 151 -5.01686
 152 -5.51322
 153 -4.54393
 154 -4.43237
 155 -4.35896
 156 -5.16979
 157 -4.87024
 158 -4.67547
 159 -5.02829
 160 -5.01371
 161 -5.27501
 162 -5.18585
 163 -4.01581
 164 -6.09724
 165 -5.23657
 166 -5.61509
 167 -6.08033
 168 -5.4487
 169 -4.84229
 170 -5.32322
 171 -6.14783
 172 -5.88752
 173 -5.12668
 174 -5.82414
 175 -6.27547
 176 -5.77543
 177 -5.14072
 178 -5.22048
 179 -5.75876
 180 -4.59943
 181 -4.71045
 182 -5.22827
 183 -5.33311
 184 -4.99922
 185 -4.70961
