 1 -4.56386
 2 -3.91175
 3 -4.01896
 4 -4.15278
 5 -4.18182
 6 -3.74489
 7 -3.89233
 8 -4.06914
 9 -4.07735
 10 -3.86854
 11 -4.00793
 12 -4.3758
 13 -3.85358
 14 -5.14928
 15 -4.97343
 16 -4.88781
 17 -4.36254
 18 -3.78194
 19 -4.00907
 20 -4.12564
 21 -3.94401
 22 -4.37239
 23 -4.29441
 24 -4.50605
 25 -3.78743
 26 -4.42282
 27 -4.80754
 28 -4.73483
 29 -4.41631
 30 -4.30031
 31 -4.56555
 32 -4.54722
 33 -4.20764
 34 -3.88091
 35 -3.94875
 36 -3.95416
 37 -3.92463
 38 -3.86945
 39 -4.60383
 40 -4.93101
 41 -4.43548
 42 -4.31678
 43 -4.17472
 44 -4.64141
 45 -4.73818
 46 -4.56723
 47 -4.4126
 48 -3.97464
 49 -3.74315
 50 -3.88136
 51 -4.21405
 52 -3.88652
 53 -3.77542
 54 -3.68111
 55 -3.45728
 56 -3.5835
 57 -3.51218
 58 -3.7956
 59 -3.77919
 60 -3.66349
 61 -3.71891
 62 -4.13118
 63 -3.96128
 64 -3.9966
 65 -3.80135
 66 -3.65239
 67 -3.6852
 68 -4.02582
 69 -3.74741
 70 -3.77024
 71 -4.20895
 72 -4.4561
 73 -3.91473
 74 -3.8757
 75 -4.13546
 76 -4.55441
 77 -4.60053
 78 -4.22959
 79 -3.98853
 80 -3.55836
 81 -3.49261
 82 -4.0044
 83 -4.68354
 84 -4.79613
 85 -4.127
 86 -3.87004
 87 -4.24516
