 1 -4.62363
 2 -4.50457
 3 -4.54981
 4 -4.43032
 5 -4.56278
 6 -4.52127
 7 -4.60115
 8 -4.49066
 9 -4.50956
 10 -4.43773
 11 -4.48662
 12 -4.46224
 13 -4.48263
 14 -4.43869
 15 -4.57148
 16 -4.42906
 17 -4.72964
 18 -4.74506
 19 -4.87377
 20 -4.83222
 21 -4.78922
 22 -4.56996
 23 -4.66933
 24 -4.51365
 25 -4.83932
 26 -4.74036
 27 -4.77142
 28 -4.70535
 29 -4.30574
 30 -4.26455
 31 -4.51416
 32 -4.61816
 33 -4.65155
 34 -4.61034
 35 -4.62013
 36 -4.49133
 37 -4.15984
 38 -4.26665
 39 -4.43684
 40 -4.17715
 41 -4.49337
 42 -4.20916
 43 -4.22618
 44 -4.2932
 45 -4.39474
 46 -4.06614
 47 -4.19209
 48 -4.36031
 49 -4.39005
 50 -4.03155
 51 -4.24122
 52 -4.40398
 53 -4.4778
 54 -4.24311
 55 -3.9151
 56 -3.72063
 57 -3.58542
 58 -3.75889
 59 -4.09164
 60 -4.59836
 61 -4.35877
 62 -3.73626
 63 -3.71259
 64 -3.93133
