 1 -3.55632
 2 -3.10129
 3 -3.10476
 4 -3.45677
 5 -3.62655
 6 -3.27113
 7 -3.42154
 8 -3.31172
 9 -3.46074
 10 -2.95194
 11 -3.62077
 12 -3.21574
 13 -3.95259
 14 -3.79558
 15 -3.46145
 16 -3.69507
 17 -4.91064
 18 -4.43716
 19 -5.09325
 20 -5.51708
 21 -5.04902
 22 -4.74098
 23 -6.70168
 24 -4.87342
 25 -5.20762
 26 -7.91254
 27 -8.67617
 28 -5.9304
 29 -4.00271
 30 -4.94375
 31 -6.79175
 32 -5.991
 33 -4.47977
 34 -3.96615
 35 -4.27859
 36 -4.10539
 37 -4.43822
 38 -3.81981
 39 -3.94809
 40 -4.05264
 41 -4.48487
 42 -4.01807
 43 -4.45955
 44 -4.57834
 45 -4.60448
 46 -3.94447
 47 -3.93495
 48 -3.90441
 49 -4.10123
 50 -3.49909
 51 -3.66469
 52 -3.94598
 53 -4.36542
 54 -3.274
 55 -3.21485
 56 -3.87597
 57 -3.83348
 58 -3.23393
 59 -3.34272
 60 -3.88678
 61 -4.02361
 62 -3.0791
 63 -3.27556
 64 -3.79671
 65 -4.04017
 66 -3.15353
 67 -3.48997
 68 -3.25849
 69 -3.32851
 70 -3.09145
 71 -4.27866
 72 -4.67044
 73 -5.21941
 74 -4.20822
 75 -3.76745
 76 -3.47967
 77 -4.25527
 78 -4.08874
 79 -3.51874
 80 -4.11868
 81 -4.00691
 82 -2.86462
 83 -3.50398
 84 -3.78944
 85 -4.64773
 86 -4.16541
 87 -4.80651
 88 -4.31422
 89 -4.72191
 90 -4.06261
 91 -4.19272
 92 -3.92425
 93 -4.10243
 94 -3.91364
 95 -3.75218
 96 -3.5586
 97 -4.10885
 98 -3.30043
 99 -3.26761
 100 -3.83352
 101 -4.02914
 102 -3.76078
 103 -3.45421
 104 -4.45737
 105 -4.10768
 106 -3.13986
 107 -4.89494
 108 -3.61565
 109 -3.80891
 110 -4.62311
 111 -4.38571
 112 -5.22787
 113 -3.83122
 114 -3.54755
 115 -3.6151
 116 -4.80476
 117 -3.87846
 118 -3.63126
 119 -4.37905
 120 -3.857
 121 -4.10875
 122 -3.78185
 123 -3.94935
 124 -4.07687
 125 -3.6104
 126 -3.257
 127 -2.94135
 128 -3.96782
 129 -4.45758
 130 -4.18877
 131 -5.44558
 132 -3.85346
 133 -4.08362
 134 -3.45196
 135 -2.50614
 136 -4.3224
 137 -3.99578
 138 -3.2921
 139 -3.54504
 140 -3.64343
 141 -3.6135
 142 -4.12186
 143 -3.70082
 144 -3.72807
 145 -3.92055
 146 -3.53644
 147 -4.51952
 148 -4.92979
 149 -4.17372
 150 -3.50505
 151 -4.02891
 152 -4.50816
 153 -4.05474
 154 -3.34484
 155 -3.14447
 156 -4.31764
 157 -4.16639
 158 -3.9181
 159 -5.49851
 160 -3.92526
 161 -4.01826
 162 -3.14728
 163 -3.5964
 164 -3.86561
 165 -3.98822
 166 -3.39874
 167 -4.67371
 168 -3.91483
 169 -3.96646
 170 -3.41887
 171 -3.82304
 172 -3.38321
 173 -3.67765
 174 -3.44147
 175 -3.63462
 176 -3.82289
 177 -3.86909
 178 -3.2862
 179 -3.37823
 180 -3.84195
 181 -3.83033
 182 -3.31925
 183 -3.34546
 184 -3.61037
 185 -3.5153
 186 -2.81927
 187 -2.89858
 188 -3.27266
 189 -3.57638
 190 -3.21842
 191 -3.09919
 192 -4.75895
 193 -3.42558
 194 -3.03856
 195 -3.00859
 196 -3.36536
 197 -3.78687
 198 -3.35179
 199 -3.2263
 200 -3.40754
