 1 -5.83771
 2 -5.85929
 3 -4.52475
 4 -6.64073
 5 -5.75814
 6 -5.53722
 7 -5.65016
 8 -5.11421
 9 -5.22585
 10 -5.90697
 11 -5.02272
 12 -3.79082
 13 -5.70918
 14 -5.76175
 15 -4.55963
 16 -5.14736
 17 -5.6821
 18 -3.86256
 19 -4.76691
 20 -5.21531
 21 -6.35635
 22 -4.61426
 23 -4.03846
 24 -5.45999
 25 -4.70332
 26 -5.38614
 27 -4.72846
 28 -4.82271
 29 -4.6966
 30 -4.77406
 31 -5.22127
 32 -5.39045
 33 -5.24943
 34 -4.95128
 35 -4.98163
 36 -5.08677
 37 -5.00777
 38 -4.81355
 39 -5.4162
 40 -5.18657
 41 -4.7763
 42 -4.95262
 43 -4.80218
 44 -5.02877
 45 -5.60173
 46 -5.15941
 47 -5.07309
 48 -4.31547
 49 -4.76984
 50 -4.64886
 51 -4.48836
 52 -4.51878
 53 -4.89782
 54 -4.46786
 55 -4.14349
 56 -3.90921
 57 -4.2616
 58 -4.46952
 59 -5.06511
 60 -4.88733
 61 -4.51624
 62 -4.55132
 63 -5.30924
 64 -4.44395
 65 -4.49651
 66 -4.60146
 67 -4.86347
 68 -5.11352
 69 -4.17385
 70 -4.35476
 71 -4.55561
 72 -4.44845
 73 -4.26655
 74 -3.96043
 75 -3.95531
 76 -4.25594
 77 -4.47138
 78 -4.45286
 79 -4.11738
 80 -3.75866
 81 -4.71312
 82 -5.23487
 83 -4.3825
 84 -4.65948
 85 -3.69649
 86 -4.7794
 87 -4.6581
 88 -3.90027
 89 -3.54642
 90 -4.52241
 91 -4.37878
 92 -4.33216
 93 -4.22997
 94 -3.9202
 95 -4.30658
 96 -3.99106
 97 -3.65553
 98 -4.42814
 99 -4.28796
 100 -4.46184
 101 -3.85383
 102 -3.85673
 103 -4.78004
 104 -3.69821
 105 -4.14323
 106 -3.69703
 107 -4.03724
 108 -3.88801
 109 -4.11781
 110 -3.97527
 111 -3.9676
 112 -3.69634
 113 -4.07366
 114 -4.19498
 115 -4.32511
 116 -4.52926
 117 -4.40869
 118 -3.9362
 119 -4.09933
 120 -3.94006
 121 -4.27533
 122 -4.16864
 123 -3.88447
 124 -4.50114
 125 -4.00565
 126 -4.10396
 127 -4.34024
 128 -3.83049
 129 -4.63623
 130 -3.82419
 131 -4.16634
 132 -3.71943
 133 -3.85234
 134 -3.35567
 135 -3.93498
 136 -3.87118
 137 -3.75222
 138 -3.71827
 139 -3.86077
 140 -3.79317
 141 -3.91183
 142 -3.87369
 143 -3.81665
 144 -3.77482
 145 -3.68878
 146 -3.88545
 147 -4.25519
 148 -4.00233
 149 -3.8044
 150 -3.92767
 151 -4.12286
 152 -4.06912
 153 -3.96752
 154 -4.12802
 155 -4.36221
 156 -3.89003
 157 -4.46439
 158 -4.44054
 159 -3.99772
 160 -3.86817
 161 -3.89259
 162 -3.72728
 163 -3.84319
 164 -3.96495
 165 -3.78377
 166 -3.61819
 167 -3.7314
 168 -3.71326
 169 -4.23873
 170 -3.99115
 171 -3.71025
 172 -3.3651
 173 -3.46234
 174 -3.55814
 175 -3.80816
 176 -3.39338
 177 -2.99797
 178 -3.113
 179 -3.33207
 180 -3.69638
 181 -3.64443
 182 -3.74869
