 1 -4.24328
 2 -5.39606
 3 -5.77323
 4 -5.28011
 5 -5.80171
 6 -5.63539
 7 -6.04306
 8 -5.49003
 9 -4.59817
 10 -4.62161
 11 -5.24249
 12 -5.10933
 13 -5.20326
 14 -5.32277
 15 -5.04972
 16 -4.72286
 17 -5.30087
 18 -5.40153
 19 -4.99965
 20 -5.47015
 21 -5.43918
 22 -5.34747
 23 -4.96678
 24 -5.01479
 25 -4.85439
 26 -5.31292
 27 -5.31313
 28 -5.58487
 29 -5.07141
 30 -5.04386
 31 -5.01165
 32 -4.88818
 33 -5.25619
 34 -5.33959
 35 -5.26156
 36 -4.95112
 37 -4.87994
 38 -5.07219
 39 -4.91703
 40 -4.86823
 41 -4.89513
 42 -4.8571
 43 -5.06779
 44 -5.3885
 45 -5.13182
 46 -5.21145
 47 -4.99502
 48 -4.8431
 49 -4.9811
 50 -4.96115
 51 -4.73241
 52 -5.16692
 53 -5.38583
 54 -4.77687
 55 -5.16655
 56 -5.47235
 57 -4.90625
 58 -4.90598
 59 -4.93868
 60 -4.67103
 61 -4.28584
 62 -4.61978
 63 -4.57666
 64 -4.768
 65 -4.9981
 66 -5.03149
 67 -4.88821
 68 -4.75499
 69 -4.641
 70 -4.47594
 71 -4.68448
 72 -4.86264
 73 -4.77293
 74 -4.98679
 75 -4.57564
 76 -4.38777
 77 -4.433
 78 -4.44658
 79 -4.1963
 80 -4.04785
 81 -3.98463
 82 -4.059
 83 -4.08727
 84 -4.25371
 85 -4.0567
 86 -4.25231
 87 -4.22876
 88 -3.96165
 89 -3.84664
 90 -3.95024
 91 -4.04384
 92 -4.10144
 93 -3.88028
 94 -4.12393
 95 -4.02049
 96 -3.71219
 97 -3.77066
 98 -3.8144
 99 -3.87903
 100 -3.90836
 101 -3.69746
 102 -3.65559
 103 -3.84248
 104 -3.94731
 105 -3.99387
 106 -3.82863
 107 -4.0546
 108 -3.52545
 109 -3.75193
 110 -3.59416
 111 -3.52319
 112 -3.72451
 113 -3.49571
 114 -3.83572
 115 -4.24329
 116 -3.9862
 117 -3.64896
 118 -3.7056
 119 -3.85785
 120 -3.59641
 121 -3.71056
 122 -3.8228
 123 -3.92885
 124 -3.59113
 125 -3.7975
 126 -3.87489
 127 -4.56821
 128 -3.85127
 129 -3.7026
 130 -3.18838
 131 -3.66892
 132 -3.5165
 133 -3.59511
 134 -3.51752
 135 -3.26418
 136 -3.41303
 137 -3.51456
 138 -3.59507
 139 -3.63483
 140 -3.59926
 141 -3.38303
 142 -3.52442
 143 -4.12799
 144 -3.40756
 145 -3.4136
 146 -2.91382
 147 -2.92791
 148 -3.23769
 149 -3.23409
 150 -3.26364
 151 -3.15924
 152 -3.32163
