 1 -8.73439
 2 -8.84893
 3 -4.0516
 4 -5.50662
 5 -2.63875
 6 -3.8962
 7 -3.92961
 8 -6.85806
 9 -5.37106
 10 -8.23015
 11 -6.49222
 12 -5.50095
 13 -5.63734
 14 -5.45767
 15 -5.24555
 16 -3.98589
 17 -5.39923
 18 -4.52151
 19 -4.91569
 20 -5.81502
 21 -5.90239
 22 -6.10893
 23 -8.24999
 24 -6.63422
 25 -3.70442
 26 -4.87803
 27 -5.72761
 28 -4.95225
 29 -4.8757
 30 -3.11487
 31 -4.45007
 32 -3.95927
 33 -5.31829
 34 -4.79475
 35 -5.5445
 36 -5.68358
 37 -5.68659
 38 -3.20104
 39 -5.59977
 40 -4.03433
 41 -3.71493
 42 -4.01088
 43 -4.28048
 44 -2.79184
 45 -9.61869
 46 -5.4264
 47 -8.6174
 48 -7.73019
 49 -9.4653
 50 -4.25093
 51 -6.07547
 52 -7.43183
 53 -10.0425
 54 -5.00971
 55 -7.43107
 56 -8.64987
 57 -9.51379
 58 -4.93652
 59 -9.32185
 60 -9.03235
 61 -11.1187
 62 -5.79226
 63 -11.1521
 64 -8.76196
 65 -9.42294
 66 -6.39302
 67 -7.67682
 68 -9.6166
 69 -7.81298
 70 -4.36169
 71 -8.06544
 72 -7.33431
 73 -9.8319
 74 -5.77002
 75 -8.50354
 76 -7.12148
 77 -9.63769
 78 -5.63561
 79 -8.943
 80 -8.71072
 81 -8.5594
 82 -5.82868
 83 -6.844
 84 -7.68399
