 1 -5.82549
 2 -5.83964
 3 -6.13588
 4 -6.20208
 5 -6.34787
 6 -6.49759
 7 -6.20546
 8 -6.31861
 9 -6.89433
 10 -6.3498
 11 -6.49145
 12 -6.91883
 13 -6.13779
 14 -6.58377
 15 -6.35357
 16 -5.62838
 17 -6.66463
 18 -6.50853
 19 -5.93696
 20 -6.25861
 21 -6.56537
 22 -6.32626
 23 -6.07181
 24 -6.41459
 25 -6.66497
 26 -6.2506
 27 -7.07602
 28 -6.30836
 29 -5.0747
 30 -5.82378
 31 -5.84758
 32 -5.36448
 33 -5.49011
 34 -6.09829
 35 -5.60019
 36 -6.47921
 37 -6.24773
 38 -5.91315
 39 -5.96349
 40 -5.64206
 41 -5.50676
 42 -5.85519
 43 -5.53099
 44 -5.39651
 45 -5.11303
 46 -5.54665
 47 -5.06626
 48 -5.33182
 49 -5.30197
 50 -5.63289
 51 -5.3724
 52 -5.7922
 53 -5.48127
 54 -5.50357
 55 -5.59334
 56 -5.62396
 57 -5.41626
 58 -5.66699
 59 -5.11617
 60 -5.40043
 61 -5.47185
 62 -5.51078
 63 -5.25265
 64 -4.87524
 65 -4.76276
 66 -5.09233
 67 -4.9651
 68 -5.10998
 69 -5.12193
 70 -4.81955
 71 -5.33942
 72 -5.33014
 73 -5.22478
 74 -5.38541
 75 -5.26984
 76 -5.36931
 77 -4.7783
 78 -5.1191
 79 -5.08416
 80 -4.80639
 81 -4.9646
 82 -5.02966
 83 -4.78709
 84 -4.63316
 85 -4.3821
 86 -4.55849
 87 -4.3622
 88 -4.37696
 89 -4.62601
 90 -4.56391
 91 -4.54774
 92 -4.41578
 93 -4.28643
 94 -4.42811
 95 -4.60203
 96 -5.08365
 97 -4.48129
 98 -4.36833
 99 -4.49035
 100 -4.50929
 101 -4.41902
 102 -4.52804
 103 -4.21506
 104 -4.62969
 105 -4.54572
 106 -4.68122
 107 -4.49912
 108 -4.31996
 109 -4.18791
 110 -4.70073
 111 -4.50935
 112 -4.10463
 113 -4.11293
 114 -4.26445
 115 -4.21631
 116 -4.22538
 117 -4.21451
 118 -4.44373
 119 -3.98728
 120 -3.52395
 121 -4.04802
 122 -4.25558
 123 -4.09486
 124 -3.75503
 125 -4.02263
 126 -4.18608
 127 -4.11782
 128 -3.72241
 129 -4.06613
 130 -4.13093
 131 -4.02356
 132 -3.57778
 133 -4.21535
 134 -4.29625
 135 -3.60489
 136 -3.35707
 137 -3.75818
 138 -4.05573
 139 -3.71359
 140 -3.7407
 141 -4.15431
