 1 -6.42711
 2 -6.43032
 3 -6.60009
 4 -6.74583
 5 -7.25008
 6 -7.02873
 7 -6.73199
 8 -6.34538
 9 -6.74663
 10 -6.28513
 11 -6.62725
 12 -6.74728
 13 -6.9891
 14 -7.03846
 15 -6.68727
 16 -6.57597
 17 -6.56512
 18 -6.29281
 19 -6.44264
 20 -6.45577
 21 -6.70978
 22 -6.45358
 23 -6.80025
 24 -6.34717
 25 -6.72093
 26 -6.68833
 27 -6.48283
 28 -6.19437
 29 -6.80062
 30 -6.66786
 31 -7.21503
 32 -6.6208
 33 -7.3266
 34 -6.91017
 35 -6.55461
 36 -6.46625
 37 -6.79361
 38 -6.73553
 39 -6.43562
 40 -6.5593
 41 -6.87767
 42 -6.62544
 43 -6.9511
 44 -6.7528
 45 -6.96022
 46 -7.04277
 47 -6.52683
 48 -6.47695
 49 -6.41111
 50 -6.51597
 51 -6.52865
 52 -6.69086
 53 -7.02427
 54 -6.85566
 55 -6.62198
 56 -6.40123
 57 -6.5188
 58 -6.55008
 59 -6.41646
 60 -6.55928
 61 -7.08349
 62 -7.27246
 63 -7.2991
 64 -7.502
 65 -6.78622
 66 -6.24896
 67 -6.35161
 68 -5.8517
 69 -5.52412
 70 -5.75996
 71 -6.211
 72 -6.55464
 73 -6.55129
 74 -8.03876
 75 -7.28852
 76 -6.93005
 77 -6.64505
 78 -7.30846
 79 -6.78587
 80 -7.11239
 81 -7.53387
 82 -8.23115
 83 -7.52703
 84 -6.24157
 85 -6.66714
 86 -6.42498
 87 -7.82223
 88 -6.99576
 89 -6.21751
 90 -7.00491
 91 -8.18491
 92 -6.29387
 93 -6.10105
 94 -6.27242
 95 -6.96655
 96 -6.51116
 97 -6.84371
 98 -7.82773
 99 -6.82845
 100 -6.6109
 101 -6.32846
 102 -6.51576
 103 -7.2796
 104 -6.33035
 105 -7.436
 106 -6.4023
 107 -7.54844
 108 -6.73603
 109 -6.57374
 110 -5.91616
 111 -7.20904
 112 -6.87604
 113 -6.12683
 114 -6.29309
 115 -5.65622
 116 -6.4639
 117 -5.6922
 118 -6.43635
 119 -6.76424
 120 -6.13824
 121 -6.1257
 122 -5.48508
 123 -5.63658
 124 -5.56699
 125 -6.59648
 126 -6.95399
 127 -6.40178
 128 -5.84475
 129 -5.98385
 130 -5.85719
 131 -7.26562
 132 -6.33966
 133 -6.14939
 134 -6.06467
 135 -6.35027
 136 -6.36097
 137 -7.0464
 138 -6.63313
 139 -6.78747
 140 -6.85888
 141 -5.99689
 142 -5.75964
 143 -6.56544
 144 -6.00242
 145 -6.46573
 146 -6.10824
 147 -5.88084
 148 -7.35177
 149 -6.23012
 150 -5.57814
 151 -5.66184
 152 -5.66899
 153 -5.27581
 154 -7.18807
 155 -6.12384
 156 -6.32899
 157 -6.22875
 158 -5.83823
 159 -5.72043
 160 -5.22522
 161 -6.66253
 162 -5.53581
 163 -5.95281
 164 -5.81902
 165 -6.04029
 166 -5.33403
 167 -5.79439
 168 -5.78062
 169 -6.39588
 170 -6.07201
 171 -5.72012
 172 -5.63851
 173 -5.97576
 174 -6.21921
 175 -6.00797
 176 -6.07054
 177 -6.15162
 178 -6.65859
 179 -6.09151
 180 -6.92319
 181 -6.6232
 182 -5.63356
 183 -6.0545
 184 -5.5928
 185 -5.08439
 186 -4.9741
