 1 -5.9827
 2 -4.82175
 3 -5.63057
 4 -5.66227
 5 -5.14069
 6 -5.29343
 7 -4.39969
 8 -5.6626
 9 -4.78915
 10 -5.87651
 11 -5.97047
 12 -4.61911
 13 -5.75489
 14 -5.5578
 15 -5.26942
 16 -5.25421
 17 -5.30223
 18 -5.83619
 19 -4.51215
 20 -4.94557
 21 -5.43547
 22 -5.18631
 23 -5.03538
 24 -5.26443
 25 -5.4527
 26 -5.04688
 27 -5.08264
 28 -5.14965
 29 -5.47097
 30 -5.43199
 31 -5.29474
 32 -5.06069
 33 -5.31176
 34 -5.29616
 35 -5.49428
 36 -5.4217
 37 -5.21225
 38 -5.13719
 39 -4.86179
 40 -5.017
 41 -5.20494
 42 -5.08054
 43 -4.91172
 44 -4.97391
 45 -5.07711
 46 -4.9268
 47 -4.81259
 48 -5.06166
 49 -4.93917
 50 -5.49589
 51 -5.1958
 52 -5.29926
 53 -5.43319
 54 -5.58647
 55 -5.13978
 56 -4.88513
 57 -5.08442
 58 -4.94818
 59 -4.72556
 60 -4.72539
 61 -4.9565
 62 -4.35822
 63 -4.79497
 64 -4.96196
 65 -4.76513
 66 -4.85778
 67 -4.89928
 68 -5.0668
 69 -4.99467
 70 -4.99323
 71 -5.20765
 72 -4.73599
 73 -4.91487
 74 -4.7369
 75 -4.85158
 76 -4.95232
 77 -4.58889
 78 -4.59633
 79 -4.31448
 80 -4.68238
 81 -4.4948
 82 -4.36008
 83 -4.02074
 84 -4.30151
 85 -4.68551
 86 -4.41833
 87 -4.45804
 88 -4.88054
 89 -4.64101
 90 -4.46649
 91 -4.65282
 92 -4.55897
 93 -5.3348
 94 -4.88046
 95 -4.17986
 96 -4.15796
 97 -4.73752
 98 -4.55431
 99 -4.64492
 100 -4.30983
 101 -4.56704
 102 -4.34366
 103 -4.04316
 104 -4.00014
 105 -4.68372
 106 -4.15342
 107 -4.02897
 108 -4.16032
 109 -4.14249
 110 -4.22498
 111 -4.23761
 112 -3.89443
 113 -3.99721
 114 -3.93185
 115 -4.13728
 116 -4.17182
 117 -3.93347
 118 -3.85233
 119 -3.85456
 120 -4.41749
 121 -4.43331
 122 -4.13779
 123 -4.04718
 124 -4.26448
 125 -4.19046
 126 -4.14117
 127 -4.03277
 128 -4.07904
 129 -4.46719
 130 -4.05436
 131 -4.22849
 132 -4.10186
 133 -4.08525
 134 -3.94435
 135 -4.03694
 136 -4.15991
 137 -4.11085
 138 -3.69647
 139 -3.69151
 140 -3.89995
 141 -3.93187
 142 -4.11833
 143 -4.21038
 144 -3.92754
 145 -3.90546
 146 -4.02523
 147 -3.85987
 148 -4.04862
 149 -4.28175
 150 -3.65055
 151 -3.58391
 152 -3.8737
 153 -4.19922
 154 -3.92896
 155 -3.77224
 156 -3.84619
 157 -4.0841
 158 -3.86643
 159 -4.00473
 160 -3.98081
 161 -4.04848
 162 -3.83997
 163 -3.76982
 164 -4.28326
 165 -3.82904
 166 -3.92114
 167 -3.75906
 168 -3.85636
 169 -3.63535
 170 -3.6574
 171 -3.78656
 172 -3.82023
 173 -3.64443
 174 -3.63118
 175 -3.66333
 176 -3.44376
 177 -3.81869
 178 -3.77489
 179 -3.49318
 180 -3.53642
 181 -3.53501
 182 -3.20144
 183 -3.17207
 184 -3.10613
 185 -3.10062
 186 -3.17369
 187 -3.42334
 188 -3.22085
 189 -3.65818
