 1 -8.13833
 2 -7.91322
 3 -7.92016
 4 -8.83349
 5 -7.54326
 6 -8.06333
 7 -7.84149
 8 -7.85865
 9 -9.25371
 10 -8.52201
 11 -8.03726
 12 -8.71497
 13 -7.46406
 14 -7.81405
 15 -7.6576
 16 -7.88683
 17 -7.43961
 18 -7.84647
 19 -7.73657
 20 -8.21786
 21 -7.11615
 22 -7.27401
 23 -7.41884
 24 -7.65131
 25 -7.39515
 26 -7.48675
 27 -7.75832
 28 -8.5875
 29 -7.10455
 30 -7.43568
 31 -7.33423
 32 -7.58488
 33 -7.4653
 34 -7.33621
 35 -7.65927
 36 -8.06761
 37 -7.54459
 38 -7.00199
 39 -7.4529
 40 -7.79445
 41 -7.25962
 42 -7.47926
 43 -7.3455
 44 -8.03467
 45 -7.05371
 46 -7.16026
 47 -7.72437
 48 -8.09515
 49 -7.0021
 50 -7.73182
 51 -7.21686
 52 -8.00079
 53 -7.76047
 54 -7.05534
 55 -7.14671
 56 -7.44837
 57 -7.04919
 58 -7.50618
 59 -7.90412
 60 -7.40907
 61 -6.69379
 62 -7.00016
 63 -7.25541
 64 -7.44237
 65 -7.21535
 66 -7.12211
 67 -7.49141
 68 -7.94018
 69 -7.11879
 70 -7.03597
 71 -7.09509
 72 -7.69183
 73 -7.61833
 74 -7.21752
 75 -7.16403
 76 -7.5414
 77 -7.06694
 78 -7.55817
 79 -7.58788
 80 -7.90489
 81 -8.1948
 82 -6.81805
 83 -6.93252
 84 -7.23765
 85 -6.91062
 86 -7.39112
 87 -6.62423
 88 -7.55141
 89 -7.11435
 90 -7.06679
 91 -6.49894
 92 -7.13006
 93 -6.88005
 94 -7.69065
 95 -6.03974
 96 -8.0308
 97 -7.17775
 98 -6.84952
 99 -6.74918
 100 -6.96647
 101 -6.83042
 102 -7.04169
 103 -5.72792
 104 -7.69682
 105 -6.71614
 106 -6.78779
 107 -7.24968
 108 -7.21628
 109 -6.59547
 110 -7.57246
 111 -7.10033
 112 -6.72875
 113 -7.24768
 114 -5.79418
 115 -7.26043
 116 -6.8437
 117 -7.23887
 118 -6.97288
 119 -6.73915
 120 -6.90721
 121 -6.52112
 122 -6.88486
 123 -6.6864
 124 -7.16771
 125 -8.18068
 126 -7.56497
 127 -7.41657
 128 -6.46446
 129 -6.99944
 130 -6.85783
 131 -7.45767
 132 -6.81136
 133 -6.88591
 134 -6.76757
 135 -6.8858
 136 -6.87082
 137 -6.37726
 138 -6.57184
 139 -6.03009
 140 -6.75611
 141 -6.61386
 142 -7.37415
 143 -7.49092
 144 -8.08665
 145 -7.45446
 146 -6.66189
 147 -6.90412
 148 -7.48715
 149 -6.69184
 150 -6.93413
 151 -7.7585
 152 -8.36641
 153 -7.72188
 154 -6.56992
 155 -6.95163
 156 -6.75419
 157 -6.83135
 158 -6.9048
 159 -6.88458
 160 -7.02131
 161 -6.4194
 162 -7.64527
 163 -6.7345
 164 -6.90039
 165 -6.39662
 166 -6.65669
 167 -6.51232
 168 -6.17311
 169 -6.82862
 170 -7.41834
 171 -6.96918
 172 -6.35261
 173 -6.61918
 174 -6.81219
 175 -7.18867
 176 -6.6434
 177 -6.68007
 178 -6.75252
 179 -6.53984
 180 -6.40323
 181 -6.77939
 182 -7.06682
 183 -6.55872
 184 -6.47163
 185 -6.82501
 186 -8.67058
 187 -6.86391
 188 -6.34399
 189 -6.37169
 190 -6.61209
 191 -6.42546
 192 -6.86254
