 1 -5.60211
 2 -6.03784
 3 -6.01669
 4 -6.15745
 5 -6.93299
 6 -6.83148
 7 -5.90606
 8 -6.39364
 9 -6.94938
 10 -6.55036
 11 -6.46166
 12 -6.51686
 13 -5.64827
 14 -6.07562
 15 -6.38377
 16 -5.90136
 17 -5.56968
 18 -6.51627
 19 -6.41746
 20 -6.04253
 21 -6.78059
 22 -6.32314
 23 -6.17003
 24 -6.44603
 25 -7.05914
 26 -7.37083
 27 -5.61289
 28 -5.88038
 29 -6.58752
 30 -5.57845
 31 -6.08736
 32 -5.66744
 33 -5.55101
 34 -5.88025
 35 -5.75966
 36 -5.92304
 37 -5.77468
 38 -6.16767
 39 -5.83142
 40 -6.10885
 41 -6.15705
 42 -5.55067
 43 -5.2003
 44 -5.53392
 45 -5.61751
 46 -5.53986
 47 -5.24178
 48 -5.6334
 49 -5.63255
 50 -5.78367
 51 -5.45667
 52 -5.67171
 53 -5.59746
 54 -4.50132
 55 -5.22923
 56 -5.56431
 57 -5.2521
 58 -5.31885
 59 -4.99433
 60 -4.11835
 61 -5.51121
 62 -5.17342
 63 -6.41796
 64 -5.39617
 65 -5.45995
 66 -5.29504
 67 -5.557
 68 -5.468
 69 -5.42931
 70 -4.94501
 71 -5.23099
 72 -5.82734
 73 -4.74698
 74 -4.75816
 75 -5.33297
 76 -4.83576
 77 -4.86339
 78 -4.94955
 79 -5.65168
 80 -5.24957
 81 -4.91251
 82 -5.01233
 83 -4.96728
 84 -4.61159
 85 -4.81216
 86 -5.34492
 87 -5.05846
 88 -5.32078
 89 -5.23296
 90 -5.33353
 91 -5.17862
 92 -5.59199
 93 -5.07942
 94 -5.04649
 95 -5.14772
 96 -5.41145
 97 -4.96599
 98 -5.12147
 99 -5.31709
 100 -5.76914
 101 -4.98536
 102 -4.89898
 103 -5.00548
 104 -4.90426
 105 -4.73807
 106 -4.9712
 107 -5.07912
 108 -4.71996
 109 -4.72323
 110 -4.40985
 111 -4.63714
 112 -4.86091
 113 -4.98926
 114 -4.59727
 115 -4.84097
 116 -5.47125
 117 -5.17693
 118 -4.71294
 119 -4.92305
 120 -4.86017
 121 -4.72171
 122 -4.64476
 123 -5.13588
 124 -4.78215
 125 -4.67562
 126 -4.63112
 127 -5.09136
 128 -4.94085
 129 -4.82988
 130 -4.83159
 131 -4.88232
 132 -4.72609
 133 -4.77702
 134 -4.62775
 135 -4.86244
 136 -4.72839
 137 -4.46129
 138 -4.27423
 139 -4.74097
 140 -4.77048
 141 -4.37508
 142 -4.75911
 143 -4.50847
 144 -4.84412
 145 -4.54442
 146 -4.54638
 147 -4.72719
 148 -4.7513
 149 -4.17407
 150 -4.16275
 151 -4.65491
 152 -4.84429
 153 -4.23459
 154 -3.99092
 155 -4.18367
 156 -4.20063
 157 -4.05102
 158 -3.6543
 159 -4.55638
