 1 -6.30068
 2 -5.61824
 3 -5.22076
 4 -6.2603
 5 -5.0692
 6 -5.84854
 7 -5.143
 8 -5.84287
 9 -4.59211
 10 -6.49994
 11 -5.63571
 12 -5.72783
 13 -5.93725
 14 -5.14414
 15 -5.55619
 16 -6.72086
 17 -5.06321
 18 -6.54139
 19 -4.64984
 20 -6.43357
 21 -5.20324
 22 -6.89865
 23 -4.92335
 24 -6.15629
 25 -5.41313
 26 -6.34984
 27 -5.47248
 28 -4.86436
 29 -5.96639
 30 -5.4999
 31 -5.33831
 32 -5.64046
 33 -5.57369
 34 -5.12465
 35 -5.8487
 36 -5.64211
 37 -4.77455
 38 -5.91383
 39 -5.67588
 40 -4.96456
 41 -5.59852
 42 -5.63473
 43 -4.34893
 44 -4.72881
 45 -5.7567
 46 -4.9547
 47 -5.65513
 48 -5.6972
 49 -5.05831
 50 -5.07256
 51 -5.81452
 52 -4.89987
 53 -5.42723
 54 -4.8507
 55 -4.53872
 56 -5.46879
 57 -5.1522
 58 -4.48995
 59 -4.83557
 60 -5.96576
 61 -4.84297
 62 -5.43426
 63 -5.07957
 64 -4.81699
 65 -5.29604
 66 -5.2238
 67 -4.97339
 68 -5.24305
 69 -5.10156
 70 -4.47131
 71 -4.81024
 72 -5.16914
 73 -4.9109
 74 -5.0278
 75 -4.70187
 76 -4.78757
 77 -5.15978
 78 -5.15367
 79 -5.13919
 80 -5.66937
 81 -5.39372
 82 -4.74033
 83 -4.64373
 84 -5.05691
 85 -4.70207
 86 -4.63577
 87 -5.05582
 88 -4.27869
 89 -4.81389
 90 -5.32609
 91 -4.83023
 92 -4.77586
 93 -4.68564
 94 -5.52298
 95 -5.29477
 96 -5.31587
 97 -5.77213
 98 -5.06017
 99 -5.17068
 100 -4.80559
 101 -4.76008
 102 -5.11727
 103 -5.13543
 104 -4.22309
 105 -5.70433
 106 -4.88751
 107 -4.37581
 108 -4.66767
 109 -5.61997
 110 -4.09924
 111 -4.81451
 112 -5.82751
 113 -4.19896
 114 -4.55142
 115 -5.60091
 116 -3.86164
 117 -3.96769
 118 -4.3375
 119 -6.4961
 120 -3.99605
 121 -4.92012
 122 -5.49435
 123 -4.48944
 124 -4.69081
 125 -6.32661
 126 -4.09196
 127 -4.29146
 128 -8.02529
 129 -4.30294
 130 -4.86874
 131 -5.8358
 132 -4.11311
 133 -4.20622
 134 -5.78965
 135 -4.14064
 136 -5.01351
 137 -4.9047
 138 -4.43628
 139 -4.6769
 140 -5.45915
 141 -3.791
 142 -5.06717
 143 -5.68974
 144 -3.9963
 145 -5.36945
 146 -5.9562
 147 -4.34463
 148 -5.54838
 149 -4.56666
 150 -4.42498
 151 -4.54309
 152 -4.88157
 153 -3.67934
 154 -4.38895
 155 -4.80658
 156 -3.44167
 157 -4.36029
