 1 -6.69631
 2 -7.13564
 3 -6.95046
 4 -6.62441
 5 -9.36775
 6 -8.9658
 7 -7.87302
 8 -9.0226
 9 -7.71021
 10 -7.03867
 11 -7.38373
 12 -8.4303
 13 -6.47456
 14 -7.8333
 15 -7.56918
 16 -9.3898
 17 -6.81601
 18 -7.01268
 19 -6.15532
 20 -8.50909
 21 -8.02902
 22 -7.54842
 23 -7.31567
 24 -8.25665
 25 -6.69869
 26 -6.66754
 27 -6.33261
 28 -7.34866
 29 -6.90154
 30 -7.18201
 31 -6.71072
 32 -6.27445
 33 -6.27775
 34 -5.97937
 35 -5.5907
 36 -6.38987
 37 -5.90849
 38 -6.84803
 39 -6.02307
 40 -6.93706
 41 -6.09766
 42 -5.86642
 43 -6.96427
 44 -6.82599
 45 -6.37166
 46 -5.30048
 47 -5.52426
 48 -5.63214
 49 -6.17513
 50 -5.52244
 51 -5.14951
 52 -6.30142
 53 -6.03681
 54 -5.59156
 55 -5.69731
 56 -5.70106
 57 -5.40913
 58 -4.48812
 59 -4.91575
 60 -4.76348
 61 -4.65351
 62 -5.55079
 63 -6.04312
 64 -5.05559
 65 -5.38301
 66 -5.66702
 67 -4.94445
 68 -5.69166
 69 -4.78759
 70 -5.51539
 71 -4.69995
 72 -6.23271
 73 -4.9835
 74 -5.38529
 75 -4.49193
 76 -5.19106
 77 -4.91329
 78 -5.19335
 79 -4.6784
 80 -4.60537
 81 -5.24101
 82 -4.18115
 83 -4.28201
 84 -3.90525
 85 -4.27409
 86 -3.97425
 87 -4.58104
 88 -4.76561
 89 -4.98648
 90 -4.18401
 91 -4.90669
 92 -4.56083
 93 -4.45078
 94 -5.12054
 95 -5.72978
 96 -4.92725
 97 -5.12066
 98 -3.71278
 99 -4.25224
 100 -4.41671
 101 -4.86448
 102 -4.11507
 103 -5.20722
 104 -4.34242
 105 -4.72525
 106 -4.92399
 107 -6.11761
 108 -8.40747
 109 -5.68193
 110 -5.93038
 111 -6.48008
 112 -6.38129
 113 -4.1601
 114 -4.52886
 115 -4.95072
 116 -4.81451
 117 -5.25938
