 1 -5.49654
 2 -5.68587
 3 -5.15818
 4 -5.3343
 5 -5.67457
 6 -5.90731
 7 -5.42056
 8 -5.0908
 9 -5.50895
 10 -5.63587
 11 -5.48413
 12 -4.84065
 13 -5.36102
 14 -5.63863
 15 -5.45276
 16 -5.07003
 17 -5.17897
 18 -5.57065
 19 -5.47381
 20 -4.88172
 21 -5.31759
 22 -5.41972
 23 -5.39018
 24 -4.93736
 25 -5.394
 26 -5.55685
 27 -5.7215
 28 -5.8336
 29 -4.71046
 30 -5.17072
 31 -5.28719
 32 -4.91753
 33 -4.54296
 34 -5.31499
 35 -5.33927
 36 -5.25558
 37 -4.898
 38 -5.2108
 39 -5.52636
 40 -5.01622
 41 -5.24013
 42 -5.80856
 43 -5.35399
 44 -5.02614
 45 -5.29159
 46 -5.5796
 47 -5.55952
 48 -5.41569
 49 -5.19399
 50 -5.47513
 51 -5.25039
 52 -5.53581
 53 -5.13922
 54 -5.3619
 55 -5.91939
 56 -5.94375
 57 -5.2532
 58 -5.37404
 59 -5.92536
 60 -6.10964
 61 -5.35387
 62 -5.7122
 63 -5.89567
 64 -5.72708
 65 -5.26582
 66 -5.60116
 67 -5.51631
 68 -5.45651
 69 -5.51362
 70 -5.58752
 71 -5.49542
 72 -5.80844
 73 -5.39265
 74 -5.46905
 75 -5.452
 76 -5.55674
 77 -5.41082
 78 -5.50854
 79 -5.27077
 80 -5.55968
 81 -5.1501
 82 -5.26194
 83 -5.55024
 84 -6.01444
 85 -4.97741
 86 -5.18489
 87 -5.19619
 88 -5.50667
 89 -5.20121
 90 -5.27236
 91 -5.22798
 92 -5.64866
 93 -4.7137
 94 -5.28159
 95 -5.28245
 96 -5.43446
 97 -4.95706
 98 -4.74111
 99 -5.12537
 100 -5.67647
 101 -5.06669
 102 -5.09391
 103 -5.185
 104 -5.35838
 105 -4.67905
 106 -5.33118
 107 -5.2487
 108 -5.3271
 109 -5.02747
 110 -5.15546
 111 -5.02977
 112 -5.26484
 113 -4.91838
 114 -4.93052
 115 -4.98248
 116 -4.87931
 117 -5.3045
 118 -5.54029
 119 -5.46364
 120 -5.37764
 121 -4.41315
 122 -5.00678
 123 -5.1633
 124 -5.50786
 125 -3.6937
 126 -4.99761
 127 -5.2715
 128 -5.09802
 129 -4.55176
 130 -4.96199
 131 -4.81135
 132 -4.86853
 133 -4.54822
 134 -4.83409
 135 -5.23327
 136 -5.06196
 137 -4.48908
 138 -4.92465
 139 -5.10271
 140 -5.33138
 141 -4.92852
 142 -4.90368
 143 -5.02961
 144 -4.82833
 145 -4.84253
 146 -4.39819
 147 -4.5382
 148 -4.12345
 149 -4.14849
 150 -4.86902
 151 -4.67731
 152 -4.60367
 153 -4.48523
 154 -4.7221
 155 -4.99352
 156 -4.93838
 157 -4.62876
 158 -4.73568
 159 -5.21693
 160 -5.43451
 161 -4.86154
 162 -4.91997
 163 -4.99914
 164 -5.04202
 165 -4.21456
 166 -4.63522
 167 -4.90026
 168 -4.9741
 169 -4.2275
 170 -4.56311
 171 -4.87359
 172 -4.40725
 173 -3.58725
 174 -4.37051
 175 -4.95406
 176 -4.07473
 177 -4.16151
 178 -4.55293
 179 -4.94175
 180 -4.88191
 181 -4.14428
 182 -4.43987
 183 -4.65928
 184 -5.56542
 185 -4.53874
 186 -4.3645
 187 -4.68063
 188 -4.61431
 189 -4.62993
 190 -5.08807
 191 -5.0189
 192 -5.4375
 193 -4.84731
 194 -4.3566
 195 -4.85238
 196 -5.77585
 197 -5.02386
 198 -4.90443
 199 -4.77331
 200 -4.16076
