 1 -6.1727
 2 -9.42252
 3 -8.83986
 4 -8.3676
 5 -7.34578
 6 -6.49582
 7 -7.32769
 8 -6.54414
 9 -7.67761
 10 -6.96439
 11 -7.2935
 12 -7.92127
 13 -7.36861
 14 -7.94352
 15 -7.10881
 16 -8.02502
 17 -7.00143
 18 -8.14583
 19 -7.40353
 20 -7.67089
 21 -7.46236
 22 -6.90581
 23 -7.2141
 24 -7.83249
 25 -6.98291
 26 -7.75873
 27 -6.06031
 28 -7.29761
 29 -7.07944
 30 -6.5633
 31 -7.67475
 32 -6.2211
 33 -6.27594
 34 -5.27331
 35 -7.41551
 36 -9.83454
 37 -9.46701
 38 -9.95109
 39 -8.32598
 40 -9.54522
 41 -9.36082
 42 -10.6345
 43 -10.3838
 44 -9.8174
 45 -9.93862
 46 -9.40818
 47 -10.2584
 48 -10.1314
 49 -9.40821
 50 -8.03664
 51 -8.7885
 52 -8.6224
 53 -7.27645
 54 -7.24684
 55 -9.67656
 56 -7.10525
 57 -6.96261
 58 -6.0246
 59 -5.80924
 60 -6.52049
 61 -7.43344
 62 -8.28748
 63 -10.5884
 64 -9.42381
 65 -8.23213
 66 -8.69201
 67 -7.52534
 68 -8.92096
 69 -7.48214
 70 -7.07076
 71 -9.78069
 72 -8.71568
 73 -8.46509
 74 -7.98127
 75 -8.97895
 76 -9.39719
 77 -10.4569
 78 -9.37373
 79 -8.13561
 80 -10.6295
 81 -9.35945
 82 -8.24434
 83 -11.4335
 84 -10.9658
 85 -9.85371
 86 -11.0259
 87 -11.8611
 88 -10.743
 89 -11.5281
 90 -10.2084
 91 -11.9869
 92 -11.2216
 93 -9.02968
 94 -10.8321
 95 -8.91008
 96 -11.6197
 97 -11.709
 98 -8.05965
 99 -11.5419
 100 -8.95688
 101 -11.664
 102 -9.54849
 103 -7.90661
 104 -11.0654
 105 -9.37733
 106 -9.63949
 107 -9.21613
 108 -6.52602
 109 -11.295
 110 -11.5592
 111 -6.81531
 112 -9.01994
 113 -5.97972
 114 -7.66213
 115 -9.39416
 116 -9.98621
 117 -8.16952
 118 -7.14058
