 1 -5.45285
 2 -5.44713
 3 -5.44279
 4 -5.42393
 5 -5.41602
 6 -5.39826
 7 -5.38857
 8 -5.37842
 9 -5.36789
 10 -5.35703
 11 -5.34589
 12 -5.33454
 13 -5.32301
 14 -5.31136
 15 -5.29962
 16 -5.28782
 17 -5.27601
 18 -5.2642
 19 -5.25244
 20 -5.24074
 21 -5.22913
 22 -5.21762
 23 -5.20623
 24 -5.19498
 25 -5.18388
 26 -5.17294
 27 -5.16217
 28 -5.15157
 29 -5.14114
 30 -5.13091
 31 -5.12085
 32 -5.11098
 33 -5.10129
 34 -5.09178
 35 -5.08245
 36 -5.07328
 37 -5.06429
 38 -5.05545
 39 -5.04677
 40 -5.03823
 41 -5.02983
 42 -5.02155
 43 -5.01339
 44 -4.99738
 45 -4.98951
 46 -4.98171
 47 -4.97397
 48 -4.96629
 49 -4.95864
 50 -4.95102
 51 -4.94341
 52 -4.93581
 53 -4.92821
 54 -4.91292
 55 -4.90522
 56 -4.88965
 57 -4.88177
 58 -4.8738
 59 -4.86573
 60 -4.83238
 61 -4.82373
 62 -4.80599
 63 -4.7969
 64 -4.77823
 65 -4.76864
 66 -4.75889
 67 -4.73885
 68 -4.72856
 69 -4.65146
 70 -4.62783
 71 -4.53995
 72 -4.50014
 73 -4.48664
 74 -4.47303
 75 -4.41769
 76 -4.40367
 77 -4.37549
 78 -4.33298
 79 -4.24806
 80 -4.23403
 81 -4.22006
 82 -4.20617
 83 -4.19236
 84 -4.13808
 85 -4.09863
 86 -4.08575
 87 -4.07303
 88 -4.02373
 89 -4.01183
 90 -4.00011
 91 -3.98857
 92 -3.9772
 93 -3.96602
 94 -3.95503
 95 -3.94421
 96 -3.93358
 97 -3.92313
 98 -3.91286
 99 -3.90276
 100 -3.89284
 101 -3.88308
 102 -3.87349
 103 -3.86405
 104 -3.85476
 105 -3.84562
 106 -3.8366
 107 -3.82771
 108 -3.81893
 109 -3.81026
 110 -3.80167
 111 -3.79316
 112 -3.78471
 113 -3.77631
 114 -3.76794
 115 -3.75959
 116 -3.75123
 117 -3.74286
 118 -3.73444
 119 -3.72597
 120 -3.71741
 121 -3.70875
 122 -3.69996
 123 -3.69102
 124 -3.68191
 125 -3.6726
 126 -3.66306
 127 -3.65327
 128 -3.6432
 129 -3.63282
 130 -3.62211
 131 -3.61102
 132 -3.59954
 133 -3.58763
 134 -3.57526
 135 -3.56239
 136 -3.549
 137 -3.53505
 138 -3.5205
 139 -3.50533
 140 -3.4895
 141 -3.47297
 142 -3.45571
 143 -3.43768
 144 -3.41885
 145 -3.39918
 146 -3.37864
 147 -3.35719
 148 -3.3348
 149 -3.31143
 150 -3.28704
 151 -3.2616
 152 -3.23508
