 1 -3.878
 2 -3.878
 3 -3.878
 4 -3.878
 5 -3.878
 6 -3.878
 7 -3.878
 8 -3.878
 9 -3.878
 10 -3.878
 11 -3.878
 12 -3.878
 13 -3.878
 14 -3.878
 15 -3.878
 16 -3.878
 17 -3.878
 18 -3.878
 19 -3.878
 20 -3.878
 21 -3.878
 22 -3.878
 23 -3.878
 24 -3.878
 25 -3.878
 26 -3.878
 27 -3.878
 28 -3.878
 29 -3.878
 30 -3.878
 31 -3.878
 32 -3.878
 33 -3.878
 34 -3.878
 35 -3.878
 36 -3.878
 37 -3.878
 38 -3.878
 39 -3.878
 40 -3.878
 41 -3.878
 42 -3.878
 43 -3.878
 44 -3.878
 45 -3.878
 46 -3.878
 47 -3.878
 48 -3.878
 49 -3.878
 50 -3.878
 51 -3.878
 52 -3.878
 53 -3.878
 54 -3.878
 55 -3.878
 56 -3.878
 57 -3.878
 58 -3.878
 59 -3.878
 60 -3.878
 61 -3.878
 62 -3.878
 63 -3.878
 64 -3.878
 65 -3.878
 66 -3.878
 67 -3.878
 68 -3.878
 69 -3.878
 70 -3.878
 71 -3.878
 72 -3.878
 73 -3.878
 74 -3.878
 75 -3.878
 76 -3.878
 77 -3.878
 78 -3.878
 79 -3.878
 80 -3.878
 81 -3.878
 82 -3.878
 83 -3.878
 84 -3.878
 85 -3.878
 86 -3.878
 87 -3.878
 88 -3.878
 89 -3.878
 90 -3.878
 91 -3.878
 92 -3.878
 93 -3.878
 94 -3.878
 95 -3.878
 96 -3.878
 97 -3.878
 98 -3.878
 99 -3.878
 100 -3.878
 101 -3.878
 102 -3.878
 103 -3.878
 104 -3.878
 105 -3.878
 106 -3.878
 107 -3.878
 108 -3.878
 109 -3.878
 110 -3.878
 111 -3.878
 112 -3.878
 113 -3.878
 114 -3.878
 115 -3.878
 116 -3.878
 117 -3.878
 118 -3.878
 119 -3.878
 120 -3.878
 121 -3.878
 122 -3.878
 123 -3.878
 124 -3.878
 125 -3.878
 126 -3.878
 127 -3.878
 128 -3.878
 129 -3.878
 130 -3.878
 131 -3.878
 132 -3.878
 133 -3.878
 134 -3.878
 135 -3.878
 136 -3.878
 137 -3.878
 138 -3.878
 139 -3.878
 140 -3.878
 141 -3.878
 142 -3.878
 143 -3.878
 144 -3.878
 145 -3.878
 146 -3.878
 147 -3.878
 148 -3.878
 149 -3.878
 150 -3.878
 151 -3.878
 152 -3.878
 153 -3.878
 154 -3.878
 155 -3.878
 156 -3.878
 157 -3.878
 158 -3.878
 159 -3.878
 160 -3.878
 161 -3.878
 162 -3.878
 163 -3.878
 164 -3.878
 165 -3.878
 166 -3.878
 167 -3.878
 168 -3.878
 169 -3.878
 170 -3.878
 171 -3.878
 172 -3.878
 173 -3.878
 174 -3.878
 175 -3.878
 176 -3.878
 177 -3.878
 178 -3.878
 179 -3.878
 180 -3.878
 181 -3.878
 182 -3.878
 183 -3.878
 184 -3.878
 185 -3.878
 186 -3.878
 187 -3.878
 188 -3.878
 189 -3.878
 190 -3.878
 191 -3.878
 192 -3.878
 193 -3.878
 194 -3.878
 195 -3.878
 196 -3.878
 197 -3.878
 198 -3.878
 199 -3.878
 200 -3.878
