 1 -6.19878
 2 -6.28239
 3 -6.31431
 4 -6.34032
 5 -6.36087
 6 -6.37641
 7 -6.38737
 8 -6.39413
 9 -6.39707
 10 -6.39654
 11 -6.39286
 12 -6.38635
 13 -6.37729
 14 -6.36596
 15 -6.3526
 16 -6.32074
 17 -6.30266
 18 -6.28341
 19 -6.26315
 20 -6.24205
 21 -6.22026
 22 -6.1979
 23 -6.17512
 24 -6.12869
 25 -6.10524
 26 -6.08175
 27 -6.05829
 28 -6.01172
 29 -5.96598
 30 -5.94353
 31 -5.92139
 32 -5.8996
 33 -5.87818
 34 -5.85714
 35 -5.8365
 36 -5.81626
 37 -5.79643
 38 -5.777
 39 -5.75797
 40 -5.73934
 41 -5.7211
 42 -5.70323
 43 -5.68573
 44 -5.66858
 45 -5.65176
 46 -5.61905
 47 -5.58746
 48 -5.55681
 49 -5.54178
 50 -5.52693
 51 -5.51223
 52 -5.49766
 53 -5.4832
 54 -5.46883
 55 -5.45452
 56 -5.44026
 57 -5.42604
 58 -5.3976
 59 -5.38335
 60 -5.36907
 61 -5.34034
 62 -5.32586
 63 -5.31129
 64 -5.29662
 65 -5.23677
 66 -5.20604
 67 -5.1267
 68 -5.07736
 69 -5.06064
 70 -5.04379
 71 -5.02681
 72 -5.00972
 73 -4.99251
 74 -4.9752
 75 -4.95778
 76 -4.94028
 77 -4.90503
 78 -4.86951
 79 -4.85167
 80 -4.83379
 81 -4.81588
 82 -4.79795
 83 -4.77999
 84 -4.76203
 85 -4.74406
 86 -4.7261
 87 -4.70816
 88 -4.69023
 89 -4.67233
 90 -4.65446
 91 -4.63663
 92 -4.61884
 93 -4.60109
 94 -4.5834
 95 -4.56575
 96 -4.54816
 97 -4.53062
 98 -4.51314
 99 -4.49571
 100 -4.47834
 101 -4.46103
 102 -4.44377
 103 -4.42656
 104 -4.4094
 105 -4.39229
 106 -4.37522
 107 -4.35819
 108 -4.3412
 109 -4.32424
 110 -4.30731
 111 -4.2904
 112 -4.27351
 113 -4.25663
 114 -4.23976
 115 -4.2229
 116 -4.20604
 117 -4.18919
 118 -4.17233
 119 -4.15548
 120 -4.13862
 121 -4.12177
 122 -4.10493
 123 -4.08809
 124 -4.07127
 125 -4.05448
 126 -4.03773
 127 -4.02104
 128 -4.00442
 129 -3.98789
 130 -3.97148
 131 -3.95521
 132 -3.93913
 133 -3.92326
 134 -3.90765
 135 -3.89234
 136 -3.87739
 137 -3.86286
 138 -3.84881
 139 -3.83532
 140 -3.82246
 141 -3.81033
