 1 -7.67409
 2 -7.64937
 3 -7.61361
 4 -7.6044
 5 -7.59514
 6 -7.58586
 7 -7.54886
 8 -7.53066
 9 -7.52167
 10 -7.51276
 11 -7.50395
 12 -7.49524
 13 -7.48662
 14 -7.47811
 15 -7.46969
 16 -7.46138
 17 -7.45316
 18 -7.44505
 19 -7.43702
 20 -7.42909
 21 -7.42124
 22 -7.41347
 23 -7.40578
 24 -7.39816
 25 -7.3906
 26 -7.38309
 27 -7.37563
 28 -7.36822
 29 -7.36083
 30 -7.35348
 31 -7.33882
 32 -7.3315
 33 -7.31684
 34 -7.30948
 35 -7.29469
 36 -7.28724
 37 -7.27974
 38 -7.27219
 39 -7.26459
 40 -7.25692
 41 -7.24919
 42 -7.24138
 43 -7.2335
 44 -7.22554
 45 -7.21749
 46 -7.20935
 47 -7.20113
 48 -7.19281
 49 -7.1844
 50 -7.17589
 51 -7.16729
 52 -7.15859
 53 -7.14979
 54 -7.14089
 55 -7.1319
 56 -7.12281
 57 -7.11363
 58 -7.10436
 59 -7.09499
 60 -7.08554
 61 -7.07601
 62 -7.06639
 63 -7.0567
 64 -7.04694
 65 -7.03711
 66 -7.02721
 67 -7.01726
 68 -7.00725
 69 -6.9972
 70 -6.98711
 71 -6.97697
 72 -6.96681
 73 -6.95663
 74 -6.94643
 75 -6.93622
 76 -6.9158
 77 -6.9056
 78 -6.89542
 79 -6.88526
 80 -6.87514
 81 -6.86505
 82 -6.85501
 83 -6.84502
 84 -6.83509
 85 -6.81543
 86 -6.79609
 87 -6.75854
 88 -6.74942
 89 -6.73153
 90 -6.72278
 91 -6.71415
 92 -6.70565
 93 -6.6501
 94 -6.62843
 95 -6.6215
 96 -6.6147
 97 -6.60803
 98 -6.5951
 99 -6.58882
 100 -6.58267
 101 -6.57663
 102 -6.5707
 103 -6.56487
 104 -6.55914
 105 -6.5535
 106 -6.54794
 107 -6.54246
 108 -6.53704
 109 -6.53168
 110 -6.52637
 111 -6.51585
 112 -6.51062
 113 -6.5054
 114 -6.50018
 115 -6.49494
 116 -6.48968
 117 -6.48439
 118 -6.46816
 119 -6.46261
 120 -6.4512
 121 -6.44533
 122 -6.41385
 123 -6.40706
 124 -6.40008
 125 -6.39292
 126 -6.38555
 127 -6.37798
 128 -6.3622
 129 -6.35399
 130 -6.34555
 131 -6.32804
 132 -6.31895
 133 -6.28059
 134 -6.27053
 135 -6.26032
 136 -6.24996
 137 -6.23948
 138 -6.22889
 139 -6.21823
 140 -6.20752
 141 -6.19679
 142 -6.18608
 143 -6.17542
 144 -6.16485
 145 -6.15442
 146 -6.14418
 147 -6.11512
 148 -6.1062
 149 -6.08991
