 1 -6.18637
 2 -6.20228
 3 -6.21515
 4 -6.2252
 5 -6.23261
 6 -6.23756
 7 -6.24023
 8 -6.24078
 9 -6.23937
 10 -6.23615
 11 -6.23126
 12 -6.22483
 13 -6.217
 14 -6.20789
 15 -6.19761
 16 -6.18627
 17 -6.17397
 18 -6.16082
 19 -6.14689
 20 -6.13229
 21 -6.11708
 22 -6.10135
 23 -6.08516
 24 -6.06858
 25 -6.05168
 26 -6.03452
 27 -6.01713
 28 -5.99959
 29 -5.98192
 30 -5.96418
 31 -5.9464
 32 -5.89318
 33 -5.87558
 34 -5.85809
 35 -5.84073
 36 -5.82352
 37 -5.80648
 38 -5.78962
 39 -5.77296
 40 -5.7565
 41 -5.74026
 42 -5.72423
 43 -5.70843
 44 -5.69286
 45 -5.67753
 46 -5.66242
 47 -5.64755
 48 -5.63291
 49 -5.6185
 50 -5.60432
 51 -5.59036
 52 -5.57662
 53 -5.56309
 54 -5.53664
 55 -5.52371
 56 -5.51097
 57 -5.4984
 58 -5.486
 59 -5.47376
 60 -5.46168
 61 -5.44974
 62 -5.43793
 63 -5.42625
 64 -5.41469
 65 -5.40324
 66 -5.39188
 67 -5.38062
 68 -5.36945
 69 -5.35835
 70 -5.34732
 71 -5.33635
 72 -5.32543
 73 -5.31456
 74 -5.30373
 75 -5.29293
 76 -5.28216
 77 -5.27141
 78 -5.26068
 79 -5.24996
 80 -5.23925
 81 -5.22854
 82 -5.21783
 83 -5.20712
 84 -5.1964
 85 -5.18567
 86 -5.17493
 87 -5.16418
 88 -5.15341
 89 -5.14263
 90 -5.13183
 91 -5.12102
 92 -5.11019
 93 -5.09935
 94 -5.08849
 95 -5.07762
 96 -5.06674
 97 -5.05584
 98 -5.04493
 99 -5.03402
 100 -5.0231
 101 -5.01217
 102 -5.00124
 103 -4.99031
 104 -4.97939
 105 -4.96846
 106 -4.95754
 107 -4.94663
 108 -4.93572
 109 -4.92483
 110 -4.91394
 111 -4.90307
 112 -4.89221
 113 -4.88136
 114 -4.87052
 115 -4.8597
 116 -4.84889
 117 -4.83808
 118 -4.82728
 119 -4.81649
 120 -4.80569
 121 -4.7949
 122 -4.78409
 123 -4.77326
 124 -4.76241
 125 -4.75153
 126 -4.74061
 127 -4.72964
 128 -4.71861
 129 -4.7075
 130 -4.69631
 131 -4.68501
 132 -4.6736
 133 -4.66204
 134 -4.65033
 135 -4.63845
 136 -4.62636
 137 -4.61405
 138 -4.60149
 139 -4.58865
 140 -4.5755
 141 -4.56202
 142 -4.54816
 143 -4.5339
 144 -4.51919
 145 -4.50399
 146 -4.48827
 147 -4.47198
 148 -4.45506
 149 -4.43749
 150 -4.41919
 151 -4.40012
 152 -4.38022
 153 -4.35944
 154 -4.3377
 155 -4.31495
 156 -4.29112
 157 -4.26614
 158 -4.23993
 159 -4.21242
