 1 -5.50124
 2 -5.47661
 3 -5.4533
 4 -5.4103
 5 -5.39046
 6 -5.35376
 7 -5.33676
 8 -5.30518
 9 -5.29047
 10 -5.27643
 11 -5.22583
 12 -5.19254
 13 -5.18213
 14 -5.172
 15 -5.16212
 16 -5.13374
 17 -5.10669
 18 -5.09787
 19 -5.07174
 20 -5.06309
 21 -5.05444
 22 -5.04579
 23 -5.03712
 24 -5.02842
 25 -5.01969
 26 -5.01091
 27 -5.00207
 28 -4.99318
 29 -4.98423
 30 -4.9752
 31 -4.9661
 32 -4.95693
 33 -4.93833
 34 -4.92891
 35 -4.9194
 36 -4.90981
 37 -4.90012
 38 -4.89036
 39 -4.88051
 40 -4.87057
 41 -4.86055
 42 -4.85045
 43 -4.84028
 44 -4.83002
 45 -4.81969
 46 -4.80929
 47 -4.79883
 48 -4.78829
 49 -4.7777
 50 -4.76705
 51 -4.75634
 52 -4.74559
 53 -4.73479
 54 -4.72395
 55 -4.71306
 56 -4.70215
 57 -4.69121
 58 -4.68024
 59 -4.66925
 60 -4.65824
 61 -4.64722
 62 -4.63619
 63 -4.62516
 64 -4.61413
 65 -4.6031
 66 -4.59208
 67 -4.58107
 68 -4.57008
 69 -4.55911
 70 -4.54816
 71 -4.53724
 72 -4.52635
 73 -4.5155
 74 -4.50468
 75 -4.4939
 76 -4.48317
 77 -4.47249
 78 -4.46185
 79 -4.45127
 80 -4.44074
 81 -4.43028
 82 -4.41987
 83 -4.40952
 84 -4.39924
 85 -4.38902
 86 -4.37888
 87 -4.3688
 88 -4.3588
 89 -4.34887
 90 -4.33901
 91 -4.32923
 92 -4.31953
 93 -4.3099
 94 -4.30035
 95 -4.29089
 96 -4.2815
 97 -4.27219
 98 -4.26296
 99 -4.25382
 100 -4.24475
 101 -4.23576
 102 -4.22686
 103 -4.21803
 104 -4.20929
 105 -4.20062
 106 -4.19203
 107 -4.18352
 108 -4.17508
 109 -4.16672
 110 -4.15844
 111 -4.15023
 112 -4.14209
 113 -4.13402
 114 -4.12601
 115 -4.11808
 116 -4.11021
 117 -4.1024
 118 -4.09465
 119 -4.08697
 120 -4.07934
 121 -4.07176
 122 -4.06423
 123 -4.05675
 124 -4.04932
 125 -4.04193
 126 -4.03458
 127 -4.02727
 128 -4.01999
 129 -4.01274
 130 -4.00551
 131 -3.9983
 132 -3.99112
 133 -3.98394
 134 -3.97678
 135 -3.96962
 136 -3.96246
 137 -3.95529
 138 -3.94811
 139 -3.94092
 140 -3.9337
 141 -3.92645
 142 -3.91917
 143 -3.91185
 144 -3.90448
 145 -3.89705
 146 -3.88956
 147 -3.882
 148 -3.87436
 149 -3.86663
 150 -3.85881
 151 -3.85088
 152 -3.84283
 153 -3.83465
 154 -3.82634
 155 -3.81788
 156 -3.80926
 157 -3.80046
 158 -3.79148
 159 -3.78229
 160 -3.7729
 161 -3.76327
 162 -3.7534
 163 -3.74327
 164 -3.73285
 165 -3.72215
 166 -3.71113
 167 -3.69977
 168 -3.68806
 169 -3.67597
 170 -3.66349
 171 -3.65058
 172 -3.63722
 173 -3.6234
 174 -3.60908
 175 -3.59423
 176 -3.57882
 177 -3.56284
 178 -3.54623
 179 -3.52898
 180 -3.51104
 181 -3.49238
 182 -3.47297
