 1 -7.1709
 2 -7.15447
 3 -7.14953
 4 -7.13567
 5 -7.13125
 6 -7.12255
 7 -7.1182
 8 -7.11383
 9 -7.10942
 10 -7.10494
 11 -7.10039
 12 -7.09574
 13 -7.08613
 14 -7.08114
 15 -7.07603
 16 -7.07079
 17 -7.06542
 18 -7.05991
 19 -7.05426
 20 -7.04847
 21 -7.04255
 22 -7.0365
 23 -7.03032
 24 -7.02402
 25 -7.01759
 26 -7.01106
 27 -7.00442
 28 -6.99768
 29 -6.99085
 30 -6.98393
 31 -6.97694
 32 -6.96989
 33 -6.96277
 34 -6.95561
 35 -6.94841
 36 -6.94118
 37 -6.93393
 38 -6.92668
 39 -6.91942
 40 -6.91217
 41 -6.90494
 42 -6.89774
 43 -6.89057
 44 -6.87638
 45 -6.86938
 46 -6.86245
 47 -6.85559
 48 -6.84882
 49 -6.84215
 50 -6.83557
 51 -6.8291
 52 -6.82274
 53 -6.8165
 54 -6.81038
 55 -6.80439
 56 -6.79853
 57 -6.7928
 58 -6.78721
 59 -6.78176
 60 -6.77645
 61 -6.77129
 62 -6.76627
 63 -6.7614
 64 -6.75667
 65 -6.75209
 66 -6.74765
 67 -6.74336
 68 -6.73921
 69 -6.7352
 70 -6.73133
 71 -6.72759
 72 -6.72398
 73 -6.7205
 74 -6.71714
 75 -6.7139
 76 -6.71077
 77 -6.70774
 78 -6.70482
 79 -6.70199
 80 -6.69925
 81 -6.69659
 82 -6.694
 83 -6.69148
 84 -6.68902
 85 -6.68661
 86 -6.68424
 87 -6.6819
 88 -6.67959
 89 -6.6773
 90 -6.67501
 91 -6.67272
 92 -6.67042
 93 -6.6681
 94 -6.66576
 95 -6.66337
 96 -6.66094
 97 -6.65845
 98 -6.65589
 99 -6.65326
 100 -6.65055
 101 -6.64182
 102 -6.63542
 103 -6.63202
 104 -6.62849
 105 -6.6248
 106 -6.62096
 107 -6.61695
 108 -6.61278
 109 -6.60843
 110 -6.6039
 111 -6.59918
 112 -6.59428
 113 -6.58918
 114 -6.58388
 115 -6.57838
 116 -6.57267
 117 -6.56676
 118 -6.56064
 119 -6.55431
 120 -6.54777
 121 -6.54102
 122 -6.53406
 123 -6.52689
 124 -6.51951
 125 -6.51194
 126 -6.50416
 127 -6.49618
 128 -6.48801
 129 -6.47966
 130 -6.47112
 131 -6.46241
 132 -6.45353
 133 -6.44449
 134 -6.43531
 135 -6.42598
 136 -6.41652
 137 -6.40694
 138 -6.39725
 139 -6.38746
 140 -6.37759
 141 -6.33756
 142 -6.31742
 143 -6.30738
 144 -6.29738
 145 -6.27759
 146 -6.26784
 147 -6.2582
 148 -6.23937
 149 -6.22127
 150 -6.18796
 151 -6.15973
 152 -6.13806
 153 -6.12699
 154 -6.1244
 155 -6.12241
 156 -6.12102
 157 -6.12026
 158 -6.12015
 159 -6.12194
 160 -6.12387
 161 -6.12652
 162 -6.12989
 163 -6.13401
 164 -6.1445
 165 -6.15807
 166 -6.16603
 167 -6.17477
 168 -6.18429
