 1 -5.34042
 2 -5.34042
 3 -5.34042
 4 -5.34042
 5 -5.34042
 6 -5.34042
 7 -5.34042
 8 -5.34042
 9 -5.34042
 10 -5.34042
 11 -5.34042
 12 -5.34042
 13 -5.34042
 14 -5.34042
 15 -5.34042
 16 -5.34042
 17 -5.34042
 18 -5.34042
 19 -5.34042
 20 -5.34042
 21 -5.34042
 22 -5.34042
 23 -5.34042
 24 -5.34042
 25 -5.34042
 26 -5.34042
 27 -5.34042
 28 -5.34042
 29 -5.34042
 30 -5.34042
 31 -5.34042
 32 -5.34042
 33 -5.34042
 34 -5.34042
 35 -5.34042
 36 -5.34042
 37 -5.34042
 38 -5.34042
 39 -5.34042
 40 -5.34042
 41 -5.34042
 42 -5.34042
 43 -5.34042
 44 -5.34042
 45 -5.34042
 46 -5.34042
 47 -5.34042
 48 -5.34042
 49 -5.34042
 50 -5.34042
 51 -5.34042
 52 -5.34042
 53 -5.34042
 54 -5.34042
 55 -5.34042
 56 -5.34042
 57 -5.34042
 58 -5.34042
 59 -5.34042
 60 -5.34042
 61 -5.34042
 62 -5.34042
 63 -5.34042
 64 -5.34042
 65 -5.34042
 66 -5.34042
 67 -5.34042
 68 -5.34042
 69 -5.34042
 70 -5.34042
 71 -5.34042
 72 -5.34042
 73 -5.34042
 74 -5.34042
 75 -5.34042
 76 -5.34042
 77 -5.34042
 78 -5.34042
 79 -5.34042
 80 -5.34042
 81 -5.34042
 82 -5.34042
 83 -5.34042
 84 -5.34042
 85 -5.34042
 86 -5.34042
 87 -5.34042
 88 -5.34042
 89 -5.34042
 90 -5.34042
 91 -5.34042
 92 -5.34042
 93 -5.34042
 94 -5.34042
 95 -5.34042
 96 -5.34042
 97 -5.34042
 98 -5.34042
 99 -5.34042
 100 -5.34042
 101 -5.34042
 102 -5.34042
 103 -5.34042
 104 -5.34042
 105 -5.34042
 106 -5.34042
 107 -5.34042
 108 -5.34042
 109 -5.34042
 110 -5.34042
 111 -5.34042
 112 -5.34042
 113 -5.34042
 114 -5.34042
 115 -5.34042
 116 -5.34042
 117 -5.34042
 118 -5.34042
 119 -5.34042
 120 -5.34042
 121 -5.34042
 122 -5.34042
 123 -5.34042
 124 -5.34042
 125 -5.34042
 126 -5.34042
 127 -5.34042
 128 -5.34042
 129 -5.34042
 130 -5.34042
 131 -5.34042
 132 -5.34042
 133 -5.34042
 134 -5.34042
 135 -5.34042
 136 -5.34042
 137 -5.34042
 138 -5.34042
 139 -5.34042
 140 -5.34042
 141 -5.34042
 142 -5.34042
 143 -5.34042
 144 -5.34042
 145 -5.34042
 146 -5.34042
 147 -5.34042
 148 -5.34042
 149 -5.34042
 150 -5.34042
 151 -5.34042
 152 -5.34042
 153 -5.34042
 154 -5.34042
 155 -5.34042
 156 -5.34042
 157 -5.34042
 158 -5.34042
 159 -5.34042
 160 -5.34042
 161 -5.34042
 162 -5.34042
 163 -5.34042
 164 -5.34042
 165 -5.34042
 166 -5.34042
 167 -5.34042
 168 -5.34042
 169 -5.34042
 170 -5.34042
 171 -5.34042
 172 -5.34042
 173 -5.34042
 174 -5.34042
 175 -5.34042
 176 -5.34042
 177 -5.34042
 178 -5.34042
 179 -5.34042
 180 -5.34042
 181 -5.34042
 182 -5.34042
 183 -5.34042
 184 -5.34042
 185 -5.34042
