 1 -5.38537
 2 -5.35757
 3 -5.33091
 4 -5.28085
 5 -5.25736
 6 -5.19255
 7 -5.17271
 8 -5.11796
 9 -5.1012
 10 -5.08514
 11 -5.06974
 12 -5.05497
 13 -5.04082
 14 -5.02725
 15 -5.01425
 16 -5.00178
 17 -4.98983
 18 -4.97837
 19 -4.96738
 20 -4.95685
 21 -4.94675
 22 -4.91886
 23 -4.91031
 24 -4.89423
 25 -4.88667
 26 -4.87941
 27 -4.87243
 28 -4.86572
 29 -4.85927
 30 -4.85305
 31 -4.84707
 32 -4.84131
 33 -4.83574
 34 -4.83037
 35 -4.82518
 36 -4.82016
 37 -4.81529
 38 -4.81057
 39 -4.80151
 40 -4.79715
 41 -4.79289
 42 -4.78464
 43 -4.78063
 44 -4.77668
 45 -4.77277
 46 -4.76891
 47 -4.76127
 48 -4.75748
 49 -4.75369
 50 -4.73841
 51 -4.73452
 52 -4.72253
 53 -4.71841
 54 -4.71422
 55 -4.70994
 56 -4.70558
 57 -4.70112
 58 -4.69656
 59 -4.69189
 60 -4.6871
 61 -4.6822
 62 -4.67718
 63 -4.67203
 64 -4.66674
 65 -4.66131
 66 -4.65575
 67 -4.64417
 68 -4.63199
 69 -4.62566
 70 -4.61917
 71 -4.59871
 72 -4.59157
 73 -4.58425
 74 -4.56131
 75 -4.55333
 76 -4.54519
 77 -4.53689
 78 -4.52842
 79 -4.51981
 80 -4.51103
 81 -4.50211
 82 -4.49304
 83 -4.48383
 84 -4.465
 85 -4.45539
 86 -4.44567
 87 -4.42587
 88 -4.41581
 89 -4.40566
 90 -4.39542
 91 -4.38511
 92 -4.37472
 93 -4.35377
 94 -4.34322
 95 -4.33264
 96 -4.32203
 97 -4.31141
 98 -4.30078
 99 -4.27955
 100 -4.26896
 101 -4.25842
 102 -4.24792
 103 -4.23748
 104 -4.20662
 105 -4.19653
 106 -4.17668
 107 -4.16695
 108 -4.15737
 109 -4.14794
 110 -4.13867
 111 -4.12958
 112 -4.12066
 113 -4.11194
 114 -4.10341
 115 -4.09509
 116 -4.08698
 117 -4.07908
 118 -4.07141
 119 -4.06397
 120 -4.05675
 121 -4.04977
 122 -4.04302
 123 -4.03651
 124 -4.03023
 125 -4.02418
 126 -4.01837
 127 -4.01277
 128 -4.0074
 129 -4.00223
 130 -3.99727
 131 -3.99249
 132 -3.9879
 133 -3.98346
 134 -3.97917
 135 -3.97501
 136 -3.97095
 137 -3.96698
 138 -3.96306
 139 -3.95916
 140 -3.95526
 141 -3.95133
 142 -3.94731
 143 -3.94318
 144 -3.93889
 145 -3.9344
 146 -3.92965
 147 -3.92459
 148 -3.91916
 149 -3.9133
 150 -3.90696
 151 -3.90005
 152 -3.8925
 153 -3.88424
 154 -3.87518
 155 -3.86524
 156 -3.85432
 157 -3.84233
 158 -3.82916
 159 -3.81471
 160 -3.79886
 161 -3.78149
 162 -3.76248
 163 -3.74169
 164 -3.71899
 165 -3.69423
 166 -3.66726
 167 -3.63793
 168 -3.60606
