 1 -4.42355
 2 -4.42355
 3 -4.42355
 4 -4.42355
 5 -4.42355
 6 -4.42355
 7 -4.42355
 8 -4.42355
 9 -4.42355
 10 -4.42355
 11 -4.42355
 12 -4.42355
 13 -4.42355
 14 -4.42355
 15 -4.42355
 16 -4.42355
 17 -4.42355
 18 -4.42355
 19 -4.42355
 20 -4.42355
 21 -4.42355
 22 -4.42355
 23 -4.42355
 24 -4.42355
 25 -4.42355
 26 -4.42355
 27 -4.42355
 28 -4.42355
 29 -4.42355
 30 -4.42355
 31 -4.42355
 32 -4.42355
 33 -4.42355
 34 -4.42355
 35 -4.42355
 36 -4.42355
 37 -4.42355
 38 -4.42355
 39 -4.42355
 40 -4.42355
 41 -4.42355
 42 -4.42355
 43 -4.42355
 44 -4.42355
 45 -4.42355
 46 -4.42355
 47 -4.42355
 48 -4.42355
 49 -4.42355
 50 -4.42355
 51 -4.42355
 52 -4.42355
 53 -4.42355
 54 -4.42355
 55 -4.42355
 56 -4.42355
 57 -4.42355
 58 -4.42355
 59 -4.42355
 60 -4.42355
 61 -4.42355
 62 -4.42355
 63 -4.42355
 64 -4.42355
