 1 -7.19277
 2 -7.19277
 3 -7.19277
 4 -7.19277
 5 -7.19277
 6 -7.19277
 7 -7.19277
 8 -7.19277
 9 -7.19277
 10 -7.19277
 11 -7.19277
 12 -7.19277
 13 -7.19277
 14 -7.19277
 15 -7.19277
 16 -7.19277
 17 -7.19277
 18 -7.19277
 19 -7.19277
 20 -7.19277
 21 -7.19277
 22 -7.19277
 23 -7.19277
 24 -7.19277
 25 -7.19277
 26 -7.19277
 27 -7.19277
 28 -7.19277
 29 -7.19277
 30 -7.19277
 31 -7.19277
 32 -7.19277
 33 -7.19277
 34 -7.19277
 35 -7.19277
 36 -7.19277
 37 -7.19277
 38 -7.19277
 39 -7.19277
 40 -7.19277
 41 -7.19277
 42 -7.19277
 43 -7.19277
 44 -7.19277
 45 -7.19277
 46 -7.19277
 47 -7.19277
 48 -7.19277
 49 -7.19277
 50 -7.19277
 51 -7.19277
 52 -7.19277
 53 -7.19277
 54 -7.19277
 55 -7.19277
 56 -7.19277
 57 -7.19277
 58 -7.19277
 59 -7.19277
 60 -7.19277
 61 -7.19277
 62 -7.19277
 63 -7.19277
 64 -7.19277
 65 -7.19277
 66 -7.19277
 67 -7.19277
 68 -7.19277
 69 -7.19277
 70 -7.19277
 71 -7.19277
 72 -7.19277
 73 -7.19277
 74 -7.19277
 75 -7.19277
 76 -7.19277
 77 -7.19277
 78 -7.19277
 79 -7.19277
 80 -7.19277
 81 -7.19277
 82 -7.19277
 83 -7.19277
 84 -7.19277
 85 -7.19277
 86 -7.19277
 87 -7.19277
 88 -7.19277
 89 -7.19277
 90 -7.19277
 91 -7.19277
 92 -7.19277
 93 -7.19277
 94 -7.19277
 95 -7.19277
 96 -7.19277
 97 -7.19277
 98 -7.19277
 99 -7.19277
 100 -7.19277
 101 -7.19277
 102 -7.19277
 103 -7.19277
 104 -7.19277
 105 -7.19277
 106 -7.19277
 107 -7.19277
 108 -7.19277
 109 -7.19277
 110 -7.19277
 111 -7.19277
 112 -7.19277
 113 -7.19277
 114 -7.19277
 115 -7.19277
 116 -7.19277
 117 -7.19277
 118 -7.19277
 119 -7.19277
 120 -7.19277
 121 -7.19277
 122 -7.19277
 123 -7.19277
 124 -7.19277
 125 -7.19277
 126 -7.19277
 127 -7.19277
 128 -7.19277
 129 -7.19277
 130 -7.19277
 131 -7.19277
 132 -7.19277
 133 -7.19277
 134 -7.19277
 135 -7.19277
 136 -7.19277
 137 -7.19277
 138 -7.19277
 139 -7.19277
 140 -7.19277
 141 -7.19277
 142 -7.19277
 143 -7.19277
 144 -7.19277
 145 -7.19277
 146 -7.19277
 147 -7.19277
 148 -7.19277
 149 -7.19277
 150 -7.19277
 151 -7.19277
 152 -7.19277
 153 -7.19277
 154 -7.19277
 155 -7.19277
 156 -7.19277
 157 -7.19277
 158 -7.19277
 159 -7.19277
 160 -7.19277
 161 -7.19277
 162 -7.19277
 163 -7.19277
 164 -7.19277
 165 -7.19277
 166 -7.19277
 167 -7.19277
 168 -7.19277
 169 -7.19277
 170 -7.19277
 171 -7.19277
 172 -7.19277
 173 -7.19277
 174 -7.19277
 175 -7.19277
 176 -7.19277
 177 -7.19277
 178 -7.19277
 179 -7.19277
 180 -7.19277
 181 -7.19277
 182 -7.19277
 183 -7.19277
 184 -7.19277
 185 -7.19277
 186 -7.19277
 187 -7.19277
 188 -7.19277
 189 -7.19277
 190 -7.19277
 191 -7.19277
 192 -7.19277
