 1 -5.13389
 2 -5.13389
 3 -5.13389
 4 -5.13389
 5 -5.13389
 6 -5.13389
 7 -5.13389
 8 -5.13389
 9 -5.13389
 10 -5.13389
 11 -5.13389
 12 -5.13389
 13 -5.13389
 14 -5.13389
 15 -5.13389
 16 -5.13389
 17 -5.13389
 18 -5.13389
 19 -5.13389
 20 -5.13389
 21 -5.13389
 22 -5.13389
 23 -5.13389
 24 -5.13389
 25 -5.13389
 26 -5.13389
 27 -5.13389
 28 -5.13389
 29 -5.13389
 30 -5.13389
 31 -5.13389
 32 -5.13389
 33 -5.13389
 34 -5.13389
 35 -5.13389
 36 -5.13389
 37 -5.13389
 38 -5.13389
 39 -5.13389
 40 -5.13389
 41 -5.13389
 42 -5.13389
 43 -5.13389
 44 -5.13389
 45 -5.13389
 46 -5.13389
 47 -5.13389
 48 -5.13389
 49 -5.13389
 50 -5.13389
 51 -5.13389
 52 -5.13389
 53 -5.13389
 54 -5.13389
 55 -5.13389
 56 -5.13389
 57 -5.13389
 58 -5.13389
 59 -5.13389
 60 -5.13389
 61 -5.13389
 62 -5.13389
 63 -5.13389
 64 -5.13389
 65 -5.13389
 66 -5.13389
 67 -5.13389
 68 -5.13389
 69 -5.13389
 70 -5.13389
 71 -5.13389
 72 -5.13389
 73 -5.13389
 74 -5.13389
 75 -5.13389
 76 -5.13389
 77 -5.13389
 78 -5.13389
 79 -5.13389
 80 -5.13389
 81 -5.13389
 82 -5.13389
 83 -5.13389
 84 -5.13389
 85 -5.13389
 86 -5.13389
 87 -5.13389
 88 -5.13389
 89 -5.13389
 90 -5.13389
 91 -5.13389
 92 -5.13389
 93 -5.13389
 94 -5.13389
 95 -5.13389
 96 -5.13389
 97 -5.13389
 98 -5.13389
 99 -5.13389
 100 -5.13389
 101 -5.13389
 102 -5.13389
 103 -5.13389
 104 -5.13389
 105 -5.13389
 106 -5.13389
 107 -5.13389
 108 -5.13389
 109 -5.13389
 110 -5.13389
 111 -5.13389
 112 -5.13389
 113 -5.13389
 114 -5.13389
 115 -5.13389
 116 -5.13389
 117 -5.13389
 118 -5.13389
 119 -5.13389
 120 -5.13389
 121 -5.13389
 122 -5.13389
 123 -5.13389
 124 -5.13389
 125 -5.13389
 126 -5.13389
 127 -5.13389
 128 -5.13389
 129 -5.13389
 130 -5.13389
 131 -5.13389
 132 -5.13389
 133 -5.13389
 134 -5.13389
 135 -5.13389
 136 -5.13389
 137 -5.13389
 138 -5.13389
 139 -5.13389
 140 -5.13389
 141 -5.13389
 142 -5.13389
 143 -5.13389
 144 -5.13389
 145 -5.13389
 146 -5.13389
 147 -5.13389
 148 -5.13389
 149 -5.13389
 150 -5.13389
 151 -5.13389
 152 -5.13389
 153 -5.13389
 154 -5.13389
 155 -5.13389
 156 -5.13389
 157 -5.13389
 158 -5.13389
 159 -5.13389
 160 -5.13389
 161 -5.13389
 162 -5.13389
 163 -5.13389
 164 -5.13389
 165 -5.13389
 166 -5.13389
 167 -5.13389
 168 -5.13389
 169 -5.13389
 170 -5.13389
 171 -5.13389
 172 -5.13389
 173 -5.13389
 174 -5.13389
 175 -5.13389
 176 -5.13389
 177 -5.13389
 178 -5.13389
 179 -5.13389
 180 -5.13389
 181 -5.13389
 182 -5.13389
 183 -5.13389
 184 -5.13389
 185 -5.13389
 186 -5.13389
 187 -5.13389
 188 -5.13389
 189 -5.13389
 190 -5.13389
 191 -5.13389
 192 -5.13389
 193 -5.13389
 194 -5.13389
 195 -5.13389
 196 -5.13389
 197 -5.13389
 198 -5.13389
 199 -5.13389
 200 -5.13389
