 1 -6.34427
 2 -6.34427
 3 -6.34427
 4 -6.34427
 5 -6.34427
 6 -6.34427
 7 -6.34427
 8 -6.34427
 9 -6.34427
 10 -6.34427
 11 -6.34427
 12 -6.34427
 13 -6.34427
 14 -6.34427
 15 -6.34427
 16 -6.34427
 17 -6.34427
 18 -6.34427
 19 -6.34427
 20 -6.34427
 21 -6.34427
 22 -6.34427
 23 -6.34427
 24 -6.34427
 25 -6.34427
 26 -6.34427
 27 -6.34427
 28 -6.34427
 29 -6.34427
 30 -6.34427
 31 -6.34427
 32 -6.34427
 33 -6.34427
 34 -6.34427
 35 -6.34427
 36 -6.34427
 37 -6.34427
 38 -6.34427
 39 -6.34427
 40 -6.34427
 41 -6.34427
 42 -6.34427
 43 -6.34427
 44 -6.34427
 45 -6.34427
 46 -6.34427
 47 -6.34427
 48 -6.34427
 49 -6.34427
 50 -6.34427
 51 -6.34427
 52 -6.34427
 53 -6.34427
 54 -6.34427
 55 -6.34427
 56 -6.34427
 57 -6.34427
 58 -6.34427
 59 -6.34427
 60 -6.34427
 61 -6.34427
 62 -6.34427
 63 -6.34427
 64 -6.34427
 65 -6.34427
 66 -6.34427
 67 -6.34427
 68 -6.34427
 69 -6.34427
 70 -6.34427
 71 -6.34427
 72 -6.34427
 73 -6.34427
 74 -6.34427
 75 -6.34427
 76 -6.34427
 77 -6.34427
 78 -6.34427
 79 -6.34427
 80 -6.34427
 81 -6.34427
 82 -6.34427
 83 -6.34427
 84 -6.34427
