 1 -6.48488
 2 -6.48488
 3 -6.48488
 4 -6.48488
 5 -6.48488
 6 -6.48488
 7 -6.48488
 8 -6.48488
 9 -6.48488
 10 -6.48488
 11 -6.48488
 12 -6.48488
 13 -6.48488
 14 -6.48488
 15 -6.48488
 16 -6.48488
 17 -6.48488
 18 -6.48488
 19 -6.48488
 20 -6.48488
 21 -6.48488
 22 -6.48488
 23 -6.48488
 24 -6.48488
 25 -6.48488
 26 -6.48488
 27 -6.48488
 28 -6.48488
 29 -6.48488
 30 -6.48488
 31 -6.48488
 32 -6.48488
 33 -6.48488
 34 -6.48488
 35 -6.48488
 36 -6.48488
 37 -6.48488
 38 -6.48488
 39 -6.48488
 40 -6.48488
 41 -6.48488
 42 -6.48488
 43 -6.48488
 44 -6.48488
 45 -6.48488
 46 -6.48488
 47 -6.48488
 48 -6.48488
 49 -6.48488
 50 -6.48488
 51 -6.48488
 52 -6.48488
 53 -6.48488
 54 -6.48488
 55 -6.48488
 56 -6.48488
 57 -6.48488
 58 -6.48488
 59 -6.48488
 60 -6.48488
 61 -6.48488
 62 -6.48488
 63 -6.48488
 64 -6.48488
 65 -6.48488
 66 -6.48488
 67 -6.48488
 68 -6.48488
 69 -6.48488
 70 -6.48488
 71 -6.48488
 72 -6.48488
 73 -6.48488
 74 -6.48488
 75 -6.48488
 76 -6.48488
 77 -6.48488
 78 -6.48488
 79 -6.48488
 80 -6.48488
 81 -6.48488
 82 -6.48488
 83 -6.48488
 84 -6.48488
 85 -6.48488
 86 -6.48488
 87 -6.48488
 88 -6.48488
 89 -6.48488
 90 -6.48488
 91 -6.48488
 92 -6.48488
 93 -6.48488
 94 -6.48488
 95 -6.48488
 96 -6.48488
 97 -6.48488
 98 -6.48488
 99 -6.48488
 100 -6.48488
 101 -6.48488
 102 -6.48488
 103 -6.48488
 104 -6.48488
 105 -6.48488
 106 -6.48488
 107 -6.48488
 108 -6.48488
 109 -6.48488
 110 -6.48488
 111 -6.48488
 112 -6.48488
 113 -6.48488
 114 -6.48488
 115 -6.48488
 116 -6.48488
 117 -6.48488
 118 -6.48488
 119 -6.48488
 120 -6.48488
 121 -6.48488
 122 -6.48488
 123 -6.48488
 124 -6.48488
 125 -6.48488
 126 -6.48488
 127 -6.48488
 128 -6.48488
 129 -6.48488
 130 -6.48488
 131 -6.48488
 132 -6.48488
 133 -6.48488
 134 -6.48488
 135 -6.48488
 136 -6.48488
 137 -6.48488
 138 -6.48488
 139 -6.48488
 140 -6.48488
 141 -6.48488
 142 -6.48488
 143 -6.48488
 144 -6.48488
 145 -6.48488
 146 -6.48488
 147 -6.48488
 148 -6.48488
 149 -6.48488
 150 -6.48488
 151 -6.48488
 152 -6.48488
 153 -6.48488
 154 -6.48488
 155 -6.48488
 156 -6.48488
 157 -6.48488
 158 -6.48488
 159 -6.48488
 160 -6.48488
 161 -6.48488
 162 -6.48488
 163 -6.48488
 164 -6.48488
 165 -6.48488
 166 -6.48488
 167 -6.48488
 168 -6.48488
 169 -6.48488
 170 -6.48488
 171 -6.48488
 172 -6.48488
 173 -6.48488
 174 -6.48488
 175 -6.48488
 176 -6.48488
 177 -6.48488
 178 -6.48488
 179 -6.48488
 180 -6.48488
 181 -6.48488
 182 -6.48488
 183 -6.48488
 184 -6.48488
 185 -6.48488
 186 -6.48488
