 1 -3.54746
 2 -3.54746
 3 -3.54746
 4 -3.54746
 5 -3.54746
 6 -3.54746
 7 -3.54746
 8 -3.54746
 9 -3.54746
 10 -3.54746
 11 -3.54746
 12 -3.54746
 13 -3.54746
 14 -3.54746
 15 -3.54746
 16 -3.54746
 17 -3.54746
 18 -3.54746
 19 -3.54746
 20 -3.54746
 21 -3.54746
 22 -3.54746
 23 -3.54746
 24 -3.54746
 25 -3.54746
 26 -3.54746
 27 -3.54746
 28 -3.54746
 29 -3.54746
 30 -3.54746
 31 -3.54746
 32 -3.54746
 33 -3.54746
 34 -3.54746
 35 -3.54746
 36 -3.54746
 37 -3.54746
 38 -3.54746
 39 -3.54746
 40 -3.54746
 41 -3.54746
 42 -3.54746
 43 -3.54746
 44 -3.54746
 45 -3.54746
 46 -3.54746
 47 -3.54746
 48 -3.54746
 49 -3.54746
 50 -3.54746
 51 -3.54746
 52 -3.54746
 53 -3.54746
 54 -3.54746
 55 -3.54746
 56 -3.54746
 57 -3.54746
 58 -3.54746
 59 -3.54746
 60 -3.54746
 61 -3.54746
 62 -3.54746
 63 -3.54746
 64 -3.54746
 65 -3.54746
 66 -3.54746
 67 -3.54746
 68 -3.54746
 69 -3.54746
 70 -3.54746
 71 -3.54746
 72 -3.54746
 73 -3.54746
 74 -3.54746
 75 -3.54746
 76 -3.54746
 77 -3.54746
 78 -3.54746
 79 -3.54746
 80 -3.54746
 81 -3.54746
 82 -3.54746
 83 -3.54746
 84 -3.54746
 85 -3.54746
 86 -3.54746
 87 -3.54746
 88 -3.54746
 89 -3.54746
 90 -3.54746
 91 -3.54746
 92 -3.54746
 93 -3.54746
 94 -3.54746
 95 -3.54746
 96 -3.54746
 97 -3.54746
 98 -3.54746
 99 -3.54746
 100 -3.54746
 101 -3.54746
 102 -3.54746
 103 -3.54746
 104 -3.54746
 105 -3.54746
 106 -3.54746
 107 -3.54746
 108 -3.54746
 109 -3.54746
 110 -3.54746
 111 -3.54746
 112 -3.54746
 113 -3.54746
 114 -3.54746
 115 -3.54746
 116 -3.54746
 117 -3.54746
 118 -3.54746
 119 -3.54746
 120 -3.54746
 121 -3.54746
 122 -3.54746
 123 -3.54746
 124 -3.54746
 125 -3.54746
 126 -3.54746
 127 -3.54746
 128 -3.54746
 129 -3.54746
 130 -3.54746
 131 -3.54746
 132 -3.54746
 133 -3.54746
 134 -3.54746
 135 -3.54746
 136 -3.54746
 137 -3.54746
 138 -3.54746
 139 -3.54746
 140 -3.54746
 141 -3.54746
 142 -3.54746
 143 -3.54746
 144 -3.54746
 145 -3.54746
 146 -3.54746
 147 -3.54746
 148 -3.54746
 149 -3.54746
 150 -3.54746
 151 -3.54746
 152 -3.54746
 153 -3.54746
 154 -3.54746
 155 -3.54746
 156 -3.54746
 157 -3.54746
 158 -3.54746
 159 -3.54746
 160 -3.54746
 161 -3.54746
 162 -3.54746
 163 -3.54746
 164 -3.54746
 165 -3.54746
 166 -3.54746
 167 -3.54746
 168 -3.54746
 169 -3.54746
 170 -3.54746
 171 -3.54746
 172 -3.54746
 173 -3.54746
 174 -3.54746
 175 -3.54746
 176 -3.54746
 177 -3.54746
 178 -3.54746
 179 -3.54746
 180 -3.54746
 181 -3.54746
 182 -3.54746
 183 -3.54746
 184 -3.54746
 185 -3.54746
 186 -3.54746
 187 -3.54746
 188 -3.54746
 189 -3.54746
 190 -3.54746
 191 -3.54746
 192 -3.54746
 193 -3.54746
 194 -3.54746
 195 -3.54746
 196 -3.54746
 197 -3.54746
 198 -3.54746
 199 -3.54746
 200 -3.54746
