 1 -5.78567
 2 -5.78567
 3 -5.78567
 4 -5.78567
 5 -5.78567
 6 -5.78567
 7 -5.78567
 8 -5.78567
 9 -5.78567
 10 -5.78567
 11 -5.78567
 12 -5.78567
 13 -5.78567
 14 -5.78567
 15 -5.78567
 16 -5.78567
 17 -5.78567
 18 -5.78567
 19 -5.78567
 20 -5.78567
 21 -5.78567
 22 -5.78567
 23 -5.78567
 24 -5.78567
 25 -5.78567
 26 -5.78567
 27 -5.78567
 28 -5.78567
 29 -5.78567
 30 -5.78567
 31 -5.78567
 32 -5.78567
 33 -5.78567
 34 -5.78567
 35 -5.78567
 36 -5.78567
 37 -5.78567
 38 -5.78567
 39 -5.78567
 40 -5.78567
 41 -5.78567
 42 -5.78567
 43 -5.78567
 44 -5.78567
 45 -5.78567
 46 -5.78567
 47 -5.78567
 48 -5.78567
 49 -5.78567
 50 -5.78567
 51 -5.78567
 52 -5.78567
 53 -5.78567
 54 -5.78567
 55 -5.78567
 56 -5.78567
 57 -5.78567
 58 -5.78567
 59 -5.78567
 60 -5.78567
 61 -5.78567
 62 -5.78567
 63 -5.78567
 64 -5.78567
 65 -5.78567
 66 -5.78567
 67 -5.78567
 68 -5.78567
 69 -5.78567
 70 -5.78567
 71 -5.78567
 72 -5.78567
 73 -5.78567
 74 -5.78567
 75 -5.78567
 76 -5.78567
 77 -5.78567
 78 -5.78567
 79 -5.78567
 80 -5.78567
 81 -5.78567
 82 -5.78567
 83 -5.78567
 84 -5.78567
 85 -5.78567
 86 -5.78567
 87 -5.78567
 88 -5.78567
 89 -5.78567
 90 -5.78567
 91 -5.78567
 92 -5.78567
 93 -5.78567
 94 -5.78567
 95 -5.78567
 96 -5.78567
 97 -5.78567
 98 -5.78567
 99 -5.78567
 100 -5.78567
 101 -5.78567
 102 -5.78567
 103 -5.78567
 104 -5.78567
 105 -5.78567
 106 -5.78567
 107 -5.78567
 108 -5.78567
 109 -5.78567
 110 -5.78567
 111 -5.78567
 112 -5.78567
 113 -5.78567
 114 -5.78567
 115 -5.78567
 116 -5.78567
 117 -5.78567
