 1 -5.60788
 2 -5.56333
 3 -5.52104
 4 -5.50747
 5 -5.49417
 6 -5.48114
 7 -5.46837
 8 -5.45587
 9 -5.41992
 10 -5.40843
 11 -5.39718
 12 -5.38616
 13 -5.37537
 14 -5.36478
 15 -5.3544
 16 -5.34421
 17 -5.3342
 18 -5.32436
 19 -5.31469
 20 -5.30515
 21 -5.29576
 22 -5.28649
 23 -5.27733
 24 -5.26827
 25 -5.2593
 26 -5.2504
 27 -5.24157
 28 -5.23279
 29 -5.22405
 30 -5.21534
 31 -5.20665
 32 -5.19796
 33 -5.18926
 34 -5.18055
 35 -5.17181
 36 -5.16304
 37 -5.15422
 38 -5.14534
 39 -5.1364
 40 -5.12739
 41 -5.11829
 42 -5.10911
 43 -5.09983
 44 -5.09045
 45 -5.08096
 46 -5.07135
 47 -5.06163
 48 -5.05178
 49 -5.0418
 50 -5.03168
 51 -5.02143
 52 -5.01104
 53 -5.00051
 54 -4.98984
 55 -4.97902
 56 -4.96805
 57 -4.95694
 58 -4.94568
 59 -4.93428
 60 -4.92274
 61 -4.91105
 62 -4.89922
 63 -4.88725
 64 -4.87514
 65 -4.86291
 66 -4.85054
 67 -4.83805
 68 -4.82545
 69 -4.81272
 70 -4.79989
 71 -4.78695
 72 -4.77391
 73 -4.76078
 74 -4.74757
 75 -4.73427
 76 -4.7209
 77 -4.70747
 78 -4.69398
 79 -4.68044
 80 -4.66685
 81 -4.65323
 82 -4.63958
 83 -4.62592
 84 -4.61224
 85 -4.59856
 86 -4.57123
 87 -4.55759
 88 -4.54398
 89 -4.53041
 90 -4.51689
 91 -4.50343
 92 -4.49002
 93 -4.47669
 94 -4.46344
 95 -4.45027
 96 -4.4372
 97 -4.42423
 98 -4.41137
 99 -4.39862
 100 -4.38599
 101 -4.37348
 102 -4.36112
 103 -4.34889
 104 -4.3368
 105 -4.32486
 106 -4.31307
 107 -4.30144
 108 -4.28997
 109 -4.27867
 110 -4.26753
 111 -4.25655
 112 -4.24575
 113 -4.23512
 114 -4.22466
 115 -4.21438
 116 -4.20426
 117 -4.19432
 118 -4.18455
 119 -4.17494
 120 -4.16551
 121 -4.15623
 122 -4.14712
 123 -4.13816
 124 -4.12935
 125 -4.12068
 126 -4.11216
 127 -4.10377
 128 -4.09551
 129 -4.08736
 130 -4.07932
 131 -4.07139
 132 -4.06355
 133 -4.05579
 134 -4.04811
 135 -4.04049
 136 -4.03291
 137 -4.02538
 138 -4.01787
 139 -4.01038
 140 -4.00289
 141 -3.99538
 142 -3.98784
 143 -3.98026
 144 -3.97263
 145 -3.96492
 146 -3.95712
 147 -3.94922
 148 -3.9412
 149 -3.93304
 150 -3.92473
 151 -3.91624
 152 -3.90757
 153 -3.8987
 154 -3.8896
 155 -3.88027
 156 -3.87068
 157 -3.86082
 158 -3.85067
 159 -3.84021
 160 -3.82944
 161 -3.81832
 162 -3.80685
 163 -3.79502
 164 -3.7828
 165 -3.77018
 166 -3.75715
 167 -3.7437
 168 -3.72982
 169 -3.71548
 170 -3.70069
 171 -3.68543
 172 -3.6697
 173 -3.65349
 174 -3.63679
 175 -3.61959
 176 -3.60191
 177 -3.58372
 178 -3.56504
 179 -3.54586
 180 -3.52619
 181 -3.50604
 182 -3.48541
 183 -3.46431
 184 -3.44275
 185 -3.42075
 186 -3.39833
 187 -3.3755
 188 -3.35229
 189 -3.32872
