 1 -2.92291
 2 -2.92291
 3 -2.92291
 4 -2.92291
 5 -2.92291
 6 -2.92291
 7 -2.92291
 8 -2.92291
 9 -2.92291
 10 -2.92291
 11 -2.92291
 12 -2.92291
 13 -2.92291
 14 -2.92291
 15 -2.92291
 16 -2.92291
 17 -2.92291
 18 -2.92291
 19 -2.92291
 20 -2.92291
 21 -2.92291
 22 -2.92291
 23 -2.92291
 24 -2.92291
 25 -2.92291
 26 -2.92291
 27 -2.92291
 28 -2.92291
 29 -2.92291
 30 -2.92291
 31 -2.92291
 32 -2.92291
 33 -2.92291
 34 -2.92291
 35 -2.92291
 36 -2.92291
 37 -2.92291
 38 -2.92291
 39 -2.92291
 40 -2.92291
 41 -2.92291
 42 -2.92291
 43 -2.92291
 44 -2.92291
 45 -2.92291
 46 -2.92291
 47 -2.92291
 48 -2.92291
 49 -2.92291
 50 -2.92291
 51 -2.92291
 52 -2.92291
 53 -2.92291
 54 -2.92291
 55 -2.92291
 56 -2.92291
 57 -2.92291
 58 -2.92291
 59 -2.92291
 60 -2.92291
 61 -2.92291
 62 -2.92291
 63 -2.92291
 64 -2.92291
 65 -2.92291
 66 -2.92291
 67 -2.92291
 68 -2.92291
