 1 -5.10333
 2 -5.10333
 3 -5.10333
 4 -5.10333
 5 -5.10333
 6 -5.10333
 7 -5.10333
 8 -5.10333
 9 -5.10333
 10 -5.10333
 11 -5.10333
 12 -5.10333
 13 -5.10333
 14 -5.10333
 15 -5.10333
 16 -5.10333
 17 -5.10333
 18 -5.10333
 19 -5.10333
 20 -5.10333
 21 -5.10333
 22 -5.10333
 23 -5.10333
 24 -5.10333
 25 -5.10333
 26 -5.10333
 27 -5.10333
 28 -5.10333
 29 -5.10333
 30 -5.10333
 31 -5.10333
 32 -5.10333
 33 -5.10333
 34 -5.10333
 35 -5.10333
 36 -5.10333
 37 -5.10333
 38 -5.10333
 39 -5.10333
 40 -5.10333
 41 -5.10333
 42 -5.10333
 43 -5.10333
 44 -5.10333
 45 -5.10333
 46 -5.10333
 47 -5.10333
 48 -5.10333
 49 -5.10333
 50 -5.10333
 51 -5.10333
 52 -5.10333
 53 -5.10333
 54 -5.10333
 55 -5.10333
 56 -5.10333
 57 -5.10333
 58 -5.10333
 59 -5.10333
 60 -5.10333
 61 -5.10333
 62 -5.10333
 63 -5.10333
 64 -5.10333
 65 -5.10333
 66 -5.10333
 67 -5.10333
 68 -5.10333
 69 -5.10333
 70 -5.10333
 71 -5.10333
 72 -5.10333
 73 -5.10333
 74 -5.10333
 75 -5.10333
 76 -5.10333
 77 -5.10333
 78 -5.10333
 79 -5.10333
 80 -5.10333
 81 -5.10333
 82 -5.10333
 83 -5.10333
 84 -5.10333
 85 -5.10333
 86 -5.10333
 87 -5.10333
 88 -5.10333
 89 -5.10333
 90 -5.10333
 91 -5.10333
 92 -5.10333
 93 -5.10333
 94 -5.10333
 95 -5.10333
 96 -5.10333
 97 -5.10333
 98 -5.10333
 99 -5.10333
 100 -5.10333
 101 -5.10333
 102 -5.10333
 103 -5.10333
 104 -5.10333
 105 -5.10333
 106 -5.10333
 107 -5.10333
 108 -5.10333
 109 -5.10333
 110 -5.10333
 111 -5.10333
 112 -5.10333
 113 -5.10333
 114 -5.10333
 115 -5.10333
 116 -5.10333
 117 -5.10333
 118 -5.10333
 119 -5.10333
 120 -5.10333
 121 -5.10333
 122 -5.10333
 123 -5.10333
 124 -5.10333
 125 -5.10333
 126 -5.10333
 127 -5.10333
 128 -5.10333
 129 -5.10333
 130 -5.10333
 131 -5.10333
 132 -5.10333
 133 -5.10333
 134 -5.10333
 135 -5.10333
 136 -5.10333
 137 -5.10333
 138 -5.10333
 139 -5.10333
 140 -5.10333
 141 -5.10333
 142 -5.10333
 143 -5.10333
 144 -5.10333
 145 -5.10333
 146 -5.10333
 147 -5.10333
 148 -5.10333
 149 -5.10333
 150 -5.10333
 151 -5.10333
 152 -5.10333
 153 -5.10333
 154 -5.10333
 155 -5.10333
 156 -5.10333
 157 -5.10333
