 1 -4.10937
 2 -4.10937
 3 -4.10937
 4 -4.10937
 5 -4.10937
 6 -4.10937
 7 -4.10937
 8 -4.10937
 9 -4.10937
 10 -4.10937
 11 -4.10937
 12 -4.10937
 13 -4.10937
 14 -4.10937
 15 -4.10937
 16 -4.10937
 17 -4.10937
 18 -4.10937
 19 -4.10937
 20 -4.10937
 21 -4.10937
 22 -4.10937
 23 -4.10937
 24 -4.10937
 25 -4.10937
 26 -4.10937
 27 -4.10937
 28 -4.10937
 29 -4.10937
 30 -4.10937
 31 -4.10937
 32 -4.10937
 33 -4.10937
 34 -4.10937
 35 -4.10937
 36 -4.10937
 37 -4.10937
 38 -4.10937
 39 -4.10937
 40 -4.10937
 41 -4.10937
 42 -4.10937
 43 -4.10937
 44 -4.10937
 45 -4.10937
 46 -4.10937
 47 -4.10937
 48 -4.10937
 49 -4.10937
 50 -4.10937
 51 -4.10937
 52 -4.10937
 53 -4.10937
 54 -4.10937
 55 -4.10937
 56 -4.10937
 57 -4.10937
 58 -4.10937
 59 -4.10937
 60 -4.10937
 61 -4.10937
 62 -4.10937
 63 -4.10937
 64 -4.10937
 65 -4.10937
 66 -4.10937
 67 -4.10937
 68 -4.10937
 69 -4.10937
 70 -4.10937
 71 -4.10937
 72 -4.10937
 73 -4.10937
 74 -4.10937
 75 -4.10937
 76 -4.10937
 77 -4.10937
 78 -4.10937
 79 -4.10937
 80 -4.10937
 81 -4.10937
 82 -4.10937
 83 -4.10937
 84 -4.10937
 85 -4.10937
 86 -4.10937
 87 -4.10937
