 1 -6.8399
 2 -6.88187
 3 -6.95717
 4 -6.97453
 5 -7.09948
 6 -7.25329
 7 -7.26712
 8 -7.30887
 9 -7.3229
 10 -7.36541
 11 -7.40864
 12 -7.42322
 13 -7.43789
 14 -7.45265
 15 -7.48244
 16 -7.49747
 17 -7.54306
 18 -7.55842
 19 -7.60496
 20 -7.86101
 21 -7.90972
 22 -7.9422
 23 -8.02326
 24 -8.05558
 25 -8.07172
 26 -8.10393
 27 -8.13606
 28 -8.15209
 29 -8.18409
 30 -8.20005
 31 -8.21599
 32 -8.24781
 33 -8.26368
 34 -8.27954
 35 -8.31121
 36 -8.32701
 37 -8.35859
 38 -8.37436
 39 -8.39012
 40 -8.40587
 41 -8.43736
 42 -8.4531
 43 -8.46884
 44 -8.50033
 45 -8.53185
 46 -8.54762
 47 -8.56341
 48 -8.57921
 49 -8.59503
 50 -8.61087
 51 -8.64261
 52 -8.65852
 53 -8.69041
 54 -8.70641
 55 -8.72243
 56 -8.73848
 57 -8.75457
 58 -8.77069
 59 -8.78685
 60 -8.80304
 61 -8.81927
 62 -8.83553
 63 -8.85184
 64 -8.86817
 65 -8.88454
 66 -8.90095
 67 -8.91739
 68 -8.93387
 69 -8.95037
 70 -8.96691
 71 -8.98348
 72 -9.00007
 73 -9.01668
 74 -9.03332
 75 -9.04998
 76 -9.06665
 77 -9.08333
 78 -9.10002
 79 -9.11672
 80 -9.13342
 81 -9.15011
 82 -9.16679
 83 -9.20011
 84 -9.21674
 85 -9.23333
 86 -9.24989
 87 -9.2664
 88 -9.28286
 89 -9.29927
 90 -9.31561
 91 -9.33188
 92 -9.34808
 93 -9.36418
 94 -9.38019
 95 -9.4119
 96 -9.42757
 97 -9.45854
 98 -9.4738
 99 -9.48892
 100 -9.50387
 101 -9.51865
 102 -9.53324
 103 -9.54765
 104 -9.56185
 105 -9.57585
 106 -9.58964
 107 -9.60319
 108 -9.61651
 109 -9.62959
 110 -9.64242
 111 -9.65499
 112 -9.67932
 113 -9.69107
 114 -9.70253
 115 -9.72456
 116 -9.73512
 117 -9.74537
 118 -9.77423
