259125 259125 1.46317e-05 0.000461741 0.00663836 0.00550603 0.00278685 0.00199497 0.00189043 0.00195968 0.00205979 0.00214464 0.00220894 0.00226529 0.00232691 0.00238503 0.00242475 0.00243931  1.33591e+08 1.79677e+08 1.5219e+07 7.54895e+06 3.93959e+06 6.5403e+06 1.08714e+06 665649 540619 697347 228934 134829 132117 139023 61864.7 6820.41
7.67574e+06 7.67574e+06 0.000131461 0.0041399 0.0578725 0.0482545 0.0247238 0.0177646 0.016844 0.0174567 0.0183404 0.0190882 0.0196547 0.0201518 0.0206965 0.0212108 0.0215626 0.0216916  1.89565e+07 8.00229e+07 1.11991e+08 1.05466e+07 5.67493e+06 3.2576e+06 5.37046e+06 987659 598724 501742 603342 203990 120265 122859 132381 68438.1
2.06513e+06 2.06513e+06 5.08706e-05 0.0016045 0.0228911 0.019042 0.00967275 0.00692654 0.00656107 0.00679893 0.0071443 0.0074372 0.00765929 0.00785411 0.00806733 0.00826855 0.0084061 0.00845652  1.45751e+07 1.04428e+07 3.81092e+07 5.3675e+07 6.30033e+06 3.72088e+06 2.5309e+06 3.78295e+06 912052 545745 500952 537258 199350 119940 130340 215546
535675 535675 5.56614e-05 0.00175534 0.0250002 0.0207868 0.0105655 0.00757034 0.00717327 0.00743436 0.00781237 0.00813271 0.0083755 0.00858843 0.00882148 0.00904141 0.00919176 0.00924688  3.68554e+08 3.70064e+06 2.80026e+06 1.05286e+07 1.60989e+07 2.05376e+06 1.2431e+06 861064 1.25005e+06 304919 178411 163259 174391 67275.5 42087.4 126297
331108 331108 3.93225e-05 0.00124033 0.0177203 0.0147084 0.0074644 0.00534898 0.00507026 0.00525622 0.00552451 0.00575177 0.00592397 0.00607491 0.00623998 0.00639571 0.00650214 0.00654115  1.4042e+08 1.20121e+08 2.35958e+06 2.03009e+06 4.739e+06 7.35045e+06 1.48722e+06 928554 812491 959613 338532 200390 198475 199937 86873.4 229162
7.57795e+06 7.57795e+06 0.000196969 0.00619534 0.0852434 0.0712588 0.0367603 0.0264738 0.0251145 0.0260264 0.0273381 0.0284469 0.0292865 0.0300237 0.0308323 0.0315964 0.0321192 0.0323109  1.14661e+08 8.46791e+07 7.57002e+07 1.80689e+06 1.73065e+06 3.83723e+06 5.97443e+06 1.30202e+06 802300 706537 795121 284171 168978 173602 180551 296346
2.37118e+06 2.37118e+06 6.56211e-05 0.00206907 0.0293996 0.0244572 0.012444 0.00891877 0.0084512 0.00875857 0.00920363 0.00958083 0.00986675 0.0101176 0.0103921 0.0106511 0.0108282 0.0108931  9.19138e+07 5.34751e+07 4.13987e+07 3.69717e+07 1.50615e+06 1.6703e+06 2.82246e+06 4.09221e+06 1.09957e+06 664016 614315 639650 244974 149644 162351 452497
563895 563895 3.90779e-05 0.00123273 0.017627 0.014645 0.00743085 0.00532154 0.00504202 0.00522575 0.00549185 0.00571741 0.00588838 0.0060383 0.00620232 0.00635707 0.00646286 0.00650164  3.65081e+08 2.28493e+07 1.39607e+07 1.13889e+07 1.10967e+07 511436 583866 952065 1.34515e+06 363544 214527 197242 205114 81546.2 51825 221665
214442 214442 1.77447e-05 0.000559995 0.00805095 0.00668464 0.003384 0.00242126 0.00229349 0.00237701 0.00249817 0.00260094 0.00267886 0.00274718 0.0028219 0.00289239 0.00294056 0.00295822  2.62131e+06 1.11554e+08 7.72749e+06 6.36403e+06 5.86907e+06 6.24544e+06 713057 745526 836816 995093 370807 220105 215180 214862 95466.1 336129
1.15862e+07 1.15862e+07 0.000339906 0.0106634 0.14182 0.11924 0.0624196 0.0451686 0.0428896 0.044438 0.0466543 0.0485236 0.0499376 0.051181 0.0525484 0.0538423 0.0547284 0.0550535  1.23616e+08 2.18798e+06 6.9759e+07 5.5257e+06 5.05271e+06 4.90845e+06 5.2788e+06 658675 678232 721954 821538 309298 184409 186818 192830 402307
1.39752e+06 1.39752e+06 8.22639e-05 0.00259308 0.0367023 0.0305591 0.0155754 0.0111681 0.0105829 0.0109671 0.0115234 0.0119949 0.0123523 0.0126658 0.0130091 0.0133331 0.0135547 0.0136359  1.38934e+08 5.50886e+07 2.39875e+06 3.04253e+07 3.4824e+06 3.81065e+06 3.80454e+06 3.95365e+06 615807 619520 599220 635703 255357 156288 166893 540063
843139 843139 8.05803e-05 0.00254008 0.0359645 0.0299405 0.0152576 0.0109401 0.0103671 0.0107435 0.0112886 0.0117504 0.0121004 0.0124074 0.0127436 0.013061 0.013278 0.0133576  1.67263e+08 3.46194e+07 1.42584e+07 717863 9.01801e+06 1.14984e+06 1.29885e+06 1.29336e+06 1.31674e+06 205887 202247 191449 202989 84617.3 53877 253734
226313 226313 2.05964e-05 0.000650006 0.00934494 0.00776637 0.00393226 0.0028123 0.00266296 0.00275939 0.00289975 0.00301886 0.00310921 0.00318845 0.00327514 0.00335694 0.00341284 0.00343334  2.65183e+06 5.1831e+07 1.2543e+07 5.06274e+06 1.11613e+06 4.63736e+06 1.14578e+06 1.37173e+06 1.29224e+06 1.16758e+06 256552 227512 204411 209216 97070.9 369859
6.98331e+06 6.98331e+06 0.000367341 0.0115198 0.152402 0.128458 0.0674191 0.0487858 0.0463026 0.0479563 0.050335 0.0523426 0.0538617 0.0551988 0.0566708 0.0580644 0.059019 0.0593694  1.75017e+08 2.0413e+06 3.25816e+07 8.90204e+06 3.76969e+06 1.10666e+06 3.96399e+06 1.07773e+06 1.23095e+06 1.12302e+06 974856 215211 191808 177048 187459 434103
1.3257e+06 1.3257e+06 0.000116113 0.0036579 0.0513636 0.0428395 0.021911 0.015726 0.0149033 0.0154425 0.0162234 0.016885 0.0173864 0.0178265 0.0183088 0.0187641 0.0190755 0.0191897  1.45092e+08 7.82771e+07 1.95622e+06 1.44068e+07 5.36752e+06 2.23563e+06 1.26843e+06 3.07548e+06 1.05432e+06 1.08555e+06 944453 772630 179159 164493 156695 558574
694206 694206 5.57111e-05 0.00175709 0.0250487 0.0208511 0.0105963 0.00758673 0.00718507 0.00744462 0.00782215 0.00814238 0.00838519 0.00859825 0.00883151 0.00905169 0.00920222 0.00925741  4.05991e+08 3.63484e+07 2.02463e+07 570004 4.2286e+06 1.75159e+06 733298 446597 1.02414e+06 352230 351384 300643 246094 59125.5 56472.1 255128
208265 208265 1.4322e-05 0.000452017 0.00650517 0.00540156 0.00273338 0.00195524 0.00185184 0.00191919 0.00201699 0.00209997 0.00216289 0.00221806 0.0022784 0.00233532 0.00237422 0.00238848  1.34226e+08 1.24586e+08 1.40153e+07 7.45546e+06 847547 2.45523e+06 1.59505e+06 485221 624510 981510 423135 402957 335948 261954 74678.6 375999
1.87169e+07 1.87169e+07 0.000479629 0.0149992 0.192031 0.16128 0.0856958 0.0625669 0.0596447 0.0618819 0.0649874 0.0675872 0.0695468 0.0712676 0.0731601 0.0749512 0.076178 0.0766284  6.04439e+07 8.01988e+07 7.77403e+07 9.7047e+06 5.57235e+06 828632 2.13255e+06 1.4419e+06 414353 561331 838019 361320 339583 290802 234167 419046
3.11042e+06 3.11042e+06 9.98279e-05 0.00314553 0.0443083 0.0368949 0.0188413 0.0135237 0.0128204 0.0132874 0.0139617 0.0145327 0.0149653 0.0153448 0.0157603 0.0161526 0.0164208 0.0165192  1.31072e+08 2.84713e+07 3.71683e+07 3.06068e+07 4.82125e+06 3.18552e+06 909351 1.70027e+06 1.25963e+06 316131 503869 693690 310308 285944 252360 574756
614055 614055 5.71324e-05 0.00180184 0.0256739 0.0213689 0.0108614 0.00777782 0.00736671 0.00763312 0.0080203 0.00834865 0.00859759 0.00881602 0.00905516 0.00928088 0.00943521 0.00949179  2.57222e+08 3.28645e+07 7.43609e+06 9.94992e+06 8.95862e+06 1.54962e+06 1.04886e+06 320453 571022 417982 101203 162204 223081 103202 98485.6 295673
449637 449637 3.78778e-05 0.00119504 0.0171114 0.0142342 0.00721998 0.00516598 0.00489175 0.00506852 0.00532586 0.00554423 0.00570984 0.00585514 0.00601416 0.00616423 0.00626682 0.00630443  1.25814e+07 8.2757e+07 1.31043e+07 3.36008e+06 4.25558e+06 4.43507e+06 1.08693e+06 753869 449885 595680 456965 99382.5 187640 252565 124833 486812
1.32361e+07 1.32361e+07 0.00050626 0.0158307 0.202137 0.170671 0.0908749 0.0662215 0.0630152 0.0653101 0.0685465 0.0712638 0.0733149 0.0751199 0.0771092 0.078994 0.0802858 0.0807602  1.43972e+08 8.21558e+06 5.19183e+07 9.14366e+06 2.57564e+06 3.42557e+06 3.72139e+06 923979 645930 402427 507861 381699 82955.1 163124 227683 567823
958097 958097 6.48764e-05 0.00204582 0.0291005 0.0242338 0.0123272 0.00882864 0.00836166 0.00866359 0.00910269 0.00947514 0.00975756 0.0100054 0.0102768 0.0105329 0.0107081 0.0107723  1.82565e+08 6.56646e+07 5.30173e+06 2.09324e+07 4.97905e+06 1.68016e+06 2.28738e+06 2.68535e+06 680100 500148 359035 420951 311926 68782.5 144297 708992
1.11179e+06 1.11179e+06 9.41448e-05 0.00296728 0.041921 0.034965 0.0178397 0.0127865 0.0121106 0.0125462 0.0131801 0.0137175 0.0141249 0.0144825 0.0148745 0.0152446 0.0154978 0.0155906  3.07035e+08 4.58005e+07 1.70829e+07 1.52564e+06 6.29851e+06 1.64278e+06 568436 768560 896295 222716 161435 116272 136302 103915 23812.7 307931
1.66214e+06 1.66214e+06 0.000108374 0.00341439 0.0480091 0.0400037 0.0204461 0.0146767 0.0139121 0.0144176 0.0151481 0.0157666 0.0162353 0.0166465 0.0170969 0.0175222 0.017813 0.0179197  4.42362e+07 1.03885e+08 1.84066e+07 6.73092e+06 1.54497e+06 3.35135e+06 1.38238e+06 503913 618481 798243 198414 169307 134802 157413 119412 404283
2.0493e+07 2.0493e+07 0.000633944 0.0197833 0.245934 0.209322 0.112821 0.0823872 0.0783483 0.0811258 0.0850768 0.0883953 0.0909013 0.0931127 0.0955586 0.0978803 0.0994733 0.100059  1.82789e+07 2.6911e+07 6.55499e+07 1.24231e+07 4.89513e+06 1.40876e+06 2.76408e+06 1.20581e+06 431800 523412 666417 159066 139591 115723 139960 479673
2.32641e+06 2.32641e+06 0.000125526 0.00395398 0.0554227 0.0462708 0.0236871 0.0169994 0.0161067 0.0166869 0.0175288 0.0182423 0.0187831 0.019258 0.0197785 0.0202701 0.0206064 0.0207297  6.62894e+07 1.00756e+07 1.33976e+07 2.61207e+07 6.81412e+06 2.99187e+06 1.40287e+06 1.94767e+06 985576 340931 417094 536174 118995 114548 101430 545400
970094 970094 0.000177181 0.0055752 0.0771063 0.0644355 0.0331698 0.0238646 0.0226312 0.0234508 0.0246325 0.0256319 0.0263886 0.0270531 0.0277821 0.0284709 0.0289421 0.029115  2.88649e+08 1.64855e+07 2.69465e+06 3.59516e+06 7.71489e+06 2.23338e+06 995710 489803 643528 324381 109482 132482 171702 38960.7 39301.9 231293
983878 983878 0.000126001 0.00396917 0.055662 0.0465045 0.0238052 0.0170766 0.0161747 0.0167544 0.0175982 0.0183135 0.0188558 0.0193321 0.0198544 0.0203478 0.0206854 0.0208091  1.02074e+08 9.01659e+07 5.60524e+06 1.70576e+06 1.97274e+06 4.80684e+06 2.10299e+06 824928 655100 555290 335816 115168 140438 194343 42786 338378
1.7e+07 1.7e+07 0.000641591 0.0200245 0.249068 0.21265 0.114661 0.0835981 0.0794 0.0821588 0.0861289 0.0894709 0.0919974 0.0942298 0.0967021 0.0990502 0.100662 0.101254  2.09901e+07 6.11669e+07 5.60349e+07 3.71037e+06 1.30494e+06 1.64302e+06 4.05592e+06 1.87037e+06 705355 574064 455664 274517 94228 119895 172662 348322
1.70336e+06 1.70336e+06 7.55546e-05 0.00238198 0.0337804 0.0281297 0.0143262 0.0102673 0.00972713 0.0100794 0.0105904 0.0110237 0.0113521 0.0116403 0.0119559 0.0122538 0.0124574 0.0125321  1.08982e+08 1.00329e+07 2.86331e+07 2.05993e+07 1.9513e+06 946796 1.29221e+06 3.05545e+06 1.61045e+06 555431 498536 350659 217803 76007.4 104173 458192
758722 758722 0.000110813 0.00349169 0.0491448 0.0410326 0.0209709 0.0150359 0.0142405 0.0147513 0.015495 0.0161255 0.0166035 0.0170233 0.0174835 0.0179183 0.0182156 0.0183247  2.47971e+08 2.71096e+07 2.62989e+06 7.80765e+06 6.12533e+06 641382 324112 442921 1.02508e+06 536836 179658 161054 112701 72373.2 26256.3 202726
535113 535113 5.96869e-05 0.00188222 0.0267893 0.0222865 0.0113319 0.0081186 0.00769168 0.00797093 0.0083758 0.008719 0.00897916 0.00920738 0.00945718 0.00969294 0.00985412 0.00991321  9.53712e+07 7.84516e+07 9.54123e+06 1.28582e+06 3.5466e+06 2.96815e+06 598733 330578 458244 967488 595803 193032 187876 121134 82880.9 282664
1.74915e+07 1.74915e+07 0.000733744 0.0228495 0.276999 0.23591 0.128434 0.0942817 0.0898448 0.093085 0.0976209 0.101415 0.104275 0.106797 0.109589 0.11224 0.11406 0.114729  1.74474e+07 5.75454e+07 4.92842e+07 6.56916e+06 1.00826e+06 2.88704e+06 2.43453e+06 547360 284022 395671 801984 495387 159775 162007 107601 336916
1.39491e+06 1.39491e+06 6.62597e-05 0.00208911 0.0296701 0.0246734 0.0125556 0.00900123 0.00853086 0.00884189 0.00929153 0.00967248 0.00996118 0.0102144 0.0104915 0.010753 0.0109318 0.0109973  3.81753e+07 9.86088e+06 2.76549e+07 1.79954e+07 3.35538e+06 720160 2.00902e+06 1.6061e+06 491573 217163 320200 608449 395121 127570 138518 381501
731077 731077 0.000120792 0.00380511 0.0533893 0.0445567 0.0227989 0.0163612 0.0155027 0.0160617 0.0168724 0.0175591 0.0180795 0.0185364 0.0190372 0.0195103 0.0198339 0.0199526  2.66916e+08 9.51785e+06 2.65228e+06 7.60647e+06 5.40595e+06 1.10727e+06 247217 681072 531407 165018 70232.7 103014 195896 131777 44157.5 187474
521983 521983 7.753e-05 0.0024441 0.0346367 0.028837 0.0146901 0.0105308 0.0099781 0.01034 0.0108644 0.0113088 0.0116457 0.0119412 0.0122648 0.0125702 0.0127791 0.0128557  1.59804e+07 8.76719e+07 3.57667e+06 1.82463e+06 3.88139e+06 3.22628e+06 1.13158e+06 276050 639234 432543 199773 73004.4 113106 213093 158277 288008
8.15719e+06 8.15719e+06 0.000322511 0.0101016 0.132653 0.109219 0.0572378 0.0419451 0.0401967 0.0418488 0.0440436 0.045867 0.0472356 0.0484286 0.0497305 0.0509578 0.0517965 0.052104  3.1181e+07 1.04512e+07 5.50168e+07 2.46519e+06 1.45065e+06 3.25249e+06 2.77324e+06 1.03385e+06 244177 549942 356015 167888 59510 96884 188320 410351
1.11114e+06 1.11114e+06 8.04106e-05 0.00253483 0.0359033 0.029901 0.0152363 0.010922 0.010348 0.0107229 0.0112664 0.0117272 0.0120764 0.0123828 0.0127184 0.0130352 0.0132518 0.0133312  4.44166e+07 1.45856e+07 6.74054e+06 2.37921e+07 1.42631e+06 1.1178e+06 2.56216e+06 2.21267e+06 955500 211046 460888 278631 144071 47816.8 85453.7 536828
573234 573234 0.000118356 0.00372842 0.0523281 0.0436507 0.022331 0.0160279 0.0151892 0.0157382 0.0165334 0.0172069 0.0177171 0.018165 0.018656 0.0191197 0.0194368 0.0195532  2.85917e+08 1.11585e+07 3.8085e+06 1.9203e+06 7.09593e+06 471176 385595 878042 745391 319630 68615.6 147605 89182.4 47974.5 16404.6 223470
472982 472982 6.42925e-05 0.00202725 0.0288171 0.0239739 0.0121962 0.00874014 0.00828144 0.00858237 0.0090183 0.00938774 0.00966775 0.00991337 0.0101822 0.010436 0.0106095 0.0106731  4.90252e+07 9.94554e+07 4.82965e+06 1.67001e+06 1.83507e+06 3.7499e+06 482776 427481 922040 747525 388235 76812.6 159921 94937.6 58705.3 288970
1.30723e+07 1.30723e+07 0.000452379 0.01416 0.18311 0.154313 0.0817238 0.0594398 0.0565368 0.0585974 0.0615109 0.0639596 0.0658087 0.0674352 0.0692262 0.0709223 0.0720844 0.0725111  1.99594e+07 2.97945e+07 6.29648e+07 3.40285e+06 1.30105e+06 1.65918e+06 3.09332e+06 434992 374239 804934 631196 325650 63838.9 137557 84346.8 320163
2.01463e+06 2.01463e+06 0.0001081 0.00340625 0.0479601 0.0400251 0.0204513 0.0146653 0.0138915 0.0143911 0.0151175 0.0157334 0.0162004 0.0166104 0.0170597 0.0174841 0.0177743 0.0178808  1.62675e+07 1.22939e+07 1.49494e+07 2.74523e+07 2.10522e+06 966465 1.5977e+06 2.15577e+06 385959 311848 692314 521252 274617 53358.6 121059 358559
675469 675469 0.000126237 0.00397628 0.0557193 0.0465133 0.0238135 0.0170921 0.0161956 0.0167792 0.0176257 0.0183428 0.0188861 0.0193632 0.0198863 0.0203804 0.0207183 0.0208423  2.53776e+08 4.35565e+06 3.34013e+06 4.05336e+06 8.17417e+06 697879 329713 556348 710964 128162 100693 221617 167322 91036.6 18334.4 171402
260962 260962 3.53363e-05 0.00111483 0.0159631 0.0132678 0.00672882 0.00481643 0.00456218 0.00472784 0.00496832 0.00517226 0.00532688 0.00546248 0.00561086 0.00575088 0.00584658 0.00588167  1.16536e+08 8.61728e+07 4.28363e+06 2.68973e+06 2.36157e+06 4.87934e+06 737301 342549 706276 568378 154056 106231 244963 186637 114071 232844
9.83422e+06 9.83422e+06 0.000352444 0.0110545 0.146627 0.123382 0.0646671 0.0468047 0.0444404 0.0460403 0.0483324 0.0502656 0.0517278 0.053014 0.054429 0.0557683 0.0566855 0.0570222  8.00529e+07 7.04986e+07 5.48794e+07 3.26493e+06 2.26872e+06 2.06044e+06 4.08756e+06 666697 307507 622313 466436 128610 88033.6 212447 167604 321457
1.54038e+06 1.54038e+06 5.45334e-05 0.00171984 0.0245056 0.0203789 0.0103566 0.00741936 0.00702949 0.00728505 0.00765539 0.00796934 0.00820732 0.00841606 0.0086445 0.00886008 0.00900745 0.00906147  2.93452e+07 3.72826e+07 3.4706e+07 2.58763e+07 2.49332e+06 2.03554e+06 1.81572e+06 2.97419e+06 594793 273551 544288 355616 106629 72721.3 190199 442513
769820 769820 7.25447e-05 0.00228732 0.0324755 0.0270535 0.0137726 0.00986625 0.00934476 0.00968195 0.0101722 0.0105879 0.010903 0.0111795 0.0114825 0.0117685 0.011964 0.0120357  3.64032e+08 7.50998e+06 9.73624e+06 9.63147e+06 7.87703e+06 847718 710558 629087 991119 198772 89477.8 175704 113938 35535.5 25129.5 228078
212933 212933 2.21209e-05 0.000697858 0.00999779 0.00827833 0.00419476 0.00300753 0.00285269 0.00295855 0.00311035 0.0032388 0.00333608 0.00342127 0.00351436 0.00360213 0.00366211 0.00368409  1.20155e+07 1.19454e+08 4.29778e+06 4.2925e+06 5.13389e+06 5.11375e+06 1.02012e+06 866402 725179 818376 228669 97705.8 200186 114049 44840.2 307212
1.60339e+07 1.60339e+07 0.000478145 0.0149401 0.18989 0.158007 0.0840456 0.0617294 0.0590971 0.0614487 0.0646036 0.067226 0.0691955 0.0709181 0.0728059 0.0745898 0.0758105 0.0762583  9.25919e+07 7.60006e+06 7.5405e+07 3.11818e+06 3.34843e+06 4.28042e+06 4.38243e+06 907385 775622 639604 668138 190660 82231.9 172996 101071 326473
1.24912e+06 1.24912e+06 7.31009e-05 0.00230421 0.0326313 0.0271044 0.0138058 0.00990916 0.00939796 0.0097438 0.0102408 0.0106614 0.0109799 0.0112592 0.0115646 0.0118528 0.0120498 0.012122  1.71801e+08 4.30893e+07 4.42755e+06 3.11475e+07 1.89272e+06 2.33869e+06 3.26522e+06 3.39327e+06 761090 672531 552543 490667 154653 69471.5 150281 374024
767589 767589 8.21293e-05 0.00258813 0.0365416 0.0303336 0.0154678 0.0111126 0.0105447 0.010935 0.0114936 0.0119658 0.0123232 0.0126364 0.012979 0.0133022 0.0135232 0.0136042  1.28559e+08 4.27633e+07 1.12389e+07 1.24535e+06 9.28559e+06 629281 796406 1.11468e+06 1.14058e+06 252593 219270 177980 156451 51377.6 24039.1 188205
1.38326e+06 1.38326e+06 0.000123431 0.00388703 0.0543713 0.0452482 0.0231699 0.0166607 0.0158079 0.0163892 0.0172224 0.0179268 0.0184601 0.0189277 0.0194397 0.0199231 0.0202536 0.0203747  3.836e+07 4.33804e+07 1.44933e+07 4.79437e+06 1.0449e+06 5.57365e+06 684601 830617 1.16635e+06 1.11779e+06 276270 244022 203500 154476 62970.2 259722
9.22883e+06 9.22883e+06 0.000572737 0.0178283 0.217877 0.178166 0.0958944 0.0716265 0.0692929 0.0724091 0.0762967 0.0794739 0.0818393 0.0838913 0.0861255 0.0882305 0.0896687 0.0901959  3.45705e+07 2.45749e+07 2.7714e+07 9.33069e+06 3.4855e+06 934271 4.68434e+06 598720 734948 1.00133e+06 923359 223448 201092 173875 133890 294142
1.09274e+06 1.09274e+06 8.05643e-05 0.00253887 0.0358564 0.0297597 0.0151729 0.010901 0.0103443 0.0107276 0.0112759 0.0117395 0.0120905 0.012398 0.0127343 0.0130516 0.0132685 0.013348  4.2081e+07 2.17477e+07 1.45612e+07 1.14601e+07 3.90873e+06 2.03366e+06 874628 3.47417e+06 488630 633399 827811 722699 171877 165584 151389 367643
572519 572519 9.00413e-05 0.00283678 0.0399402 0.0331307 0.0169109 0.0121611 0.0115457 0.011976 0.0125889 0.0131065 0.0134982 0.0138413 0.0142165 0.0145704 0.0148124 0.0149011  6.08377e+08 1.04651e+07 5.92474e+06 4.08552e+06 3.44439e+06 1.25188e+06 683803 306326 1.1659e+06 162036 206659 265818 232392 56858.6 57224.2 186313
372321 372321 3.32498e-05 0.00104857 0.01496 0.0123717 0.00627806 0.00450796 0.00427952 0.00444005 0.00466863 0.00486176 0.00500793 0.00513586 0.00527559 0.00540731 0.00549731 0.00553029  5.80233e+07 1.90635e+08 3.88498e+06 4.68914e+06 3.29453e+06 2.69663e+06 943672 643902 405798 1.15475e+06 182185 232765 301135 256786 67303.3 301075
1.6078e+07 1.6078e+07 0.000297908 0.00934211 0.124195 0.10295 0.0537595 0.0391652 0.0373925 0.038859 0.0408631 0.0425383 0.0437997 0.0449027 0.0461092 0.0472478 0.0480264 0.0483119  1.27359e+07 3.96945e+07 1.19578e+08 2.76527e+06 3.72769e+06 2.81298e+06 2.37098e+06 833233 561441 360195 969862 149875 195768 259993 228766 340194
1.92431e+06 1.92431e+06 5.55134e-05 0.00175053 0.0249132 0.020695 0.0105203 0.00754251 0.00714993 0.00741184 0.00778966 0.00810966 0.00835214 0.00856473 0.00879728 0.00901669 0.00916666 0.00922163  2.45554e+07 7.93592e+06 2.84117e+07 5.31557e+07 1.7713e+06 2.91711e+06 2.39169e+06 2.04535e+06 713784 468088 323468 793074 120452 169534 231617 510182
749166 749166 9.17997e-05 0.0028927 0.0407891 0.0339161 0.0173086 0.012429 0.0117878 0.0122203 0.0128422 0.0133683 0.0137668 0.0141161 0.0144985 0.0148594 0.0151061 0.0151966  3.50834e+08 6.16344e+06 2.16219e+06 8.28435e+06 1.59326e+07 589765 1.00469e+06 826032 695815 237370 151985 104611 255837 39973.5 58811.2 266900
442748 442748 4.98956e-05 0.00157353 0.0224229 0.01862 0.00946006 0.0067815 0.00642859 0.00666426 0.00700415 0.00729201 0.00751012 0.00770132 0.00791047 0.00810778 0.00824265 0.00829209  3.66281e+07 1.09776e+08 3.0444e+06 1.66198e+06 8.15254e+06 8.66667e+06 684853 1.06091e+06 889074 745204 255126 158040 117909 277568 47276.4 390335
7.07935e+06 7.07935e+06 0.000209899 0.00659531 0.089832 0.0745 0.0385331 0.0279164 0.0265879 0.0276076 0.0290265 0.0302178 0.0311169 0.0319037 0.0327642 0.0335763 0.0341314 0.0343349  2.03417e+07 2.45653e+07 6.86584e+07 2.40033e+06 1.30542e+06 7.08073e+06 7.32961e+06 636172 920365 762912 627021 213335 131090 101915 247182 403838
1.75868e+06 1.75868e+06 7.76672e-05 0.00244812 0.0346544 0.0288137 0.0146816 0.0105338 0.00998701 0.0103525 0.0108794 0.0113255 0.0116635 0.0119599 0.0122843 0.0125904 0.0127996 0.0128763  3.24921e+08 1.26859e+07 1.67995e+07 3.17634e+07 2.15822e+06 991580 6.24756e+06 5.69291e+06 618994 763010 638561 522364 182384 111390 92649.1 592543
707429 707429 7.86639e-05 0.00247943 0.0350803 0.0291603 0.0148604 0.0106646 0.0101124 0.0104832 0.0110169 0.0114687 0.0118109 0.0121109 0.0124393 0.0127492 0.012961 0.0130387  4.68712e+08 8.07939e+07 3.45362e+06 4.81343e+06 9.39378e+06 736626 337684 2.15371e+06 1.90225e+06 207489 246204 203883 167886 60560.9 38344.2 245889
314528 314528 1.5477e-05 0.000488196 0.00698939 0.00576985 0.00292295 0.00209895 0.00199328 0.0020686 0.0021755 0.00226578 0.0023341 0.00239386 0.00245908 0.00252054 0.00256252 0.00257791  2.40389e+07 1.47735e+08 2.66392e+07 3.01427e+06 4.56141e+06 4.77009e+06 1.08027e+06 326337 2.32166e+06 1.76845e+06 260465 242760 209900 182727 71071.7 337194
8.02157e+06 8.02157e+06 0.000161731 0.00508778 0.0702866 0.0583588 0.0300206 0.0216696 0.0206021 0.0213779 0.0224721 0.0233939 0.0240906 0.0247008 0.0253684 0.0259984 0.0264291 0.0265869  8.63614e+07 1.51328e+07 9.2474e+07 1.79917e+07 2.48382e+06 3.92518e+06 3.94573e+06 1.02427e+06 277583 1.98974e+06 1.48758e+06 220135 199797 179509 162873 378015
1.33667e+06 1.33667e+06 5.23917e-05 0.0016521 0.0235187 0.0195226 0.00992201 0.00711551 0.00674682 0.00699496 0.00735213 0.00765455 0.00788367 0.00808448 0.00830409 0.00851125 0.00865283 0.00870473  4.40611e+07 4.09462e+07 8.75784e+06 4.42046e+07 9.77077e+06 2.21131e+06 3.48694e+06 2.92293e+06 1.04811e+06 218005 1.65681e+06 1.23741e+06 191977 165256 157819 493102
645082 645082 6.54998e-05 0.00206429 0.0292088 0.0241755 0.0123106 0.00885231 0.00840751 0.00872353 0.00917213 0.00955083 0.0098373 0.0100881 0.0103621 0.0106204 0.010797 0.0108617  2.27685e+08 1.14066e+07 1.07221e+07 2.48483e+06 1.31927e+07 3.12974e+06 766698 1.20433e+06 972353 353843 70089.4 530190 398787 64079.7 56883.8 233892
668491 668491 6.67886e-05 0.00210536 0.0298445 0.0247667 0.0126081 0.00905145 0.0085867 0.00890412 0.00935922 0.00974417 0.0100357 0.0102911 0.0105705 0.010834 0.0110141 0.0110801  1.42947e+07 8.47848e+07 7.25372e+06 4.9635e+06 1.97702e+06 6.61171e+06 1.92648e+06 928505 1.29546e+06 825826 439680 63800 530602 426178 79137.6 333977
3.82707e+06 3.82707e+06 0.000134147 0.00422121 0.0585839 0.0484681 0.0248711 0.0179643 0.0170952 0.0177498 0.0186654 0.0194357 0.0200174 0.0205263 0.0210822 0.0216065 0.0219648 0.0220961  1.54594e+08 9.0592e+06 5.43476e+07 5.14875e+06 3.80662e+06 1.76649e+06 5.45359e+06 1.65773e+06 820241 1.10529e+06 684115 370485 51344.2 449327 378803 379009
1.6984e+06 1.6984e+06 9.45251e-05 0.00297854 0.0419861 0.0349296 0.0178297 0.012801 0.0121386 0.012583 0.0132228 0.0137644 0.0141746 0.0145344 0.0149283 0.0152999 0.0155541 0.0156472  2.75291e+07 7.13827e+07 5.37945e+06 2.89988e+07 3.58162e+06 2.88989e+06 1.73728e+06 4.02306e+06 1.36421e+06 725401 927005 558984 327644 40882.1 394301 696823
896846 896846 7.60448e-05 0.00239676 0.0339027 0.0281488 0.0143435 0.0102997 0.00977087 0.0101316 0.0106489 0.0110863 0.0114176 0.0117079 0.0120255 0.0123251 0.0125299 0.012605  2.94188e+08 6.96208e+06 1.85806e+07 1.49858e+06 8.64841e+06 1.17918e+06 978568 603160 1.32951e+06 447232 234758 294752 178465 108695 13904.5 388792
415351 415351 4.41389e-05 0.00139202 0.0198494 0.0164643 0.00836097 0.00599592 0.00568597 0.0058957 0.00619718 0.00645237 0.00664569 0.00681507 0.00700027 0.00717495 0.00729433 0.00733809  1.57383e+08 9.40607e+07 3.53559e+06 7.64124e+06 1.27395e+06 5.71195e+06 1.11681e+06 980111 745226 1.13223e+06 443199 256915 301504 188782 131546 464719
4.58211e+06 4.58211e+06 0.000141329 0.0044464 0.0615767 0.0509337 0.0261578 0.0189045 0.0179949 0.0186859 0.0196505 0.0204615 0.0210738 0.0216094 0.0221945 0.0227463 0.0231234 0.0232616  1.38748e+08 9.536e+07 5.91797e+07 2.62441e+06 5.66338e+06 1.1597e+06 4.83718e+06 966259 867261 657640 940835 369809 213251 256577 168165 549813
3.32145e+06 3.32145e+06 9.22313e-05 0.00290647 0.0410034 0.0341194 0.0174111 0.0124969 0.0118485 0.0122813 0.0129055 0.0134339 0.0138343 0.0141854 0.0145698 0.0149326 0.0151806 0.0152715  4.03156e+07 6.26491e+07 4.73286e+07 2.91296e+07 2.02021e+06 3.64048e+06 1.16694e+06 3.77897e+06 785453 763692 592843 764845 316122 182104 224916 656775
899195 899195 5.99666e-05 0.00189087 0.0268901 0.0223501 0.0113663 0.00814816 0.00772291 0.00800499 0.00841245 0.00875761 0.00901915 0.00924849 0.00949945 0.00973627 0.00989815 0.0099575  2.69611e+08 1.03213e+07 1.62428e+07 1.28416e+07 8.59806e+06 674815 1.20738e+06 406420 1.25942e+06 257350 247184 190086 244236 104564 62483.6 314622
762390 762390 7.33453e-05 0.00231166 0.0327032 0.0271328 0.0138232 0.00992926 0.00942199 0.00977134 0.0102711 0.0106936 0.0110135 0.0112937 0.0116002 0.0118893 0.0120869 0.0121593  7.63527e+07 8.33064e+07 6.12878e+06 6.3745e+06 6.6028e+06 4.80399e+06 800797 919490 510770 1.1283e+06 244851 263099 211377 259241 120688 440026
6.65299e+06 6.65299e+06 0.000235365 0.00739439 0.100389 0.0836255 0.043344 0.0313591 0.0298255 0.0309436 0.0325181 0.033843 0.0348439 0.0357213 0.0366826 0.0375905 0.0382115 0.0384392  2.06657e+08 4.71415e+07 5.2296e+07 4.45263e+06 4.66462e+06 5.28504e+06 4.02046e+06 728914 774813 450117 924458 196931 218558 181664 229800 514524
1.4102e+06 1.4102e+06 5.42286e-05 0.00170983 0.0243127 0.0201662 0.0102525 0.00735702 0.00697856 0.0072366 0.00760679 0.00792 0.00815722 0.00836506 0.00859229 0.00880663 0.00895311 0.0090068  3.62124e+07 9.30263e+07 2.53145e+07 2.46994e+07 3.31803e+06 3.04554e+06 3.84676e+06 3.09801e+06 684155 603082 407028 726595 153239 188529 164533 677115
805554 805554 5.0106e-05 0.00157992 0.0224824 0.0186393 0.00947257 0.0067977 0.00644869 0.00668761 0.00702997 0.00731955 0.00753882 0.00773091 0.00794091 0.00813899 0.00827436 0.00832398  1.42144e+08 9.05689e+06 2.41342e+07 7.08709e+06 7.37761e+06 1.11118e+06 1.01617e+06 1.29701e+06 1.03641e+06 229149 193920 131464 232895 50554.7 65249.2 302985
433418 433418 4.76568e-05 0.00150316 0.0214543 0.0178364 0.00905795 0.00648744 0.00614623 0.00636971 0.00669367 0.00696831 0.00717652 0.00735912 0.00755894 0.00774749 0.00787638 0.00792363  2.07257e+08 4.63893e+07 3.93489e+06 9.01746e+06 4.79323e+06 4.27066e+06 1.27107e+06 850971 1.1098e+06 956496 266194 187247 147335 234563 54123.1 436226
4.5882e+06 4.5882e+06 0.000223199 0.00701311 0.0954123 0.0793635 0.0410896 0.0297347 0.0282908 0.0293585 0.0308571 0.0321175 0.0330694 0.0339034 0.0348166 0.0356789 0.0362685 0.0364847  1.15936e+08 1.2475e+08 2.92359e+07 3.02855e+06 6.6397e+06 4.21505e+06 3.71729e+06 1.1429e+06 739593 935363 799578 222305 153751 127413 206808 452175
1.91204e+06 1.91204e+06 5.21658e-05 0.00164516 0.0234445 0.0194839 0.00990021 0.00709432 0.00672309 0.00696842 0.00732323 0.0076239 0.0078518 0.00805164 0.00827028 0.00847657 0.00861758 0.00866926  4.03259e+07 5.35184e+07 6.04556e+07 1.39219e+07 2.5428e+06 4.02763e+06 3.83558e+06 3.11916e+06 1.01825e+06 616493 744586 653422 188235 126577 115453 591109
766579 766579 5.09701e-05 0.00160761 0.0229328 0.0190744 0.0096895 0.00693909 0.00657331 0.00681176 0.00715781 0.00745123 0.00767367 0.00786879 0.00808236 0.00828391 0.00842169 0.00847221  5.57008e+08 1.01404e+07 1.39553e+07 1.67262e+07 4.19916e+06 868617 1.33571e+06 1.33205e+06 1.05646e+06 339719 199976 237525 210579 62748.2 43651.4 254359
235785 235785 1.8999e-05 0.000599391 0.00859161 0.00711102 0.00360225 0.00258293 0.00245021 0.00254133 0.00267186 0.00278229 0.00286593 0.00293917 0.00301917 0.0030946 0.00314614 0.00316503  3.78721e+07 1.70437e+08 4.35131e+06 5.97035e+06 8.36973e+06 2.40914e+06 1.15492e+06 901874 1.53264e+06 1.09559e+06 374608 211757 233233 226089 73967.6 346796
6.67387e+06 6.67387e+06 0.000131133 0.00412388 0.0569352 0.0467647 0.0240162 0.0174255 0.016636 0.0173019 0.0182098 0.0189695 0.0195418 0.020041 0.0205849 0.0210971 0.021447 0.0215751  5.09016e+07 2.37236e+07 1.06398e+08 3.06158e+06 4.58478e+06 6.94892e+06 2.02806e+06 1.08924e+06 764548 1.34924e+06 937702 310274 176878 198988 202004 388727
2.12107e+06 2.12107e+06 7.61079e-05 0.00239923 0.0339995 0.0282918 0.0144113 0.0103335 0.00979318 0.0101496 0.0106652 0.011102 0.0114331 0.0117235 0.0120414 0.0123414 0.0125466 0.0126217  1.09344e+07 2.41848e+07 1.34857e+07 5.0143e+07 1.87326e+06 3.22327e+06 5.47326e+06 1.54785e+06 1.09258e+06 597211 1.19989e+06 812777 256751 152072 173840 537354
575276 575276 7.01154e-05 0.00221009 0.0313032 0.0259802 0.0132306 0.00949952 0.00901204 0.00934516 0.00982264 0.0102265 0.0105322 0.0108001 0.0110932 0.0113697 0.0115586 0.0116279  2.91979e+08 2.83939e+06 6.33251e+06 3.77912e+06 1.48585e+07 613722 1.09021e+06 1.86528e+06 516404 367303 191303 385411 262187 84912.9 52385.7 254530
120852 120852 1.63364e-05 0.000515374 0.0073868 0.00610788 0.00309366 0.00221929 0.00210604 0.00218481 0.00229728 0.00239238 0.00246438 0.00252741 0.00259623 0.00266111 0.00270543 0.00272167  1.19201e+08 8.99689e+07 2.14687e+06 2.95799e+06 2.94956e+06 7.25822e+06 530065 1.01578e+06 1.85637e+06 471370 442057 178234 419377 293768 97946.6 358333
5.0737e+06 5.0737e+06 0.00017165 0.00539789 0.0742793 0.0615856 0.0317221 0.0229329 0.0218229 0.0226541 0.023818 0.0247968 0.0255361 0.0261831 0.0268907 0.0275582 0.0280146 0.0281819  8.62715e+07 7.20446e+07 5.62317e+07 1.66989e+06 2.27492e+06 2.64183e+06 6.06703e+06 461627 897882 1.61994e+06 393653 374243 147992 363297 264832 421592
1.80079e+06 1.80079e+06 6.18138e-05 0.00194898 0.0276956 0.0230128 0.0117063 0.00839448 0.00795783 0.00824923 0.00866955 0.00902554 0.00929529 0.00953179 0.00979053 0.0100347 0.0102015 0.0102627  2.14318e+07 4.05558e+07 3.5447e+07 2.6479e+07 1.40025e+06 1.63597e+06 2.56813e+06 4.59916e+06 381318 783462 1.41208e+06 320061 327017 125261 329438 629627
539020 539020 4.83666e-05 0.00152518 0.0217202 0.0180137 0.00915234 0.00656571 0.00622735 0.00645746 0.00678777 0.00706726 0.00727894 0.0074644 0.00766717 0.00785844 0.00798916 0.00803708  3.89433e+08 5.36098e+06 1.06031e+07 9.76622e+06 7.88024e+06 475757 553911 895442 1.53423e+06 125905 254720 453667 102801 109046 43182 344408
1.10051e+06 1.10051e+06 0.000122374 0.00385295 0.0538007 0.0446641 0.0228769 0.0164752 0.0156489 0.0162334 0.0170636 0.0177642 0.0182941 0.0187584 0.0192662 0.0197454 0.0200729 0.020193  1.19804e+08 1.2331e+08 2.17484e+06 4.97271e+06 4.98893e+06 3.96161e+06 627581 521327 1.09658e+06 1.3762e+06 128654 269165 488727 110073 128743 456263
5.30698e+06 5.30698e+06 0.000136412 0.00429364 0.0597265 0.0495872 0.0254377 0.0183342 0.0174203 0.0180728 0.0189973 0.0197771 0.0203667 0.0208832 0.0214482 0.0219814 0.0223459 0.0224795  4.46003e+07 7.20558e+07 7.70406e+07 1.49951e+06 3.73581e+06 3.9685e+06 3.25956e+06 567830 448484 954904 1.14623e+06 103740 221788 415980 96468.8 533206
2.45397e+06 2.45397e+06 7.55374e-05 0.00238088 0.0336938 0.0279864 0.014259 0.0102361 0.00970872 0.0100663 0.0105798 0.0110143 0.0113434 0.0116319 0.0119475 0.0122452 0.0124488 0.0125234  2.94164e+08 2.02513e+07 3.49743e+07 3.77905e+07 1.09711e+06 2.98095e+06 3.04098e+06 2.50988e+06 541463 382350 865769 977268 84374.7 194135 380958 582198
1.24688e+06 1.24688e+06 0.000113451 0.00357301 0.0500493 0.0415842 0.0212756 0.0153054 0.0145289 0.0150675 0.0158363 0.0164856 0.0169769 0.0174075 0.0178788 0.0183235 0.0186275 0.018739  1.46015e+08 7.30728e+07 5.25814e+06 9.51778e+06 1.11621e+07 363541 1.01547e+06 1.02736e+06 835535 180883 123577 278311 314349 27836.9 66933.5 344708
661314 661314 4.34157e-05 0.00136968 0.0195933 0.0163103 0.00827723 0.00592175 0.0056064 0.00580832 0.00610278 0.00635272 0.00654231 0.00670869 0.00689082 0.00706272 0.00718025 0.00722333  7.2208e+07 4.61533e+07 2.34752e+07 2.02073e+06 4.59419e+06 5.80114e+06 409339 1.08347e+06 944783 754341 213875 128286 308073 343113 31630.2 483133
7.51114e+06 7.51114e+06 0.000359486 0.0112684 0.148568 0.124391 0.0652912 0.0474306 0.0451459 0.0468291 0.0491901 0.051173 0.0526697 0.0539835 0.055426 0.0567901 0.0577239 0.0580665  6.75848e+07 4.39132e+07 2.91117e+07 1.56404e+07 1.52532e+06 3.87133e+06 4.90465e+06 380093 971712 809275 637544 178841 106585 266550 308618 476720
2.15257e+06 2.15257e+06 0.000115397 0.00363459 0.0509443 0.0423875 0.0216864 0.0155885 0.0147889 0.0153325 0.0161123 0.0167718 0.0172711 0.017709 0.0181883 0.0186408 0.0189501 0.0190635  8.92253e+07 3.52984e+07 2.20553e+07 1.30088e+07 7.3531e+06 963483 3.04471e+06 3.66445e+06 360362 859224 659545 526392 148904 88691.1 237059 708066
911946 911946 9.89147e-05 0.00311749 0.0440111 0.0367344 0.0187503 0.0134368 0.012724 0.0131801 0.0138449 0.0144088 0.0148364 0.0152119 0.0156235 0.0160122 0.0162781 0.0163756  5.86974e+08 2.23147e+07 9.364e+06 5.91535e+06 3.79484e+06 2.29642e+06 318436 1.03064e+06 1.21317e+06 119947 277995 209090 168290 49109.1 30337.6 336940
1.07986e+06 1.07986e+06 8.15342e-05 0.00256989 0.0363504 0.0302353 0.0154117 0.0110575 0.0104828 0.0108658 0.0114183 0.0118861 0.0122405 0.0125513 0.0128915 0.0132126 0.0134322 0.0135127  1.34912e+08 1.79834e+08 8.48652e+06 5.42807e+06 3.33046e+06 2.26594e+06 1.1911e+06 255296 1.03932e+06 1.09239e+06 144518 308130 218948 185743 59414.6 436374
1.13717e+07 1.13717e+07 0.000209452 0.00657897 0.0893342 0.0738033 0.038193 0.0277385 0.0264646 0.0275044 0.0289309 0.0301254 0.0310255 0.0318119 0.0326709 0.0334809 0.0340344 0.0342373  5.41679e+07 8.18899e+07 1.11723e+08 5.72965e+06 4.1922e+06 2.79944e+06 1.94554e+06 987415 219542 903512 911949 121086 257024 186672 165864 456154
2.31187e+06 2.31187e+06 5.79515e-05 0.00182746 0.0260098 0.0216253 0.0109946 0.00787914 0.00746649 0.00773855 0.00813221 0.00846583 0.0087187 0.00894047 0.00918314 0.00941213 0.00956867 0.00962605  3.8664e+07 2.43776e+07 4.0814e+07 5.00021e+07 3.32351e+06 3.14741e+06 2.31509e+06 1.59634e+06 718793 180889 793196 756625 105219 224609 166149 571942
901500 901500 8.1795e-05 0.00257828 0.0364905 0.0303759 0.0154818 0.0111023 0.0105215 0.0109038 0.0114571 0.0119258 0.0122809 0.0125925 0.0129337 0.0132558 0.013476 0.0135567  2.2039e+08 9.63422e+06 6.32714e+06 1.13163e+07 1.49031e+07 1.0883e+06 1.0776e+06 796335 539336 234023 58564.1 255518 244017 35139.6 77857.3 265784
961923 961923 0.000128469 0.00404582 0.0565898 0.0471706 0.0241616 0.0173609 0.0164623 0.0170619 0.017926 0.0186573 0.0192111 0.0196971 0.0202296 0.0207324 0.0210763 0.0212023  3.02221e+07 7.23139e+07 3.63935e+06 2.39416e+06 5.92789e+06 6.85292e+06 892012 1.07765e+06 851197 549873 205931 60098.9 279027 263911 42618 407694
5.22011e+06 5.22011e+06 0.000223188 0.00701106 0.0951785 0.0789629 0.0408982 0.0296464 0.0282404 0.0293242 0.0308304 0.0320947 0.0330486 0.0338834 0.0347967 0.0356585 0.0362478 0.0364639  1.65366e+08 1.85879e+07 4.57943e+07 2.49847e+06 1.70937e+06 4.75433e+06 5.54939e+06 777651 925902 732898 459893 167634 49310.2 238143 232888 410988
2.03326e+06 2.03326e+06 0.000118237 0.0037237 0.052137 0.0433644 0.0221945 0.0159601 0.0151451 0.0157034 0.0165028 0.0171785 0.0176901 0.0181386 0.0186295 0.0190929 0.0194097 0.0195259  2.51352e+08 7.46801e+07 9.83854e+06 2.26191e+07 1.72101e+06 1.07144e+06 3.522e+06 3.89604e+06 665831 772532 639502 390606 138817 42228.7 217292 591658
1.29921e+06 1.29921e+06 9.65257e-05 0.00304136 0.0428363 0.0356254 0.0181899 0.0130639 0.0123903 0.012845 0.0134985 0.0140513 0.0144699 0.014837 0.0152388 0.0156181 0.0158774 0.0159725  5.05693e+07 6.24539e+07 1.93363e+07 2.65401e+06 6.61388e+06 563799 352331 1.1803e+06 1.27542e+06 218720 247733 203644 124895 45605.1 14443.5 288091
1.35471e+06 1.35471e+06 9.81309e-05 0.00309281 0.043668 0.036444 0.0186008 0.01333 0.0126233 0.0130761 0.0137359 0.0142956 0.01472 0.0150927 0.0155011 0.0158869 0.0161507 0.0162474  3.62215e+07 1.61091e+07 2.01869e+07 7.3521e+06 1.81127e+06 4.33484e+06 641851 275047 1.05237e+06 1.02102e+06 231513 250828 224073 140744 53483.3 361550
4.95475e+06 4.95475e+06 0.000435635 0.0136088 0.173172 0.142361 0.0755108 0.0557619 0.053628 0.0559049 0.0588572 0.0612943 0.0631179 0.0647053 0.0664367 0.0680689 0.0691845 0.0695934  1.45576e+08 2.21278e+07 1.04028e+07 1.30545e+07 5.43646e+06 1.58381e+06 3.77695e+06 591965 235556 886248 845590 190882 205337 191809 125066 381282
1.18379e+06 1.18379e+06 0.000102584 0.0032325 0.04554 0.037962 0.0193888 0.0139091 0.0131801 0.0136571 0.0143484 0.0149341 0.015378 0.0157676 0.0161944 0.0165974 0.016873 0.016974  5.07813e+07 6.73208e+07 1.13072e+07 4.93164e+06 5.46143e+06 3.23524e+06 1.37076e+06 3.0803e+06 554177 186201 696568 670887 155463 166480 168277 451124
1.14449e+06 1.14449e+06 0.000104646 0.00329749 0.0464494 0.0387405 0.0197893 0.0141933 0.0134469 0.0139319 0.014636 0.0152327 0.0156849 0.0160818 0.0165169 0.0169277 0.0172087 0.0173117  5.92447e+08 1.26439e+07 1.75294e+07 3.08271e+06 1.49613e+06 1.72972e+06 1.08413e+06 474940 1.04033e+06 185492 59921.6 221310 214849 51443.4 57116.3 221766
2.4202e+06 2.4202e+06 0.000208866 0.00657002 0.0903744 0.075821 0.0391433 0.0281441 0.0266631 0.0276106 0.0289902 0.0301589 0.0310448 0.0318238 0.0326794 0.0334885 0.0340423 0.0342455  1.3977e+08 1.81186e+08 4.47609e+06 7.15539e+06 1.95344e+06 1.35004e+06 934100 947227 581727 1.10666e+06 227257 63256.4 225421 233189 60765.8 335631
1.24409e+07 1.24409e+07 0.000231635 0.00727759 0.0988794 0.0823435 0.0426641 0.0308663 0.029358 0.0304597 0.0320105 0.0333154 0.0343011 0.0351651 0.0361116 0.0370055 0.0376169 0.0378411  2.41356e+08 8.39172e+07 1.1228e+08 2.86532e+06 5.00881e+06 1.68132e+06 1.23683e+06 767765 815286 500508 918298 186890 51352.6 187632 204082 357249
3.7315e+06 3.7315e+06 8.91497e-05 0.00280979 0.0397045 0.0330696 0.0168671 0.0120968 0.0114632 0.0118791 0.0124814 0.0129917 0.0133784 0.0137178 0.0140895 0.0144403 0.0146802 0.0147681  3.62007e+07 1.07932e+08 4.01687e+07 5.08798e+07 1.77955e+06 3.20439e+06 1.56669e+06 1.23881e+06 571057 704268 446813 787065 163128 44203.9 165939 519230
1.75244e+06 1.75244e+06 8.62911e-05 0.00271984 0.03846 0.0320293 0.0163315 0.0117115 0.0110979 0.0115005 0.0120835 0.0125774 0.0129517 0.0132802 0.0136398 0.0139794 0.0142116 0.0142968  1.6789e+08 9.02985e+06 2.79459e+07 1.08768e+07 1.50031e+07 583657 1.06639e+06 542979 425404 185528 228045 143472 253412 54222.6 15222.3 245500
662583 662583 6.86472e-05 0.00216424 0.0307124 0.0255359 0.0129983 0.009321 0.00883512 0.00915775 0.00962363 0.0100182 0.0103172 0.0105794 0.0108663 0.0111371 0.0113222 0.0113901  7.03072e+07 5.51069e+07 3.59344e+06 1.00661e+07 5.0711e+06 7.29436e+06 553383 798856 645626 525156 167558 243217 162868 283313 66020.7 309213
4.78694e+06 4.78694e+06 0.000229783 0.00721994 0.098176 0.0817884 0.0423656 0.0306394 0.0291358 0.0302261 0.0317634 0.0330575 0.0340352 0.0348924 0.0358315 0.0367184 0.0373251 0.0375476  3.83538e+08 4.30094e+07 3.50443e+07 2.7559e+06 7.29803e+06 4.11312e+06 6.06756e+06 504270 671984 568683 451926 137743 202754 139990 252646 345549
1.57604e+06 1.57604e+06 6.48813e-05 0.00204553 0.029039 0.0241253 0.0122767 0.00880608 0.00834927 0.00865553 0.00909672 0.00947027 0.00975328 0.0100014 0.0102728 0.0105289 0.010704 0.0107681  3.6499e+07 1.69262e+08 2.21595e+07 1.75163e+07 2.39981e+06 4.40219e+06 3.05273e+06 4.52561e+06 472919 516496 511868 400807 113755 175901 126330 548659
1.10583e+06 1.10583e+06 4.56581e-05 0.00144021 0.0205703 0.0171047 0.00868412 0.00621819 0.00589034 0.00610414 0.0064144 0.00667747 0.0068769 0.00705183 0.00724328 0.00742395 0.00754746 0.00759273  1.20296e+08 9.07763e+06 4.37479e+07 6.14123e+06 5.27769e+06 817959 1.45208e+06 1.03179e+06 1.5065e+06 158260 165549 165041 129962 37726.8 60829.9 242840
573476 573476 5.58559e-05 0.00176154 0.0250967 0.0208765 0.0106106 0.00760046 0.00720037 0.00746171 0.00784076 0.00816213 0.00840576 0.00861948 0.00885339 0.00907414 0.00922506 0.00928038  9.96901e+07 3.79201e+07 3.19517e+06 1.4949e+07 3.65514e+06 3.53667e+06 1.12844e+06 968383 933524 1.33055e+06 185220 153278 184552 151060 44001.7 361602
2.34159e+06 2.34159e+06 0.000139411 0.00438947 0.0612266 0.0510508 0.0261796 0.0188198 0.0178482 0.0184987 0.0194354 0.0202278 0.0208279 0.0213546 0.0219316 0.0224765 0.0228492 0.0229858  3.74001e+07 6.01209e+07 2.40282e+07 2.18762e+06 1.06874e+07 3.06924e+06 3.10276e+06 1.07893e+06 817855 800697 1.11866e+06 155611 125068 159307 135480 374259
1.72397e+06 1.72397e+06 8.27263e-05 0.00260753 0.0368885 0.0307007 0.0156495 0.0112247 0.0106388 0.0110262 0.0115861 0.0120605 0.01242 0.0127353 0.0130805 0.0134063 0.0136291 0.0137108  1.75786e+08 1.71289e+07 2.94016e+07 1.24493e+07 1.34879e+06 6.02425e+06 2.51344e+06 2.69411e+06 1.12507e+06 640957 678515 943454 135797 102858 145850 470884
970224 970224 0.00012337 0.00388574 0.0544335 0.0453797 0.0232306 0.0166852 0.0158185 0.0163933 0.0172232 0.0179256 0.0184576 0.0189245 0.0194361 0.0199193 0.0202497 0.0203709  1.10442e+08 4.36918e+07 4.45579e+06 8.00598e+06 3.72103e+06 437802 1.95017e+06 856272 909835 378793 204973 216434 302907 45093.7 35195 220897
1.05773e+06 1.05773e+06 0.000105521 0.00332439 0.0467398 0.0389054 0.0198817 0.0142788 0.0135404 0.0140356 0.0147485 0.0153517 0.0158086 0.0162094 0.0166483 0.0170625 0.0173457 0.0174496  3.30333e+07 3.54737e+07 1.45644e+07 1.90061e+06 3.89687e+06 2.36339e+06 373125 899650 842151 942255 462563 190441 224484 326798 53460.5 298322
5.12762e+06 5.12762e+06 0.000343094 0.0107559 0.142134 0.1187 0.0622177 0.0452294 0.0430839 0.0447113 0.0469787 0.0488806 0.0503154 0.0515734 0.0529535 0.0542579 0.0551505 0.055478  6.10154e+07 2.06669e+07 2.2777e+07 9.53881e+06 1.41735e+06 3.14184e+06 2.06363e+06 331168 710428 717101 792046 388592 155820 190963 289976 321264
1.74992e+06 1.74992e+06 0.000141322 0.0044498 0.0620765 0.0518006 0.0265664 0.0190902 0.018099 0.0187555 0.0197034 0.0205057 0.0211135 0.0216471 0.0222318 0.0227841 0.0231619 0.0233004  1.53062e+08 2.75962e+07 1.16096e+07 1.13459e+07 5.02699e+06 989397 2.31746e+06 1.78332e+06 291860 449655 595372 666114 339230 129416 168668 553505
1.47837e+06 1.47837e+06 0.000217456 0.00683625 0.0934887 0.0781027 0.0403851 0.029132 0.0276582 0.0286712 0.0301186 0.0313401 0.0322641 0.0330752 0.0339648 0.0348055 0.0353808 0.0355918  1.73128e+08 3.81158e+07 7.14443e+06 3.13827e+06 3.3524e+06 1.60172e+06 331971 777615 599602 96187.2 139066 188450 212582 111963 44079.6 256572
1.00699e+06 1.00699e+06 0.000102249 0.00322203 0.045406 0.0378597 0.0193351 0.013868 0.0131396 0.0136142 0.0143028 0.0148862 0.0153285 0.0157166 0.0161419 0.0165436 0.0168182 0.0169189  2.36548e+07 5.54315e+07 1.30049e+07 2.50175e+06 2.34233e+06 2.65981e+06 1.17103e+06 336095 713881 654478 111577 99334.6 197858 236739 134217 355765
5.02364e+06 5.02364e+06 0.000255986 0.00803033 0.107429 0.0885146 0.046055 0.0336007 0.0321351 0.0334317 0.0351789 0.0366357 0.0377311 0.0386868 0.0397298 0.040713 0.0413849 0.0416311  1.69052e+08 1.47881e+07 3.49243e+07 8.47773e+06 1.7938e+06 2.06114e+06 2.43617e+06 1.02877e+06 294999 608079 556713 92785.7 80157.1 168531 210645 450641
2.04288e+06 2.04288e+06 0.000144676 0.00455578 0.0635882 0.0531546 0.0272635 0.0195728 0.0185435 0.0192088 0.0201756 0.0209948 0.0216159 0.0221614 0.0227596 0.0233249 0.0237115 0.0238533  1.19767e+08 7.79516e+07 8.28496e+06 1.62154e+07 4.23588e+06 1.02294e+06 1.88863e+06 2.34031e+06 879806 255241 506697 483555 79230.6 64649 149904 609839
1.7011e+06 1.7011e+06 0.000138321 0.00435578 0.0608413 0.0507962 0.0260405 0.0187025 0.0177259 0.0183659 0.0192926 0.0200771 0.0206715 0.0211934 0.0217657 0.0223062 0.022676 0.0228116  1.57746e+08 2.98055e+07 2.02554e+07 2.24096e+06 4.73688e+06 1.34488e+06 334940 651247 796094 288834 82108.7 160288 154668 26067.9 21920.7 270083
794817 794817 7.52695e-05 0.00237314 0.033676 0.0280609 0.0142892 0.0102363 0.0096948 0.0100443 0.0105527 0.0109839 0.0113108 0.0115978 0.0119121 0.0122088 0.0124117 0.0124861  6.11057e+07 4.9976e+07 1.02625e+07 8.18877e+06 1.73484e+06 2.84378e+06 844562 216153 766922 950352 305873 93026.2 168877 177659 32258.8 346429
5.04448e+06 5.04448e+06 0.00026034 0.00817847 0.110762 0.0927497 0.0481661 0.0347814 0.0330223 0.0342251 0.0359455 0.0373973 0.0384956 0.0394603 0.0405194 0.0415207 0.042206 0.0424574  1.11586e+08 3.69029e+07 3.17434e+07 6.88684e+06 6.1647e+06 1.53724e+06 2.43535e+06 717184 178877 667369 817176 254144 77336.5 144474 159100 349212
1.22607e+06 1.22607e+06 6.86737e-05 0.0021655 0.030786 0.0256531 0.0130534 0.0093472 0.00885121 0.00916981 0.00963392 0.0100277 0.0103263 0.0105884 0.0108755 0.0111465 0.0113318 0.0113998  1.02979e+08 4.96863e+07 1.81333e+07 1.56863e+07 3.8644e+06 4.22919e+06 1.43552e+06 1.95522e+06 554124 130491 580716 721749 214711 66366.6 128622 466359
919236 919236 9.16914e-05 0.00289005 0.0408502 0.0340645 0.0173761 0.0124541 0.0117962 0.0122209 0.0128385 0.0133621 0.013759 0.0141075 0.0144893 0.0148499 0.0150965 0.0151869  5.68122e+07 2.56758e+07 1.28695e+07 5.00317e+06 4.77027e+06 1.25956e+06 1.42863e+06 499760 658193 181647 41601.4 186772 234112 71434.7 22952.4 214098
399266 399266 4.85849e-05 0.0015325 0.0218803 0.0182036 0.00924431 0.00661822 0.00626825 0.00649512 0.00682487 0.00710454 0.0073166 0.00750264 0.00770628 0.00789846 0.00802985 0.00807802  1.88354e+07 2.15319e+07 9.44317e+06 4.54293e+06 2.64241e+06 3.21285e+06 917204 1.22074e+06 593848 634582 169709 36391.8 200507 267523 82301.7 281175
2.89985e+06 2.89985e+06 0.000272052 0.00854175 0.115019 0.0960149 0.049948 0.0361666 0.0343964 0.0356787 0.0374863 0.0390072 0.0401561 0.0411639 0.042269 0.0433132 0.0440277 0.0442898  2.61506e+07 1.14755e+07 1.45047e+07 6.57502e+06 3.31998e+06 2.23493e+06 2.86436e+06 801205 1.06269e+06 519202 531861 139346 29631.5 172102 240561 335673
759361 759361 8.89921e-05 0.00280507 0.0396689 0.0330695 0.0168643 0.0120876 0.0114499 0.0118628 0.0124629 0.0129717 0.0133575 0.0136961 0.0140671 0.0144173 0.0146568 0.0147446  1.6522e+08 1.27679e+07 5.82442e+06 8.85666e+06 3.97393e+06 1.92488e+06 1.81969e+06 2.54127e+06 662102 884646 451341 435095 112600 23734.5 152200 527031
623044 623044 0.000135301 0.00426001 0.0594319 0.0494979 0.0253762 0.0182512 0.0173161 0.0179512 0.0188622 0.0196322 0.020215 0.0207263 0.0212863 0.0218151 0.0221767 0.0223094  1.0909e+08 4.11164e+07 3.35776e+06 1.59715e+06 2.75174e+06 1.30521e+06 632816 622513 863059 218196 285643 144709 139568 37163.7 8117.46 243497
514212 514212 5.59167e-05 0.00176341 0.0251162 0.0208861 0.0106161 0.007606 0.00720666 0.00746876 0.00784844 0.00817024 0.00841416 0.0086281 0.00886224 0.00908321 0.00923426 0.00928964  2.21366e+07 3.47112e+07 1.39339e+07 1.74099e+06 923189 2.7995e+06 1.16109e+06 389162 648029 944837 220209 290635 159367 149843 42055.4 294972
3.47683e+06 3.47683e+06 0.00025776 0.00805498 0.104159 0.0824941 0.0431768 0.0323257 0.0314891 0.0330729 0.0349675 0.0365049 0.0376446 0.038623 0.0396752 0.0406603 0.0413307 0.0415758  4.95321e+07 1.43267e+07 2.18284e+07 9.34559e+06 1.38273e+06 779782 2.59546e+06 1.0402e+06 325560 564714 808316 182037 241545 136932 133261 310969
1.37362e+06 1.37362e+06 0.000139805 0.00440206 0.0614223 0.0512407 0.0262759 0.0188831 0.0179042 0.0185545 0.0194928 0.0202869 0.0208884 0.0214164 0.021995 0.0225414 0.0229151 0.0230522  7.74165e+07 2.26121e+07 8.83386e+06 9.21093e+06 4.10357e+06 964858 587530 2.4361e+06 897029 238497 482413 690072 148328 202781 120446 396733
783011 783011 0.000148231 0.00466484 0.0647278 0.0537879 0.0276247 0.019913 0.0189183 0.0196244 0.0206261 0.0214706 0.0221092 0.0226687 0.0232812 0.0238593 0.0242546 0.0243996  2.14011e+08 1.93043e+07 5.86599e+06 2.42475e+06 2.67306e+06 1.30535e+06 330324 200294 831114 295950 75490.5 153414 220844 48660 69213.9 183652
531963 531963 7.40411e-05 0.00233441 0.0331294 0.0275972 0.0140518 0.0100675 0.00953588 0.00988023 0.0103807 0.010805 0.0111267 0.011409 0.0117182 0.0120101 0.0122097 0.0122829  1.09769e+07 6.58026e+07 6.83496e+06 2.38098e+06 2.11533e+06 1.5598e+06 939469 392939 220114 1.01402e+06 329904 71530.5 170332 252575 56030.4 299879
3.43835e+06 3.43835e+06 0.000164025 0.00515894 0.0711334 0.0589709 0.0303504 0.0219326 0.020868 0.021662 0.0227747 0.0237108 0.0244178 0.0250366 0.0257133 0.0263518 0.0267882 0.0269482  4.30203e+07 7.15208e+06 4.11046e+07 4.54769e+06 1.81301e+06 1.8558e+06 1.33877e+06 823054 350399 190011 867489 274315 59025.7 146658 226291 327682
1.10932e+06 1.10932e+06 9.78554e-05 0.00308319 0.0434128 0.0361081 0.0184388 0.013243 0.0125601 0.0130209 0.0136834 0.0142438 0.0146683 0.0150405 0.0154479 0.0158324 0.0160953 0.0161917  6.67295e+07 1.97686e+07 4.52492e+06 1.95053e+07 2.48701e+06 1.29581e+06 1.68524e+06 1.08787e+06 699276 314770 163176 761158 233665 50195.3 133696 513011
731737 731737 0.000150983 0.00475335 0.0661833 0.055276 0.0283752 0.0203902 0.0193285 0.0200268 0.0210365 0.0218911 0.0225384 0.0231068 0.0237302 0.0243191 0.024722 0.0248698  9.56342e+07 1.66274e+07 5.14018e+06 1.26895e+06 5.69963e+06 790442 435135 579994 363898 230056 102015 52013.6 244817 77193.7 17199.7 231180
443430 443430 8.00802e-05 0.00252442 0.0357579 0.0297787 0.0151735 0.010877 0.0103055 0.0106789 0.0112201 0.0116789 0.0120265 0.0123316 0.0126657 0.0129811 0.0131968 0.0132758  8.16292e+06 3.23303e+07 6.04851e+06 2.09334e+06 1.09228e+06 2.88528e+06 502915 415188 648723 357638 237264 111754 55520.8 273339 88654.1 290754
3.18615e+06 3.18615e+06 0.000296128 0.00924549 0.118267 0.0936188 0.0491983 0.036931 0.0360206 0.0378501 0.0400235 0.0417833 0.0430865 0.0442046 0.0454068 0.0465323 0.0472983 0.0475784  1.46936e+07 5.20085e+06 2.06037e+07 4.13163e+06 1.58608e+06 934836 2.43034e+06 424482 364359 557942 299794 196481 92729.1 47298 243442 348400
1.17579e+06 1.17579e+06 0.000192928 0.00606893 0.0836132 0.0699129 0.0360487 0.0259509 0.0246131 0.0255045 0.0267888 0.0278748 0.0286971 0.0294193 0.0302115 0.0309602 0.0314725 0.0316604  3.76774e+07 8.03314e+06 3.08953e+06 9.1009e+06 2.07262e+06 959139 729466 1.76452e+06 309453 305717 461584 244206 161770 77873.6 40911.3 529930
682524 682524 0.000283662 0.00890911 0.120205 0.100971 0.0525443 0.0379188 0.0359706 0.0372599 0.0391186 0.0406885 0.0418766 0.0429213 0.0440701 0.0451571 0.0459014 0.0461746  7.53809e+07 9.46245e+06 2.14099e+06 820346 2.6108e+06 666968 320963 248074 581397 99416.4 97537.6 145114 77134.6 52682.4 26360.1 201360
466422 466422 0.000120135 0.00378217 0.0527829 0.0437574 0.0224119 0.016153 0.0153517 0.0159299 0.016747 0.0174357 0.0179562 0.018412 0.0189104 0.0193806 0.0197021 0.0198199  1.33281e+07 2.38721e+07 4.09121e+06 1.55219e+06 733898 1.84002e+06 656911 329836 274746 557558 92876.1 107766 154893 86175.3 61845.3 270715
3.15058e+06 3.15058e+06 0.000377534 0.0118254 0.154691 0.129044 0.0678977 0.0494947 0.0472111 0.0490204 0.0515145 0.0536012 0.0551731 0.0565504 0.0580611 0.059489 0.0604662 0.0608247  1.56006e+07 8.8012e+06 1.52912e+07 2.7853e+06 1.28095e+06 648759 1.5779e+06 586734 289606 231729 467862 75085.7 88992.3 131040 76122.6 303662
1.06896e+06 1.06896e+06 0.000159782 0.00502787 0.069644 0.0579734 0.0298041 0.021475 0.0203922 0.021147 0.0222223 0.0231299 0.0238165 0.0244184 0.0250777 0.0257002 0.0261259 0.026282  6.57955e+07 9.01546e+06 5.92719e+06 7.4477e+06 1.78402e+06 1.24851e+06 641187 1.33056e+06 533061 254043 188739 395518 59900.8 76145.9 114816 343540
747136 747136 0.000254659 0.0079969 0.107973 0.0899155 0.0467038 0.0338357 0.0322009 0.033415 0.0351158 0.0365447 0.037623 0.038568 0.0396038 0.0405824 0.0412518 0.0414975  1.03705e+08 1.64229e+07 2.42193e+06 1.61805e+06 2.15553e+06 577311 430812 221045 444146 175458 81551.7 59397.6 125811 19513.3 25923.9 162111
321096 321096 5.84524e-05 0.00184353 0.0262727 0.0218818 0.0111225 0.00796203 0.00753917 0.00781066 0.00820616 0.00854167 0.00879608 0.00901935 0.00926389 0.00949475 0.0096526 0.00971049  1.77105e+07 3.63203e+07 6.01846e+06 1.81278e+06 1.7158e+06 1.72833e+06 613961 595388 284703 465160 198445 90039.1 61475.4 142020 22305.1 225566
4.25982e+06 4.25982e+06 0.000340679 0.0106754 0.14055 0.116761 0.0612308 0.0446584 0.0426401 0.0443047 0.0465796 0.0484802 0.0499109 0.0511626 0.0525333 0.0538276 0.054713 0.0550378  4.22434e+06 1.21967e+07 2.3472e+07 4.08902e+06 1.53578e+06 1.62975e+06 1.60317e+06 556955 542970 251074 392209 165870 75419.2 52228.3 127802 229145
1.33417e+06 1.33417e+06 0.000138153 0.00435091 0.060825 0.050832 0.0260544 0.0187005 0.0177161 0.0183517 0.0192756 0.0200586 0.0206521 0.0211734 0.021745 0.0222851 0.0226546 0.0227901  6.1922e+07 2.90342e+06 8.76496e+06 1.171e+07 2.14739e+06 1.38215e+06 1.71932e+06 1.54564e+06 500837 501708 221265 323358 139271 64698.2 44637.5 323823
582281 582281 0.000202717 0.00637625 0.0877091 0.0734357 0.037898 0.0272746 0.0258591 0.0267889 0.0281331 0.02927 0.0301308 0.0308872 0.0317177 0.0325029 0.0330402 0.0332374  7.94121e+07 1.5529e+07 798543 2.46123e+06 3.49357e+06 690728 479995 601726 526952 165692 162802 70586.8 103132 45848.2 22145 131203
462026 462026 8.84368e-05 0.00278772 0.0394452 0.0328987 0.0167748 0.0120194 0.0113826 0.0117916 0.0123872 0.0128924 0.0132754 0.0136117 0.0139802 0.0143282 0.0145661 0.0146534  5.8297e+07 2.50253e+07 6.2382e+06 785496 2.37924e+06 2.74466e+06 514978 606372 803556 633235 184193 186885 79493 112616 53514.4 182551
3.01058e+06 3.01058e+06 0.000300526 0.00939252 0.121199 0.0970535 0.0509441 0.037965 0.0368337 0.0385972 0.0407562 0.0425172 0.0438263 0.0449547 0.0461733 0.0473165 0.0480955 0.0483805  1.63199e+07 3.51929e+07 1.59735e+07 4.24732e+06 669189 2.0085e+06 2.4617e+06 443985 542139 711695 544011 152496 156208 68208.6 99822.2 216913
1.09363e+06 1.09363e+06 9.07446e-05 0.00285884 0.0402364 0.0333699 0.0170349 0.0122523 0.0116336 0.0120678 0.0126859 0.0132078 0.0136027 0.0139486 0.0143269 0.0146837 0.0149275 0.0150169  1.5891e+08 9.92281e+06 1.69894e+07 7.32435e+06 2.18295e+06 589026 1.50921e+06 2.14987e+06 347029 478144 637087 473565 126017 134502 60484.8 284002
969566 969566 0.0001932 0.00607779 0.0837725 0.0700903 0.0361377 0.0260047 0.0246572 0.0255462 0.0268301 0.027916 0.0287383 0.0294607 0.0302535 0.0310029 0.0315157 0.0317038  1.22604e+08 3.95217e+07 2.69107e+06 4.57417e+06 2.17144e+06 706790 205531 514348 730572 113823 155437 204887 152908 41703.7 46371.3 123369
529799 529799 5.78383e-05 0.00182419 0.0260024 0.0216575 0.0110077 0.00787934 0.00746063 0.00772923 0.00812064 0.00845274 0.0087046 0.00892564 0.00916771 0.00939622 0.00955247 0.00960976  5.37883e+06 4.22849e+07 1.31737e+07 2.09067e+06 2.2298e+06 1.675e+06 645750 280221 505916 826077 113111 171466 232830 176426 48115.9 201991
4.99775e+06 4.99775e+06 0.000322652 0.0101072 0.132856 0.109519 0.0573863 0.0420209 0.0402468 0.0418888 0.0440793 0.0459006 0.0472682 0.0484611 0.0497633 0.0509912 0.0518305 0.0521382  6.02583e+07 3.51193e+06 2.71082e+07 8.89263e+06 1.71491e+06 1.83741e+06 1.53736e+06 573648 251874 420078 705328 92793.1 143032 201474 158661 230908
1.3296e+06 1.3296e+06 0.000158951 0.0050036 0.0695486 0.0581203 0.0298588 0.0214587 0.0203402 0.0210737 0.0221354 0.0230343 0.0237153 0.0243133 0.0249693 0.0255889 0.0260129 0.0261684  3.43433e+07 2.67664e+07 2.25433e+06 1.29951e+07 4.48393e+06 1.39326e+06 1.33087e+06 1.44052e+06 488146 224277 314008 600489 74209.5 121362 180897 353717
786121 786121 0.000162675 0.00512099 0.0711811 0.0595591 0.0306046 0.0219816 0.0208259 0.021571 0.0226541 0.0235715 0.0242666 0.0248773 0.0255477 0.0261813 0.0266148 0.0267739  9.86468e+07 8.55206e+06 6.90404e+06 616589 3.80598e+06 1.42619e+06 477529 446315 488229 159985 72242.5 97983 191405 24208.9 41321.8 189349
260937 260937 5.98287e-05 0.00188689 0.0268817 0.0223902 0.0113826 0.0081486 0.00771591 0.00799378 0.00839856 0.00874197 0.00900238 0.00923092 0.00948122 0.00971752 0.00987908 0.00993832  1.47689e+07 3.14417e+07 3.30443e+06 2.36381e+06 611526 2.78889e+06 1.046e+06 554395 416357 583444 168555 79606.3 88661.6 215359 27355.9 274617
2.88058e+06 2.88058e+06 0.000272457 0.00853954 0.113218 0.0927797 0.0483974 0.0354696 0.0340215 0.0354445 0.0373217 0.0388793 0.0400477 0.0410646 0.0421723 0.0432156 0.0439281 0.0441892  6.94824e+07 9.48591e+06 1.99145e+07 2.38463e+06 1.72471e+06 547234 2.47038e+06 932497 489173 355875 502842 139458 66244.2 73514.4 192860 279107
994095 994095 0.000120962 0.00381079 0.0535082 0.0446979 0.0228682 0.0164011 0.015534 0.0160907 0.0169013 0.0175886 0.0181097 0.0185674 0.0190692 0.0195433 0.0198675 0.0199864  1.0491e+08 3.15014e+07 5.76577e+06 9.21708e+06 1.58294e+06 941188 498322 2.11144e+06 809299 417625 291769 440089 114705 56141.3 58981.8 428960
963843 963843 0.000162399 0.00511242 0.0710791 0.0594855 0.0305649 0.0219499 0.0207938 0.0215368 0.0226176 0.0235333 0.0242271 0.0248369 0.0255061 0.0261387 0.0265715 0.0267303  7.14424e+07 2.60606e+07 8.17022e+06 1.60032e+06 2.73446e+06 528864 308869 172781 713266 267423 134755 92586 141547 37762.3 19232.3 174006
212779 212779 3.23162e-05 0.00101971 0.0146253 0.0121679 0.00616789 0.00441127 0.00417622 0.00432676 0.00454629 0.00473261 0.00487393 0.00499793 0.00513366 0.00526176 0.00534933 0.00538144  1.01668e+07 2.26291e+07 8.38049e+06 3.0977e+06 1.37229e+06 1.76124e+06 613675 201955 208463 761645 288595 141070 96484.8 163224 42597.4 222856
2.59356e+06 2.59356e+06 0.000271248 0.00851627 0.114657 0.0956687 0.0497669 0.0360446 0.0342868 0.0355685 0.0373723 0.0388893 0.0400351 0.0410398 0.0421416 0.0431826 0.0438948 0.0441561  3.27881e+06 6.8481e+06 1.47151e+07 5.61322e+06 2.36792e+06 1.22185e+06 1.54314e+06 568406 170381 181049 647792 243419 117160 82882.1 147248 245266
532031 532031 8.11356e-05 0.00255796 0.0362642 0.0302423 0.0154081 0.0110359 0.0104498 0.010825 0.0113719 0.0118359 0.0121878 0.0124967 0.0128352 0.0131548 0.0133734 0.0134535  1.02613e+07 2.03059e+06 4.84596e+06 7.90761e+06 2.73575e+06 1.57245e+06 1.11137e+06 1.28684e+06 538289 128914 153312 545499 209071 98023.4 72851.9 356455
426952 426952 0.000234596 0.00737564 0.100802 0.0846251 0.0438073 0.0315326 0.0298835 0.0309465 0.0324904 0.0337969 0.0347865 0.0356567 0.0366134 0.0375183 0.0381378 0.0383652  1.36372e+08 2.62561e+06 553123 1.39986e+06 2.42997e+06 872632 529375 385742 434806 180292 41242.5 49099.1 175788 69555.4 33738 154117
263540 263540 8.24382e-05 0.00259891 0.0368273 0.0307078 0.0156478 0.0112095 0.0106152 0.0109967 0.0115523 0.0120236 0.0123809 0.0126946 0.0130383 0.0133629 0.0135848 0.0136663  2.98216e+07 4.28539e+07 1.56821e+06 510137 1.48025e+06 2.04736e+06 438388 443286 437535 439716 206747 39747.3 51938.8 190108 80024.8 214978
1.75878e+06 1.75878e+06 0.000128771 0.00405456 0.0566103 0.0470907 0.0241293 0.0173613 0.0164781 0.0170864 0.017956 0.0186906 0.0192465 0.0197339 0.0202675 0.0207712 0.0211157 0.021242  5.25018e+07 1.84847e+07 2.67883e+07 1.13858e+06 443799 1.35019e+06 1.89209e+06 362207 386734 378577 369702 172358 32677.3 44125.3 169123 271214
867196 867196 7.79252e-05 0.00245658 0.034815 0.0289908 0.0147686 0.0105861 0.0100298 0.0103932 0.0109201 0.0113667 0.0117052 0.0120022 0.0123275 0.0126345 0.0128445 0.0129215  2.07107e+07 2.42777e+07 1.01347e+07 1.3108e+07 872257 456591 1.3594e+06 1.87321e+06 262127 333514 330078 314406 149268 27794.5 39260.8 409290
660621 660621 0.000127739 0.00402384 0.0564131 0.0471437 0.0241361 0.0173129 0.0163973 0.0169841 0.0178385 0.0185627 0.0191115 0.0195937 0.0201226 0.0206223 0.0209642 0.0210897  1.26667e+08 5.15594e+06 6.32672e+06 2.8239e+06 3.89791e+06 292482 160365 474538 642351 84793.2 107956 105720 101132 49563.7 9557.57 161081
419369 419369 0.000100435 0.00316497 0.0446205 0.0372009 0.0189951 0.0136235 0.0129079 0.0133743 0.0140506 0.0146238 0.0150581 0.0154393 0.015857 0.0162515 0.0165213 0.0166202  3.60575e+07 4.24691e+07 1.8216e+06 2.65247e+06 1.99882e+06 1.95267e+06 319607 215852 578672 757995 71556.1 111682 111974 109642 57274.8 197080
2.98694e+06 2.98694e+06 0.000223512 0.0070029 0.0928811 0.0749595 0.0389856 0.0287731 0.0277589 0.0290137 0.0306038 0.0319121 0.0328891 0.0337345 0.0346501 0.0355101 0.0360965 0.0363112  8.17901e+06 2.16506e+07 2.68989e+07 1.19813e+06 2.00423e+06 1.75053e+06 1.6137e+06 284916 194259 501324 647214 58158.2 92509.2 95168.7 96961.3 232617
964291 964291 9.10875e-05 0.00287101 0.0405819 0.0338347 0.0172582 0.0123706 0.0117179 0.0121403 0.0127542 0.0132746 0.0136692 0.0140156 0.014395 0.0147534 0.0149984 0.0150882  1.11936e+08 9.66878e+06 1.02875e+07 1.2509e+07 585707 1.33507e+06 1.54898e+06 1.14322e+06 248982 177336 432549 564798 46836.7 79367.6 83907.3 298086
773400 773400 0.000181761 0.00571923 0.07906 0.0661297 0.0340542 0.0244928 0.0232197 0.024056 0.0252652 0.0262881 0.0270626 0.027743 0.0284899 0.0291958 0.0296788 0.029856  1.41973e+08 2.7838e+07 2.78649e+06 2.78766e+06 3.75458e+06 189570 454724 538507 379509 82738.5 57882.3 138637 182432 15456.1 27349.1 136797
328553 328553 4.10522e-05 0.00129515 0.0185358 0.0154264 0.00782686 0.00559958 0.00530161 0.00549268 0.00577118 0.00600751 0.00618672 0.00634398 0.00651616 0.00667867 0.00678978 0.00683052  3.07897e+07 4.95492e+07 9.34747e+06 3.45164e+06 1.25984e+06 2.34235e+06 141268 451950 639426 324233 90046.9 65657.3 149482 207362 17819.9 191254
4.20567e+06 4.20567e+06 0.000238346 0.00748795 0.101627 0.0847074 0.043915 0.0317655 0.030206 0.0313345 0.0329262 0.0342659 0.0352779 0.0361653 0.0371378 0.0380566 0.038685 0.0389156  7.46412e+07 1.87897e+07 3.16414e+07 6.38482e+06 2.87552e+06 1.03334e+06 2.02799e+06 123117 402869 562341 271348 74662.5 55135 128466 186685 193588
781769 781769 5.97409e-05 0.00188407 0.0268345 0.0223434 0.0113593 0.00813368 0.00770296 0.00798101 0.00838553 0.00872864 0.00898881 0.00921712 0.00946711 0.00970308 0.00986442 0.00992358  1.29371e+08 3.50363e+07 9.64343e+06 1.58318e+07 3.54596e+06 2.47971e+06 756780 1.64746e+06 100693 355854 495833 221572 61751 47867.8 113939 349388
987740 987740 0.000132164 0.0041622 0.0582016 0.0485577 0.0248788 0.0178697 0.0169394 0.0175529 0.0184396 0.01919 0.0197583 0.0202571 0.0208041 0.0213207 0.0216741 0.0218038  5.7362e+07 3.21673e+07 9.16239e+06 2.69136e+06 4.83213e+06 1.15555e+06 862486 256395 555981 33288.2 116102 159847 71357 20521.5 16586.3 166854
204298 204298 2.51588e-05 0.000793953 0.0114055 0.0094845 0.00480419 0.00343552 0.00325258 0.00336999 0.00354113 0.00368636 0.00379651 0.00389314 0.00399891 0.00409871 0.00416694 0.00419196  1.1585e+07 1.90128e+07 1.06605e+07 3.97338e+06 1.60149e+06 3.11095e+06 831956 944189 225496 534567 34321.6 123387 172599 75110.4 23117.5 213027
3.07534e+06 3.07534e+06 0.000326867 0.01025 0.13595 0.113443 0.0593661 0.0431378 0.0410901 0.0426446 0.04481 0.0466265 0.0479966 0.0491977 0.0505151 0.05176 0.0526119 0.0529245  5.22326e+06 8.18404e+06 1.23611e+07 7.276e+06 3.10063e+06 1.40301e+06 2.69107e+06 740790 823883 193656 450971 28434.1 103703 149239 67372.7 219024
783473 783473 0.000109626 0.00345432 0.04863 0.0405978 0.0207464 0.014875 0.0140885 0.0145941 0.0153302 0.0159543 0.0164275 0.0168431 0.0172986 0.0177288 0.018023 0.0181309  2.00266e+07 2.37615e+06 6.5386e+06 6.41421e+06 3.68759e+06 2.13542e+06 1.21209e+06 2.13014e+06 633462 672675 158505 368526 23050.5 88688.2 132054 256829
433363 433363 0.000216132 0.00679749 0.0933175 0.0782896 0.04045 0.0290964 0.0275703 0.0285513 0.0299775 0.0311849 0.0320996 0.0329039 0.0337877 0.0346236 0.0351958 0.0354058  1.23893e+07 4.98429e+06 617023 1.88527e+06 1.94542e+06 1.18265e+06 721035 417218 713156 209196 216309 50385.3 117935 7596.68 30478.7 138691
200785 200785 9.09543e-05 0.00286688 0.0405323 0.0338006 0.01724 0.0123557 0.0117025 0.0121237 0.0127363 0.0132558 0.0136496 0.0139953 0.0143741 0.0147318 0.0149765 0.0150662  1.06293e+07 5.70877e+06 1.7706e+06 240996 2.31014e+06 1.64063e+06 768900 652366 466188 675077 220880 210222 52265.1 125619 8898.7 196222
944190 944190 0.000296386 0.00930216 0.124601 0.10418 0.0543254 0.0393524 0.0374216 0.0388096 0.0407692 0.0424179 0.0436634 0.0447563 0.0459558 0.0470897 0.0478657 0.0481504  3.21005e+07 6.61981e+06 3.75551e+06 1.24453e+06 178740 2.17876e+06 1.50701e+06 668742 569087 408151 562097 184383 171316 44662.5 111484 188627
805434 805434 0.000174213 0.00548244 0.0759177 0.063475 0.0326621 0.0234873 0.0222665 0.0230697 0.0242309 0.0252137 0.0259582 0.0266121 0.0273294 0.0280072 0.0284709 0.028641  1.59428e+08 3.43279e+07 3.66129e+06 2.06417e+06 848067 116966 2.33472e+06 1.4549e+06 556265 483118 361969 459752 158211 139941 39791.5 272843
1.15253e+06 1.15253e+06 0.000181729 0.00571877 0.0791213 0.0662489 0.0341101 0.0245166 0.0232314 0.0240625 0.0252691 0.0262909 0.0270649 0.0277451 0.028492 0.029198 0.0296811 0.0298584  2.13082e+07 3.96091e+07 9.79476e+06 970688 608392 277172 38608 810898 492100 181000 154165 114632 145328 51782.2 47251.1 110494
733337 733337 6.76966e-05 0.00213474 0.0303567 0.0252951 0.0128699 0.00921526 0.00872606 0.00904004 0.00949746 0.00988552 0.0101798 0.0104381 0.010721 0.0109881 0.0111707 0.0112377  1.93358e+07 7.02144e+06 1.27916e+07 1.13247e+07 730808 507018 304055 32762.5 1.06618e+06 583879 186425 159285 127530 154782 60874.6 181039
1.72186e+06 1.72186e+06 0.000222457 0.0069958 0.0959192 0.0805177 0.0416265 0.0299431 0.0283699 0.0293774 0.0308437 0.0320855 0.0330267 0.0338544 0.0347639 0.035624 0.0362128 0.0364288  5.07722e+06 1.30062e+07 4.71152e+06 8.43706e+06 9.21672e+06 647831 437554 285004 28137.8 943867 502004 155798 132486 110199 137664 222910
659000 659000 8.62093e-05 0.00271763 0.0384769 0.0320908 0.0163589 0.0117198 0.0110984 0.0114972 0.0120783 0.0125714 0.0129454 0.0132737 0.0136334 0.0139729 0.0142051 0.0142902  1.18744e+07 4.83408e+06 8.92422e+06 2.97576e+06 4.43575e+06 7.87077e+06 607498 356476 284344 22899.1 858339 444468 134073 114320 100914 330783
440564 440564 0.000173019 0.00544567 0.0755181 0.0632268 0.0325233 0.023365 0.0221361 0.0229267 0.0240764 0.0250501 0.0257879 0.0264364 0.0271482 0.0278211 0.0282816 0.0284506  3.97788e+07 3.0352e+06 1.37261e+06 2.55965e+06 926612 1.41742e+06 2.71699e+06 210745 119751 95489.3 7371.22 276287 143684 44527.4 39395.3 154832
