 1 -3.20628
 2 -3.22826
 3 -3.26403
 4 -3.25757
 5 -3.1821
 6 -3.27212
 7 -3.30537
 8 -3.21658
 9 -3.07665
 10 -3.16467
 11 -3.25259
 12 -3.20377
 13 -3.07755
 14 -3.19897
 15 -3.21392
 16 -3.07009
 17 -2.83244
 18 -2.89923
 19 -2.99217
 20 -2.96896
 21 -2.76701
 22 -2.81873
 23 -2.82734
 24 -2.79416
 25 -2.73537
 26 -2.7715
 27 -2.71616
 28 -2.68978
 29 -2.64456
 30 -2.76669
 31 -2.93374
 32 -2.99271
 33 -2.90092
 34 -2.94596
 35 -2.96618
 36 -2.90228
 37 -2.7426
 38 -2.89783
 39 -2.89816
 40 -2.70355
 41 -2.43703
 42 -2.62657
 43 -2.69025
 44 -2.62706
 45 -2.6968
 46 -2.63968
 47 -2.64911
 48 -2.70949
 49 -2.74409
 50 -2.7764
 51 -2.93109
 52 -2.91989
 53 -2.54029
 54 -2.58672
 55 -2.71534
 56 -2.87895
 57 -2.74017
 58 -2.69432
 59 -2.4322
 60 -2.12483
 61 -2.0229
 62 -2.35085
 63 -2.39244
 64 -2.65173
 65 -2.26842
 66 -2.11986
 67 -1.97941
 68 -2.14771
