 1 -4.21246
 2 -4.20227
 3 -4.19118
 4 -4.1895
 5 -4.19573
 6 -4.30254
 7 -4.31596
 8 -4.25915
 9 -4.12413
 10 -4.1979
 11 -4.19825
 12 -4.22758
 13 -4.12646
 14 -4.24582
 15 -4.27413
 16 -4.13237
 17 -4.32003
 18 -4.43696
 19 -4.50453
 20 -4.5262
 21 -4.40008
 22 -4.34999
 23 -4.3457
 24 -4.26815
 25 -4.49755
 26 -4.56352
 27 -4.50626
 28 -4.50179
 29 -3.95671
 30 -4.03912
 31 -4.1729
 32 -4.29315
 33 -4.26778
 34 -4.31209
 35 -4.2564
 36 -4.21147
 37 -3.8205
 38 -4.04147
 39 -4.0579
 40 -3.91852
 41 -4.12304
 42 -3.99275
 43 -3.89615
 44 -4.05211
 45 -4.02116
 46 -3.88903
 47 -3.92794
 48 -4.06045
 49 -4.00628
 50 -3.90284
 51 -3.94104
 52 -4.18621
 53 -4.17668
 54 -4.15721
 55 -3.79113
 56 -3.59267
 57 -3.25166
 58 -3.60594
 59 -3.70552
 60 -4.06974
 61 -3.83086
 62 -3.54072
 63 -3.25162
 64 -3.49498
