 1 -5.20679
 2 -4.59071
 3 -4.64455
 4 -4.80707
 5 -5.6824
 6 -4.26142
 7 -3.81141
 8 -4.0633
 9 -3.87991
 10 -3.90076
 11 -4.0595
 12 -4.27656
 13 -3.89307
 14 -2.77446
 15 -3.56684
 16 -3.69466
 17 -4.17726
 18 -3.91076
 19 -5.08023
 20 -3.99968
 21 -4.06375
 22 -3.60517
 23 -3.30945
 24 -3.46688
 25 -3.64345
 26 -3.84145
 27 -4.05699
 28 -3.20886
 29 -3.64581
 30 -4.14436
 31 -3.77216
 32 -3.37878
 33 -3.7881
 34 -3.95426
 35 -4.57919
 36 -3.5346
 37 -3.67394
 38 -4.15384
 39 -3.78992
 40 -3.76427
 41 -3.87886
 42 -4.20741
 43 -3.60766
 44 -3.40719
 45 -4.24325
 46 -3.69436
 47 -3.67623
 48 -3.91707
 49 -4.1303
 50 -4.53438
 51 -3.95774
 52 -3.31075
 53 -3.27958
 54 -3.37567
 55 -3.63207
 56 -3.84572
 57 -4.05776
 58 -4.10467
 59 -3.74075
 60 -3.87042
 61 -3.59727
 62 -4.11334
 63 -3.56264
 64 -3.495
 65 -3.93235
 66 -4.22922
 67 -4.0611
 68 -4.08513
 69 -3.71913
 70 -3.81939
 71 -3.52169
 72 -3.55422
 73 -3.63774
 74 -3.76587
 75 -3.73648
 76 -3.59757
 77 -3.74878
 78 -3.64177
 79 -3.68892
 80 -3.9856
 81 -3.53098
 82 -3.7007
 83 -3.44884
 84 -3.61089
 85 -3.56035
 86 -3.77598
 87 -3.58641
 88 -3.85119
 89 -3.8511
 90 -4.16995
 91 -4.12964
 92 -3.73874
 93 -3.6734
 94 -3.89985
 95 -3.63272
 96 -3.88964
 97 -3.50327
 98 -3.58975
 99 -3.16727
 100 -3.10558
 101 -3.28408
 102 -3.37972
 103 -3.52545
 104 -4.0459
 105 -3.74354
 106 -3.04093
 107 -3.51113
 108 -3.66088
 109 -3.44671
 110 -3.70745
 111 -3.79529
 112 -3.98403
 113 -3.87969
 114 -3.44164
 115 -3.49853
 116 -3.51881
 117 -3.28151
 118 -3.00455
 119 -3.39772
 120 -3.30232
 121 -3.70077
 122 -3.87339
 123 -3.95888
 124 -3.24494
 125 -3.63821
 126 -3.44547
 127 -3.40016
 128 -3.46535
 129 -3.30186
 130 -3.40812
 131 -3.78497
 132 -3.65696
 133 -3.68188
 134 -3.52938
 135 -3.71917
 136 -3.52818
 137 -3.85021
 138 -4.13993
 139 -3.80307
 140 -3.71631
 141 -3.68685
 142 -3.40713
 143 -3.49863
 144 -3.90623
 145 -3.86389
 146 -3.67305
 147 -3.54671
 148 -3.22258
 149 -3.53091
 150 -3.29194
 151 -3.21837
 152 -3.29536
 153 -3.31293
 154 -3.58498
 155 -3.39525
 156 -3.58406
 157 -3.43604
 158 -3.50152
 159 -3.20305
 160 -3.66104
 161 -3.82911
 162 -2.83281
 163 -3.26753
 164 -3.12709
 165 -3.10823
 166 -3.58742
 167 -3.45374
 168 -3.08338
