 1 -7.32462
 2 -7.29002
 3 -6.64729
 4 -7.64615
 5 -7.18096
 6 -7.91206
 7 -7.04894
 8 -6.63167
 9 -7.11051
 10 -6.64605
 11 -4.75391
 12 -7.67629
 13 -6.8051
 14 -6.53346
 15 -6.54192
 16 -5.97052
 17 -7.70874
 18 -6.79997
 19 -6.58666
 20 -6.84444
 21 -6.59241
 22 -6.03395
 23 -7.40871
 24 -7.65151
 25 -7.61218
 26 -7.47611
 27 -7.87163
 28 -6.83821
 29 -6.76047
 30 -6.22342
 31 -6.57134
 32 -6.70365
 33 -6.5186
 34 -6.45768
 35 -7.17911
 36 -6.78239
 37 -6.38014
 38 -6.26073
 39 -6.73649
 40 -6.83743
 41 -6.9181
 42 -6.49489
 43 -7.26308
 44 -5.87986
 45 -7.81294
 46 -5.94676
 47 -6.64852
 48 -7.54088
 49 -6.50402
 50 -5.98872
 51 -5.83237
 52 -6.97555
 53 -6.10025
 54 -6.49199
 55 -7.17989
 56 -6.45255
 57 -7.18273
 58 -7.35424
 59 -7.14673
 60 -8.11792
 61 -6.57552
 62 -6.50569
 63 -5.82587
 64 -6.33518
 65 -6.5167
 66 -5.18174
 67 -5.19587
 68 -6.17436
 69 -5.72948
 70 -6.37845
 71 -7.39986
 72 -6.23899
 73 -5.79435
 74 -6.5958
 75 -5.726
 76 -6.04439
 77 -6.72421
 78 -5.77791
 79 -6.07996
 80 -5.58368
 81 -5.46019
 82 -5.74759
 83 -6.04911
 84 -5.92727
 85 -5.28024
 86 -6.91805
 87 -5.57415
 88 -6.22428
 89 -6.02068
 90 -5.78178
 91 -5.89092
 92 -5.27229
 93 -6.00804
 94 -5.92733
 95 -6.29002
 96 -6.00336
 97 -5.55326
 98 -4.93881
 99 -6.20751
 100 -6.65393
 101 -6.43113
 102 -6.92812
 103 -6.74664
 104 -4.80256
 105 -6.37209
 106 -6.38563
 107 -6.26852
 108 -6.02102
 109 -5.75513
 110 -6.96722
 111 -5.32034
 112 -5.80279
 113 -6.23517
 114 -6.67099
 115 -6.09871
 116 -6.02788
 117 -5.96793
 118 -6.80263
 119 -6.78078
 120 -6.26007
 121 -5.86055
 122 -6.48463
 123 -6.50303
 124 -7.02702
 125 -6.17905
 126 -6.18659
 127 -7.04358
 128 -7.64473
 129 -6.2521
 130 -7.13968
 131 -7.08383
 132 -6.53423
 133 -5.82703
 134 -6.27127
 135 -7.10798
 136 -6.03005
 137 -5.63044
 138 -5.81395
 139 -6.23149
 140 -6.83141
 141 -5.61598
 142 -5.95003
 143 -6.8463
 144 -5.31745
 145 -6.00881
 146 -6.00277
 147 -6.74225
 148 -5.56954
 149 -6.07573
