 1 -4.77474
 2 -3.90418
 3 -3.27134
 4 -3.30106
 5 -2.93263
 6 -3.39956
 7 -3.12767
 8 -2.45407
 9 -3.66401
 10 -3.16334
 11 -3.0808
 12 -2.73925
 13 -3.62682
 14 -2.99633
 15 -2.58668
 16 -2.4829
 17 -3.4106
 18 -3.09427
 19 -2.79419
 20 -2.97542
 21 -2.62079
 22 -2.23805
 23 -2.2591
 24 -1.98885
 25 -1.86637
 26 -2.42756
 27 -2.19818
 28 -1.89912
 29 -2.04715
 30 -2.13494
 31 -2.23639
 32 -2.06063
 33 -2.81274
 34 -2.14641
 35 -2.3423
 36 -2.07385
 37 -2.18518
 38 -2.68869
 39 -2.50015
 40 -2.04619
 41 -2.67501
 42 -2.26233
 43 -1.98938
 44 -2.0365
 45 -2.93568
 46 -1.98438
 47 -2.71021
 48 -2.33031
 49 -2.88607
 50 -2.21297
 51 -2.1453
 52 -2.17297
 53 -1.92425
 54 -2.05577
 55 -2.18213
 56 -2.12508
 57 -2.37229
 58 -2.30063
 59 -2.36007
 60 -2.38686
 61 -3.31821
 62 -2.46815
 63 -2.33194
 64 -2.35639
 65 -3.21241
 66 -2.61661
 67 -2.50993
 68 -2.84441
 69 -2.4644
 70 -2.67185
 71 -1.94513
 72 -2.25646
 73 -2.22131
 74 -2.28717
 75 -2.03276
 76 -2.34235
 77 -2.11979
 78 -1.87979
 79 -2.03412
 80 -1.74012
 81 -2.23711
 82 -2.09683
 83 -2.2959
 84 -2.12951
 85 -2.3088
 86 -1.88746
 87 -1.79053
 88 -1.93388
 89 -2.82969
 90 -1.87063
 91 -1.92054
 92 -2.0417
 93 -0.0902994
 94 -1.88697
 95 -1.87526
 96 -1.70414
 97 -1.16011
 98 -1.88779
 99 -1.77399
 100 -1.55362
 101 -0.876698
 102 -2.24281
 103 -2.20554
 104 -1.55495
 105 -1.27554
 106 -2.33111
 107 -1.75966
 108 -1.51116
 109 -1.54734
 110 -1.87809
 111 -1.43102
 112 -1.6333
 113 -1.23448
 114 -1.90032
 115 -1.89351
 116 -1.27789
 117 -1.52001
 118 -1.83125
 119 -1.89625
 120 -2.04824
 121 -1.15222
 122 -2.02443
 123 -1.82022
 124 -1.86137
 125 -0.519152
 126 -1.43416
 127 -1.51655
 128 -1.15461
 129 -1.26685
 130 -2.03996
 131 -1.47701
 132 -1.7277
 133 -1.38008
 134 -1.83794
 135 -1.94822
 136 -1.6663
 137 -1.59509
 138 -2.20721
 139 -1.75581
 140 -1.44832
 141 -2.00987
 142 -2.19491
 143 -1.42173
 144 -1.28461
 145 -1.35047
 146 -1.8603
 147 -1.59557
 148 -0.940513
 149 -1.30942
 150 -1.7971
 151 -1.32894
 152 -0.755239
 153 -1.32257
 154 -1.64716
 155 -1.54364
 156 -0.697095
 157 -1.91752
 158 -1.72468
 159 -1.83823
 160 -1.47746
 161 -1.69249
 162 -1.86737
 163 -1.75465
 164 -1.30987
 165 -1.57144
 166 -1.45558
 167 -1.2641
 168 -1.63135
 169 -1.94425
 170 -1.81275
 171 -1.52803
 172 -1.19885
 173 -1.5828
 174 -1.4907
 175 -1.85079
 176 -1.44443
 177 -1.63864
 178 -2.33936
 179 -1.89975
 180 -2.04327
 181 -1.92148
 182 -1.98854
 183 -1.8284
 184 -2.01628
 185 -2.55552
 186 -2.06952
 187 -2.11753
 188 -2.034
 189 -3.21626
 190 -2.49587
 191 -2.18072
 192 -2.10156
 193 -2.35527
 194 -2.05505
 195 -1.56238
 196 -1.44062
 197 -1.84049
 198 -2.08482
 199 -1.81033
 200 -0.47367
