 1 -6.2913
 2 -6.69284
 3 -6.40788
 4 -7.06616
 5 -6.39766
 6 -6.34834
 7 -7.15729
 8 -6.89596
 9 -6.29126
 10 -6.69386
 11 -6.36076
 12 -6.35471
 13 -6.33228
 14 -5.62411
 15 -5.94521
 16 -6.31747
 17 -6.40705
 18 -6.26309
 19 -5.74698
 20 -6.12534
 21 -6.30148
 22 -6.1581
 23 -5.68876
 24 -6.19235
 25 -6.46907
 26 -7.07424
 27 -5.79918
 28 -5.84703
 29 -5.86931
 30 -6.22248
 31 -6.15293
 32 -6.16623
 33 -6.26338
 34 -6.79938
 35 -6.14076
 36 -6.76379
 37 -6.87644
 38 -5.70619
 39 -5.88547
 40 -5.84558
 41 -6.58347
 42 -6.06852
 43 -6.27072
 44 -7.09944
 45 -6.49014
 46 -5.91869
 47 -6.01576
 48 -6.07936
 49 -6.09917
 50 -5.72452
 51 -5.80316
 52 -5.87267
 53 -5.74775
 54 -5.0566
 55 -5.43859
 56 -5.58803
 57 -6.34942
 58 -4.97928
 59 -5.50245
 60 -5.58565
 61 -5.91475
 62 -6.45752
 63 -6.16345
 64 -6.02686
 65 -6.53119
 66 -6.67324
 67 -6.94411
 68 -5.54162
 69 -5.71708
 70 -5.6429
 71 -6.05992
 72 -6.31569
 73 -5.96121
 74 -5.57821
 75 -4.8495
 76 -4.61497
 77 -5.39262
 78 -5.25349
 79 -5.74043
 80 -6.07603
 81 -6.02281
 82 -5.65893
 83 -5.85452
 84 -5.99222
 85 -6.84961
 86 -5.64716
 87 -5.93873
 88 -6.073
 89 -6.16585
 90 -5.38236
 91 -5.12059
 92 -6.05647
 93 -6.055
 94 -5.67137
 95 -6.07856
 96 -6.07654
 97 -6.2088
 98 -5.26264
 99 -7.49374
 100 -7.62493
 101 -6.06239
 102 -5.84367
 103 -6.31165
 104 -6.15329
 105 -6.29735
 106 -6.46046
 107 -6.42103
 108 -6.59877
 109 -7.0725
 110 -7.90602
 111 -7.01862
 112 -6.49296
 113 -6.64031
 114 -7.53572
 115 -5.69674
 116 -5.79078
 117 -6.4624
 118 -6.81192
 119 -5.7994
 120 -5.90055
 121 -6.05023
 122 -6.44299
 123 -6.15421
 124 -6.9481
 125 -7.65244
 126 -7.25604
 127 -5.77873
 128 -5.72558
 129 -6.61238
 130 -6.00506
 131 -5.86211
 132 -6.81782
 133 -6.85234
 134 -6.79853
 135 -5.943
 136 -5.90462
 137 -6.06442
 138 -6.82522
 139 -6.01619
 140 -7.26792
 141 -5.1704
 142 -6.60963
 143 -5.21462
 144 -6.84732
 145 -5.47803
 146 -5.67338
 147 -5.63181
 148 -4.75783
 149 -5.572
 150 -5.34829
 151 -6.61145
 152 -5.65776
 153 -5.82141
 154 -5.76169
 155 -5.87615
 156 -5.38823
 157 -6.18633
 158 -4.77942
 159 -5.63515
 160 -4.49867
 161 -5.46602
 162 -5.87527
 163 -5.57828
 164 -5.2291
 165 -6.77336
 166 -6.90319
 167 -5.90843
 168 -6.1362
