 1 -3.05978
 2 -2.94513
 3 -2.95687
 4 -3.28937
 5 -2.83337
 6 -2.68852
 7 -2.74754
 8 -2.72007
 9 -2.45178
 10 -2.36589
 11 -3.09165
 12 -2.82124
 13 -3.21049
 14 -3.43019
 15 -3.00765
 16 -3.26508
 17 -4.20242
 18 -4.0037
 19 -4.30152
 20 -4.79382
 21 -4.11482
 22 -3.92881
 23 -5.94095
 24 -4.21219
 25 -4.10774
 26 -7.4938
 27 -8.53936
 28 -5.44256
 29 -3.28861
 30 -4.30834
 31 -6.28282
 32 -5.48015
 33 -3.6564
 34 -3.22846
 35 -3.42787
 36 -3.37217
 37 -3.6991
 38 -3.41282
 39 -3.38252
 40 -3.51355
 41 -3.78282
 42 -3.53825
 43 -3.85845
 44 -4.10132
 45 -3.95939
 46 -3.49246
 47 -3.40334
 48 -3.46316
 49 -3.48627
 50 -3.10213
 51 -3.16903
 52 -3.5138
 53 -3.70519
 54 -2.85617
 55 -2.6081
 56 -3.38376
 57 -2.92046
 58 -2.72894
 59 -2.47947
 60 -3.16487
 61 -2.97395
 62 -2.42847
 63 -2.35511
 64 -2.96981
 65 -2.74254
 66 -2.57378
 67 -3.02068
 68 -2.8404
 69 -2.79694
 70 -2.77253
 71 -3.43167
 72 -4.32485
 73 -4.90685
 74 -4.05769
 75 -3.72797
 76 -3.50099
 77 -4.01863
 78 -4.16288
 79 -3.52532
 80 -3.99642
 81 -3.48901
 82 -2.35768
 83 -2.43989
 84 -2.79838
 85 -3.54768
 86 -3.19273
 87 -3.81738
 88 -3.54753
 89 -3.88274
 90 -3.29811
 91 -3.38546
 92 -3.27458
 93 -3.30514
 94 -3.3031
 95 -3.05887
 96 -3.06949
 97 -3.33461
 98 -2.72567
 99 -2.64866
 100 -3.36647
 101 -3.38111
 102 -3.2265
 103 -2.8019
 104 -3.92146
 105 -3.3354
 106 -2.52994
 107 -4.14868
 108 -3.00817
 109 -2.97824
 110 -3.95215
 111 -3.59453
 112 -4.68493
 113 -3.18531
 114 -3.05365
 115 -3.09795
 116 -4.43725
 117 -3.3833
 118 -3.21134
 119 -3.85103
 120 -3.46395
 121 -3.60835
 122 -3.3881
 123 -3.52237
 124 -3.81347
 125 -3.18009
 126 -2.96762
 127 -2.561
 128 -3.60337
 129 -4.00884
 130 -3.93823
 131 -5.19439
 132 -3.75101
 133 -3.89303
 134 -3.38108
 135 -2.38382
 136 -4.301
 137 -3.87311
 138 -3.30014
 139 -3.47054
 140 -3.64013
 141 -3.44774
 142 -4.09858
 143 -3.61016
 144 -3.70563
 145 -3.76197
 146 -3.54078
 147 -4.44689
 148 -4.86284
 149 -3.98704
 150 -3.40418
 151 -3.82478
 152 -4.4096
 153 -3.85908
 154 -3.2483
 155 -3.0439
 156 -4.23643
 157 -4.02644
 158 -3.9321
 159 -5.42174
 160 -3.856
 161 -3.87473
 162 -3.13304
 163 -3.45747
 164 -3.79254
 165 -3.80083
 166 -3.30437
 167 -4.48693
 168 -3.81117
 169 -3.76904
 170 -3.32926
 171 -3.68354
 172 -3.3495
 173 -3.52153
 174 -3.38789
 175 -3.51317
 176 -3.70003
 177 -3.69449
 178 -3.22827
 179 -3.23262
 180 -3.75728
 181 -3.70001
 182 -3.30443
 183 -3.28796
 184 -3.58177
 185 -3.35066
 186 -2.83498
 187 -2.82834
 188 -3.25268
 189 -3.52402
 190 -3.36544
 191 -3.17743
 192 -4.75642
 193 -3.24933
 194 -3.05261
 195 -2.89888
 196 -3.14373
 197 -3.40447
 198 -3.17826
 199 -2.92489
 200 -3.096
