 1 -4.04933
 2 -3.53135
 3 -3.62626
 4 -3.86457
 5 -3.76812
 6 -3.37833
 7 -3.44784
 8 -3.75504
 9 -3.6437
 10 -3.51111
 11 -3.80848
 12 -4.04174
 13 -3.67586
 14 -4.88247
 15 -4.68772
 16 -4.48506
 17 -4.20378
 18 -3.59473
 19 -3.9889
 20 -4.05342
 21 -3.95631
 22 -4.33548
 23 -4.35036
 24 -4.45503
 25 -3.89306
 26 -4.43621
 27 -4.87594
 28 -4.59687
 29 -4.47178
 30 -4.27406
 31 -4.62988
 32 -4.45129
 33 -4.31418
 34 -3.91821
 35 -3.92699
 36 -3.76426
 37 -3.89621
 38 -3.75625
 39 -4.55128
 40 -4.81259
 41 -4.44696
 42 -4.27206
 43 -4.171
 44 -4.56477
 45 -4.84544
 46 -4.53638
 47 -4.44057
 48 -3.91532
 49 -3.82907
 50 -3.8444
 51 -4.19713
 52 -3.76383
 53 -3.75491
 54 -3.56141
 55 -3.43127
 56 -3.43196
 57 -3.52624
 58 -3.71829
 59 -3.80496
 60 -3.54829
 61 -3.78436
 62 -4.04569
 63 -3.91492
 64 -3.88194
 65 -3.81465
 66 -3.55403
 67 -3.68289
 68 -3.96932
 69 -3.83823
 70 -3.80906
 71 -4.20174
 72 -4.35663
 73 -4.07436
 74 -3.88587
 75 -4.20658
 76 -4.56864
 77 -4.80608
 78 -4.35853
 79 -4.06964
 80 -3.46702
 81 -3.6942
 82 -4.0108
 83 -4.40435
 84 -4.47502
 85 -4.13245
 86 -3.63317
 87 -4.03438
