 1 -5.15222
 2 -4.81827
 3 -5.06789
 4 -4.95874
 5 -5.56426
 6 -4.86418
 7 -4.57714
 8 -4.46527
 9 -4.04436
 10 -4.17341
 11 -4.35882
 12 -4.3402
 13 -4.52704
 14 -4.27745
 15 -4.29325
 16 -4.74291
 17 -4.88336
 18 -4.47337
 19 -4.52753
 20 -4.5884
 21 -5.31964
 22 -4.90361
 23 -4.56632
 24 -5.1109
 25 -5.23354
 26 -4.79185
 27 -4.47976
 28 -4.34513
 29 -4.55902
 30 -4.46196
 31 -4.51047
 32 -4.58579
 33 -4.98976
 34 -4.79299
 35 -4.33582
 36 -4.25163
 37 -4.52795
 38 -4.42521
 39 -4.51094
 40 -4.3868
 41 -4.6768
 42 -4.71431
 43 -4.82916
 44 -4.66328
 45 -5.07068
 46 -4.8653
 47 -4.77475
 48 -4.25885
 49 -4.21478
 50 -4.25395
 51 -4.5361
 52 -4.62914
 53 -4.94003
 54 -4.83828
 55 -4.65594
 56 -4.4173
 57 -4.39467
 58 -4.6345
 59 -4.55396
 60 -4.32387
 61 -4.70541
 62 -4.74491
 63 -5.08126
 64 -5.64914
 65 -5.28044
 66 -5.39016
 67 -4.95754
 68 -5.00343
 69 -4.97991
 70 -4.62241
 71 -4.13585
 72 -4.70828
 73 -5.25293
 74 -5.02129
 75 -4.85661
 76 -5.15761
 77 -4.58543
 78 -4.25969
 79 -3.94644
 80 -3.81209
 81 -5.08691
 82 -4.24379
 83 -3.78709
 84 -4.78378
 85 -5.05113
 86 -4.53921
 87 -4.68026
 88 -5.42636
 89 -4.63292
 90 -4.56471
 91 -4.87245
 92 -5.20739
 93 -4.82611
 94 -4.46139
 95 -4.49766
 96 -4.7846
 97 -5.94104
 98 -5.08577
 99 -4.52735
 100 -4.70628
 101 -4.74637
 102 -4.28855
 103 -4.34839
 104 -4.17513
 105 -5.04977
 106 -4.57512
 107 -4.74876
 108 -4.60051
 109 -4.82996
 110 -4.46115
 111 -4.68086
 112 -5.25891
 113 -5.29147
 114 -5.10087
 115 -3.69222
 116 -3.98333
 117 -3.20589
 118 -4.75468
 119 -4.80091
 120 -4.58086
 121 -4.659
 122 -4.77464
 123 -4.39473
 124 -4.18294
 125 -4.41364
 126 -4.62692
 127 -4.61341
 128 -4.67345
 129 -4.25043
 130 -4.68493
 131 -5.24739
 132 -5.1231
 133 -5.00254
 134 -4.96052
 135 -5.87653
 136 -4.69783
 137 -4.48433
 138 -4.58234
 139 -5.85602
 140 -5.26141
 141 -5.07735
 142 -5.2709
 143 -6.1245
 144 -5.36
 145 -5.01579
 146 -5.06569
 147 -3.8569
 148 -5.08563
 149 -4.8012
 150 -4.41713
 151 -5.03604
 152 -5.5838
 153 -4.38936
 154 -4.13348
 155 -4.19783
 156 -5.03739
 157 -4.65279
 158 -4.45059
 159 -4.94409
 160 -4.96062
 161 -4.95412
 162 -4.98174
 163 -3.93209
 164 -5.84473
 165 -5.01536
 166 -5.57184
 167 -6.02614
 168 -5.21963
 169 -4.55078
 170 -5.18325
 171 -6.04149
 172 -5.59077
 173 -4.78795
 174 -5.69007
 175 -6.24761
 176 -5.51981
 177 -4.8604
 178 -5.20427
 179 -5.82351
 180 -4.57633
 181 -4.51735
 182 -5.12124
 183 -5.18729
 184 -4.79088
 185 -4.55659
