 1 -4.59473
 2 -4.67126
 3 -5.02815
 4 -5.14378
 5 -5.19657
 6 -5.08479
 7 -4.9951
 8 -4.70153
 9 -4.79578
 10 -4.45868
 11 -4.82411
 12 -4.94171
 13 -5.08158
 14 -5.24256
 15 -4.97297
 16 -4.83897
 17 -4.71231
 18 -4.55804
 19 -4.77487
 20 -4.71507
 21 -4.90299
 22 -4.69079
 23 -5.09777
 24 -4.70273
 25 -4.84323
 26 -4.86885
 27 -4.84343
 28 -4.549
 29 -5.00068
 30 -4.90462
 31 -5.54866
 32 -4.87382
 33 -5.52708
 34 -5.27739
 35 -5.05078
 36 -4.87365
 37 -5.01051
 38 -5.15388
 39 -4.76917
 40 -4.78102
 41 -5.07871
 42 -5.02608
 43 -5.26178
 44 -5.07881
 45 -4.97002
 46 -5.47962
 47 -4.98445
 48 -4.82948
 49 -4.67971
 50 -4.9566
 51 -5.04876
 52 -4.8183
 53 -5.13442
 54 -5.25884
 55 -5.09594
 56 -4.71353
 57 -4.68191
 58 -4.85848
 59 -4.90223
 60 -4.94918
 61 -5.22241
 62 -5.6169
 63 -5.73955
 64 -5.76848
 65 -5.11307
 66 -4.68144
 67 -4.78295
 68 -4.23291
 69 -3.8681
 70 -4.1266
 71 -4.56607
 72 -4.79732
 73 -4.7425
 74 -6.33603
 75 -5.59343
 76 -4.966
 77 -4.72719
 78 -5.56556
 79 -5.04894
 80 -5.37238
 81 -5.89541
 82 -6.75339
 83 -6.03223
 84 -4.52254
 85 -4.87096
 86 -4.67105
 87 -6.27178
 88 -5.41044
 89 -4.62886
 90 -5.49197
 91 -6.8841
 92 -4.79582
 93 -4.58019
 94 -4.76495
 95 -5.56382
 96 -5.03842
 97 -5.35281
 98 -6.81316
 99 -5.50865
 100 -5.13636
 101 -4.91226
 102 -5.11266
 103 -5.96926
 104 -4.949
 105 -6.07039
 106 -5.06427
 107 -6.34617
 108 -5.40667
 109 -5.30223
 110 -4.66228
 111 -6.0079
 112 -5.49979
 113 -4.80168
 114 -5.06805
 115 -4.46686
 116 -5.25609
 117 -4.4699
 118 -5.33229
 119 -5.64963
 120 -4.9402
 121 -5.44328
 122 -4.27736
 123 -4.40821
 124 -4.32193
 125 -5.2688
 126 -5.64289
 127 -5.13749
 128 -4.59518
 129 -4.78232
 130 -4.65934
 131 -6.1587
 132 -5.13809
 133 -4.9582
 134 -4.94881
 135 -5.30641
 136 -5.24379
 137 -6.10179
 138 -5.68447
 139 -5.90707
 140 -5.94832
 141 -5.12717
 142 -4.87624
 143 -5.72083
 144 -5.01129
 145 -5.54992
 146 -5.20783
 147 -5.15086
 148 -6.41769
 149 -5.45087
 150 -4.84781
 151 -4.75162
 152 -4.88029
 153 -4.50577
 154 -6.86715
 155 -5.20412
 156 -5.44024
 157 -5.46954
 158 -5.04883
 159 -4.98496
 160 -4.42298
 161 -6.20935
 162 -4.58766
 163 -5.09461
 164 -5.02425
 165 -5.32627
 166 -4.48171
 167 -4.97706
 168 -5.02999
 169 -5.64023
 170 -5.38065
 171 -5.05121
 172 -5.28596
 173 -5.17938
 174 -5.49731
 175 -5.21506
 176 -5.40957
 177 -5.63185
 178 -6.22544
 179 -5.40041
 180 -6.31974
 181 -6.01941
 182 -5.03632
 183 -5.62742
 184 -4.94936
 185 -4.44955
 186 -4.3647
