 1 -6.22327
 2 -5.8298
 3 -5.82656
 4 -7.15649
 5 -5.63098
 6 -6.23005
 7 -5.82245
 8 -5.96316
 9 -7.92407
 10 -6.62796
 11 -6.01228
 12 -6.96919
 13 -5.48174
 14 -5.83582
 15 -5.67495
 16 -5.9114
 17 -5.67174
 18 -6.06014
 19 -5.90609
 20 -6.57686
 21 -5.38396
 22 -5.43882
 23 -5.52108
 24 -5.69109
 25 -5.58956
 26 -5.59438
 27 -6.05927
 28 -7.15688
 29 -5.5354
 30 -5.70538
 31 -5.48455
 32 -5.8055
 33 -5.74766
 34 -5.51581
 35 -5.80733
 36 -6.3224
 37 -5.85649
 38 -5.24926
 39 -5.56552
 40 -5.94815
 41 -5.49216
 42 -5.71136
 43 -5.43986
 44 -6.10828
 45 -5.32242
 46 -5.33946
 47 -5.82499
 48 -6.26483
 49 -5.35273
 50 -5.97774
 51 -5.4913
 52 -6.31316
 53 -6.14208
 54 -5.23038
 55 -5.32312
 56 -5.6464
 57 -5.43622
 58 -5.62469
 59 -6.09141
 60 -5.68483
 61 -5.08627
 62 -5.26132
 63 -5.48987
 64 -5.66928
 65 -5.59965
 66 -5.38159
 67 -5.72941
 68 -6.2195
 69 -5.5144
 70 -5.33495
 71 -5.30212
 72 -5.94941
 73 -5.96692
 74 -5.34565
 75 -5.27531
 76 -5.62086
 77 -5.21453
 78 -5.54793
 79 -5.51404
 80 -6.08623
 81 -6.81948
 82 -4.88425
 83 -4.87201
 84 -5.18608
 85 -5.02043
 86 -5.31926
 87 -5.83613
 88 -5.7294
 89 -5.43887
 90 -5.156
 91 -4.64572
 92 -5.18207
 93 -5.13209
 94 -5.91108
 95 -5.02951
 96 -6.82353
 97 -5.62785
 98 -5.07147
 99 -4.90193
 100 -5.12016
 101 -5.20924
 102 -5.25846
 103 -4.79741
 104 -6.21331
 105 -5.21886
 106 -5.12329
 107 -6.16056
 108 -5.57319
 109 -5.14182
 110 -5.95381
 111 -5.47386
 112 -5.26249
 113 -5.46347
 114 -4.85772
 115 -5.42435
 116 -5.07502
 117 -5.38368
 118 -5.45854
 119 -5.28081
 120 -5.22551
 121 -5.7451
 122 -5.27997
 123 -5.0439
 124 -5.38823
 125 -6.87878
 126 -6.22821
 127 -5.99548
 128 -4.95478
 129 -5.38155
 130 -5.30271
 131 -5.87607
 132 -5.39453
 133 -5.41048
 134 -5.28315
 135 -5.53762
 136 -5.4628
 137 -5.05738
 138 -5.16046
 139 -4.58483
 140 -5.28068
 141 -5.40862
 142 -6.265
 143 -6.17252
 144 -6.97669
 145 -6.11764
 146 -5.07752
 147 -5.36501
 148 -6.03619
 149 -5.30181
 150 -5.35529
 151 -6.13899
 152 -8.14555
 153 -6.40901
 154 -5.75997
 155 -5.66602
 156 -5.66329
 157 -5.37842
 158 -6.06752
 159 -5.50849
 160 -5.85582
 161 -5.91662
 162 -6.9168
 163 -5.38166
 164 -5.40926
 165 -4.87649
 166 -5.41505
 167 -5.2772
 168 -5.03009
 169 -5.21379
 170 -6.03169
 171 -5.42572
 172 -5.04191
 173 -5.25826
 174 -5.34783
 175 -5.68978
 176 -5.37904
 177 -5.34154
 178 -5.46933
 179 -5.20659
 180 -5.39717
 181 -5.61222
 182 -6.0199
 183 -5.23841
 184 -5.31212
 185 -5.37483
 186 -7.22191
 187 -5.42574
 188 -5.06483
 189 -5.09604
 190 -5.46649
 191 -5.58396
 192 -5.78363
