 1 -7.67263
 2 -7.469
 3 -2.67677
 4 -3.78548
 5 -1.23277
 6 -2.3702
 7 -2.40695
 8 -5.46033
 9 -3.96888
 10 -6.97508
 11 -4.64052
 12 -3.94178
 13 -4.10021
 14 -3.99144
 15 -3.68871
 16 -2.72922
 17 -3.87738
 18 -3.02636
 19 -3.76556
 20 -4.23978
 21 -4.44601
 22 -4.84353
 23 -6.82543
 24 -5.28745
 25 -2.647
 26 -3.98969
 27 -4.60061
 28 -3.84039
 29 -3.93446
 30 -2.06178
 31 -3.01295
 32 -2.57051
 33 -4.20906
 34 -3.8233
 35 -4.06239
 36 -4.25511
 37 -4.57059
 38 -2.17961
 39 -4.07865
 40 -2.48806
 41 -2.75748
 42 -3.19844
 43 -3.18105
 44 -1.71347
 45 -8.7526
 46 -4.58769
 47 -7.34066
 48 -6.36834
 49 -8.41708
 50 -3.26087
 51 -4.70974
 52 -5.99379
 53 -8.99238
 54 -3.85401
 55 -5.89368
 56 -7.18028
 57 -8.42486
 58 -3.92444
 59 -7.95658
 60 -7.74911
 61 -10.1288
 62 -4.72113
 63 -10.0721
 64 -7.61524
 65 -8.60619
 66 -5.62607
 67 -6.35686
 68 -8.42123
 69 -6.88149
 70 -3.52691
 71 -6.78176
 72 -6.0488
 73 -8.81357
 74 -4.83367
 75 -7.18057
 76 -5.91455
 77 -8.78876
 78 -4.89349
 79 -7.99753
 80 -7.89838
 81 -7.87896
 82 -5.3315
 83 -5.91095
 84 -6.65351
