 1 -2.75063
 2 -4.07473
 3 -3.97931
 4 -3.87069
 5 -3.91945
 6 -4.25814
 7 -4.50508
 8 -3.92445
 9 -3.25269
 10 -3.29943
 11 -3.75728
 12 -3.44188
 13 -3.67349
 14 -3.81276
 15 -3.49861
 16 -3.14875
 17 -3.7379
 18 -3.87653
 19 -3.41177
 20 -3.66524
 21 -3.8547
 22 -3.70859
 23 -3.37073
 24 -3.37365
 25 -3.28781
 26 -3.73222
 27 -3.71668
 28 -3.97162
 29 -3.46642
 30 -3.52474
 31 -3.52072
 32 -3.2887
 33 -3.82276
 34 -3.85461
 35 -3.62549
 36 -3.30189
 37 -3.37345
 38 -3.50529
 39 -3.30755
 40 -3.01554
 41 -3.3479
 42 -3.3439
 43 -3.43712
 44 -3.91551
 45 -3.71495
 46 -3.50032
 47 -3.26844
 48 -3.37848
 49 -3.56041
 50 -3.38692
 51 -3.02804
 52 -3.50756
 53 -3.83836
 54 -3.03174
 55 -3.50302
 56 -3.81768
 57 -3.24439
 58 -3.37872
 59 -3.40579
 60 -3.248
 61 -2.7547
 62 -2.9393
 63 -2.79595
 64 -2.85476
 65 -3.19955
 66 -3.2841
 67 -3.35845
 68 -3.32084
 69 -3.20687
 70 -3.12263
 71 -3.29291
 72 -3.52018
 73 -3.42899
 74 -3.74667
 75 -3.30713
 76 -3.08808
 77 -3.2456
 78 -3.25963
 79 -3.1231
 80 -2.9124
 81 -2.84034
 82 -2.92236
 83 -2.99025
 84 -3.1018
 85 -2.87707
 86 -3.08201
 87 -3.02573
 88 -2.79098
 89 -2.76384
 90 -2.88046
 91 -2.97415
 92 -3.05047
 93 -2.93149
 94 -3.20623
 95 -3.15358
 96 -2.84178
 97 -2.96438
 98 -3.00337
 99 -3.09553
 100 -3.0709
 101 -2.9453
 102 -2.86879
 103 -3.01214
 104 -3.02483
 105 -3.22086
 106 -3.08268
 107 -3.31169
 108 -2.70653
 109 -3.0375
 110 -2.87598
 111 -2.80377
 112 -2.92001
 113 -2.74808
 114 -3.0649
 115 -3.49596
 116 -3.2132
 117 -2.95621
 118 -2.97565
 119 -3.09045
 120 -2.69784
 121 -2.92434
 122 -3.02684
 123 -3.1713
 124 -2.76621
 125 -3.0575
 126 -3.16724
 127 -3.93495
 128 -3.11204
 129 -3.07885
 130 -2.58426
 131 -3.07756
 132 -2.84019
 133 -2.97533
 134 -2.86054
 135 -2.62311
 136 -2.66693
 137 -2.8933
 138 -2.96502
 139 -2.94267
 140 -2.7991
 141 -2.73367
 142 -2.96697
 143 -3.63696
 144 -2.8393
 145 -2.91404
 146 -2.41269
 147 -2.41727
 148 -2.5918
 149 -2.63768
 150 -2.64209
 151 -2.52891
 152 -2.53417
