 1 -5.53145
 2 -5.05775
 3 -3.76841
 4 -5.98914
 5 -4.86663
 6 -4.51452
 7 -4.69128
 8 -4.09174
 9 -4.21039
 10 -5.14298
 11 -4.65976
 12 -2.70045
 13 -5.2994
 14 -4.81392
 15 -3.81766
 16 -4.87493
 17 -5.59738
 18 -2.89229
 19 -3.9014
 20 -4.4052
 21 -6.05425
 22 -3.68666
 23 -3.094
 24 -4.43687
 25 -3.83271
 26 -4.50789
 27 -3.86733
 28 -3.85508
 29 -3.8245
 30 -4.0776
 31 -4.41707
 32 -4.348
 33 -4.34492
 34 -4.22088
 35 -4.1482
 36 -4.19959
 37 -4.17988
 38 -4.00477
 39 -4.4466
 40 -4.52694
 41 -4.21878
 42 -4.14774
 43 -3.91405
 44 -4.23153
 45 -4.98527
 46 -4.5358
 47 -4.25344
 48 -3.50615
 49 -4.08098
 50 -4.05175
 51 -3.75999
 52 -3.59791
 53 -3.93309
 54 -3.62262
 55 -3.23507
 56 -2.95691
 57 -3.32173
 58 -3.74888
 59 -4.24266
 60 -3.90537
 61 -3.52631
 62 -3.76272
 63 -4.38551
 64 -3.38184
 65 -3.3541
 66 -3.54311
 67 -3.82072
 68 -4.08604
 69 -3.35515
 70 -3.65774
 71 -3.79442
 72 -3.60062
 73 -3.4967
 74 -3.31892
 75 -3.24162
 76 -3.35956
 77 -3.53636
 78 -3.64491
 79 -3.25848
 80 -2.73187
 81 -3.69607
 82 -4.44316
 83 -3.5638
 84 -3.66051
 85 -2.7352
 86 -4.03769
 87 -3.90103
 88 -2.98462
 89 -2.63557
 90 -3.75997
 91 -3.59341
 92 -3.46874
 93 -3.41795
 94 -3.28304
 95 -3.70391
 96 -3.25893
 97 -2.89586
 98 -3.80329
 99 -3.65176
 100 -3.6833
 101 -3.08331
 102 -3.23397
 103 -4.13749
 104 -2.95279
 105 -3.45033
 106 -3.16962
 107 -3.46457
 108 -3.15878
 109 -3.37582
 110 -3.3414
 111 -3.29789
 112 -2.86286
 113 -3.22943
 114 -3.57632
 115 -3.67697
 116 -3.77468
 117 -3.69271
 118 -3.44922
 119 -3.60944
 120 -3.31162
 121 -3.63191
 122 -3.79897
 123 -3.52409
 124 -4.04233
 125 -3.57374
 126 -3.86208
 127 -4.07894
 128 -3.42981
 129 -4.25978
 130 -3.60877
 131 -3.92903
 132 -3.30249
 133 -3.36275
 134 -3.02238
 135 -3.59245
 136 -3.43345
 137 -3.36356
 138 -3.47421
 139 -3.57467
 140 -3.34992
 141 -3.46941
 142 -3.67021
 143 -3.6414
 144 -3.4489
 145 -3.29708
 146 -3.62316
 147 -3.98949
 148 -3.60574
 149 -3.41312
 150 -3.70539
 151 -3.87555
 152 -3.64946
 153 -3.50363
 154 -3.84418
 155 -4.09626
 156 -3.4726
 157 -4.00638
 158 -4.13226
 159 -3.73064
 160 -3.46362
 161 -3.48675
 162 -3.50365
 163 -3.62444
 164 -3.57965
 165 -3.35737
 166 -3.33927
 167 -3.47856
 168 -3.30274
 169 -3.80906
 170 -3.74475
 171 -3.51346
 172 -3.00917
 173 -3.09534
 174 -3.40883
 175 -3.68754
 176 -3.10803
 177 -2.60589
 178 -2.83105
 179 -3.06651
 180 -3.35374
 181 -3.38404
 182 -3.63709
