 1 -4.28262
 2 -4.08338
 3 -4.32804
 4 -4.51235
 5 -4.58626
 6 -4.73352
 7 -4.36583
 8 -4.60983
 9 -5.21259
 10 -4.68392
 11 -4.7409
 12 -5.44473
 13 -4.63887
 14 -5.08325
 15 -4.83885
 16 -4.18133
 17 -5.57703
 18 -5.08841
 19 -4.40238
 20 -4.6566
 21 -4.99482
 22 -4.9856
 23 -4.43834
 24 -4.84327
 25 -5.21353
 26 -4.77438
 27 -6.278
 28 -5.10775
 29 -4.02329
 30 -4.41571
 31 -4.24593
 32 -3.82262
 33 -3.85979
 34 -4.44697
 35 -4.86432
 36 -5.09729
 37 -4.58862
 38 -4.2364
 39 -4.18153
 40 -3.98251
 41 -3.94463
 42 -4.27672
 43 -3.93305
 44 -3.92408
 45 -3.70301
 46 -4.10502
 47 -3.75644
 48 -3.9496
 49 -5.08734
 50 -4.6112
 51 -4.20478
 52 -4.53768
 53 -4.31476
 54 -4.39878
 55 -4.44202
 56 -4.48709
 57 -4.36951
 58 -4.55288
 59 -3.93673
 60 -4.3072
 61 -4.40215
 62 -4.43773
 63 -4.33352
 64 -4.06296
 65 -4.02624
 66 -4.01277
 67 -4.01259
 68 -4.0823
 69 -4.13515
 70 -3.96088
 71 -4.39752
 72 -4.33701
 73 -4.30365
 74 -4.50091
 75 -4.37042
 76 -4.44284
 77 -4.06669
 78 -4.27351
 79 -4.35213
 80 -4.15422
 81 -4.24771
 82 -4.26618
 83 -4.15587
 84 -4.06387
 85 -3.79669
 86 -3.96652
 87 -3.86553
 88 -3.96477
 89 -4.1598
 90 -4.05875
 91 -4.1074
 92 -4.03959
 93 -3.83838
 94 -3.86896
 95 -4.20247
 96 -5.00354
 97 -4.08215
 98 -3.95739
 99 -4.21075
 100 -4.31597
 101 -4.11183
 102 -4.09923
 103 -3.85375
 104 -4.31279
 105 -4.1502
 106 -4.21629
 107 -4.14281
 108 -4.04205
 109 -3.81436
 110 -4.30748
 111 -4.1816
 112 -3.82968
 113 -3.76606
 114 -3.86434
 115 -3.94921
 116 -4.06475
 117 -3.92756
 118 -4.09746
 119 -3.81968
 120 -3.49925
 121 -3.8745
 122 -3.98267
 123 -3.93566
 124 -3.68421
 125 -3.86337
 126 -3.94278
 127 -3.99748
 128 -3.70982
 129 -3.90004
 130 -3.87254
 131 -3.92614
 132 -3.65085
 133 -4.01076
 134 -3.99347
 135 -3.42933
 136 -3.27316
 137 -3.58081
 138 -3.67995
 139 -3.37025
 140 -3.41818
 141 -3.65953
