 1 -5.887
 2 -3.50745
 3 -4.75188
 4 -4.23049
 5 -3.61372
 6 -4.19774
 7 -3.33668
 8 -4.44837
 9 -3.76102
 10 -5.52976
 11 -5.38279
 12 -3.14156
 13 -4.49067
 14 -4.30619
 15 -3.64033
 16 -3.88109
 17 -3.81756
 18 -4.62096
 19 -3.10884
 20 -3.9807
 21 -3.95747
 22 -3.66017
 23 -3.52009
 24 -3.76517
 25 -3.9891
 26 -3.61717
 27 -3.58411
 28 -3.71542
 29 -4.08527
 30 -3.9617
 31 -3.64814
 32 -3.53732
 33 -3.85133
 34 -3.80455
 35 -3.88184
 36 -3.80702
 37 -3.73655
 38 -3.66158
 39 -3.27223
 40 -3.46722
 41 -3.77457
 42 -3.63829
 43 -3.33414
 44 -3.40533
 45 -3.64287
 46 -3.5124
 47 -3.30258
 48 -3.45924
 49 -3.35185
 50 -3.97356
 51 -3.63503
 52 -3.70412
 53 -3.85485
 54 -4.10271
 55 -3.57206
 56 -3.33516
 57 -3.60099
 58 -3.44965
 59 -3.22953
 60 -3.27756
 61 -3.5457
 62 -2.89769
 63 -3.25522
 64 -3.37167
 65 -3.10704
 66 -3.18144
 67 -3.14085
 68 -3.2658
 69 -3.23339
 70 -3.3701
 71 -3.66139
 72 -3.29795
 73 -3.45138
 74 -3.10804
 75 -3.15179
 76 -3.30925
 77 -3.079
 78 -3.1482
 79 -2.88645
 80 -3.27443
 81 -3.12875
 82 -3.00992
 83 -2.60797
 84 -2.88343
 85 -3.33854
 86 -3.1047
 87 -3.12782
 88 -3.55668
 89 -3.28453
 90 -3.14845
 91 -3.34907
 92 -3.32898
 93 -4.13063
 94 -3.68841
 95 -2.973
 96 -2.96524
 97 -3.50039
 98 -3.31992
 99 -3.44361
 100 -3.14579
 101 -3.35103
 102 -3.1869
 103 -2.90514
 104 -2.89765
 105 -3.55034
 106 -3.03133
 107 -2.92451
 108 -3.11931
 109 -3.07274
 110 -3.13602
 111 -3.135
 112 -2.82582
 113 -2.923
 114 -2.80612
 115 -2.93833
 116 -2.98822
 117 -2.78746
 118 -2.7338
 119 -2.69618
 120 -3.24741
 121 -3.25785
 122 -3.00627
 123 -2.86856
 124 -3.08915
 125 -3.05773
 126 -3.09235
 127 -2.97645
 128 -3.00363
 129 -3.45827
 130 -3.15225
 131 -3.33598
 132 -3.23383
 133 -3.23629
 134 -3.15044
 135 -3.23301
 136 -3.37746
 137 -3.31892
 138 -2.96733
 139 -2.93109
 140 -3.09726
 141 -3.11081
 142 -3.36977
 143 -3.4592
 144 -3.15908
 145 -3.10932
 146 -3.31195
 147 -3.13898
 148 -3.31715
 149 -3.527
 150 -2.96937
 151 -2.87993
 152 -3.17624
 153 -3.47771
 154 -3.25078
 155 -3.05139
 156 -3.08358
 157 -3.24989
 158 -3.13311
 159 -3.26033
 160 -3.22918
 161 -3.27606
 162 -3.15804
 163 -3.10379
 164 -3.67491
 165 -3.16323
 166 -3.3063
 167 -3.15704
 168 -3.27511
 169 -3.01233
 170 -3.07832
 171 -3.16747
 172 -3.21902
 173 -3.00391
 174 -3.05383
 175 -3.04284
 176 -2.76292
 177 -3.08436
 178 -3.19606
 179 -2.96423
 180 -3.05859
 181 -3.0094
 182 -2.70337
 183 -2.69104
 184 -2.64849
 185 -2.54149
 186 -2.6165
 187 -2.83117
 188 -2.59641
 189 -2.94853
