 1 -5.06347
 2 -5.24157
 3 -5.49543
 4 -5.63876
 5 -5.33456
 6 -5.30977
 7 -4.36408
 8 -4.6976
 9 -5.38398
 10 -4.9873
 11 -4.85049
 12 -5.43613
 13 -4.96996
 14 -5.86771
 15 -5.04449
 16 -4.54592
 17 -4.10263
 18 -5.06935
 19 -4.86582
 20 -4.48851
 21 -5.30346
 22 -4.87797
 23 -4.57037
 24 -4.89803
 25 -5.51662
 26 -5.92172
 27 -4.03916
 28 -4.48215
 29 -5.28043
 30 -4.8398
 31 -4.94975
 32 -4.20119
 33 -3.95533
 34 -4.30038
 35 -4.16801
 36 -4.31132
 37 -4.30913
 38 -4.41106
 39 -4.09682
 40 -4.41837
 41 -4.38851
 42 -3.846
 43 -3.58435
 44 -3.96439
 45 -3.92952
 46 -3.98357
 47 -3.7966
 48 -4.14897
 49 -4.09455
 50 -4.44152
 51 -4.2048
 52 -4.40218
 53 -4.242
 54 -3.38647
 55 -4.15375
 56 -4.32425
 57 -4.10139
 58 -4.22402
 59 -4.25397
 60 -3.12684
 61 -4.45411
 62 -4.14226
 63 -5.31027
 64 -4.20173
 65 -4.40168
 66 -4.28597
 67 -4.5289
 68 -4.6983
 69 -4.53593
 70 -4.14353
 71 -4.41579
 72 -4.94663
 73 -3.93791
 74 -4.00893
 75 -4.40521
 76 -3.75094
 77 -3.85136
 78 -4.00566
 79 -4.62638
 80 -4.16968
 81 -3.97386
 82 -4.10471
 83 -3.98711
 84 -3.66198
 85 -4.52453
 86 -4.49267
 87 -4.10443
 88 -4.28094
 89 -4.34145
 90 -4.52037
 91 -4.34567
 92 -4.70443
 93 -4.27476
 94 -4.3411
 95 -4.38084
 96 -4.5989
 97 -4.28262
 98 -4.47962
 99 -4.60829
 100 -5.02857
 101 -4.35473
 102 -4.36254
 103 -4.45672
 104 -4.31967
 105 -4.25564
 106 -4.56091
 107 -4.60804
 108 -4.19418
 109 -4.31265
 110 -4.05553
 111 -4.19775
 112 -4.31991
 113 -4.56745
 114 -4.3118
 115 -4.423
 116 -4.99098
 117 -4.89257
 118 -4.54403
 119 -4.60502
 120 -4.41721
 121 -4.37382
 122 -4.36232
 123 -4.75257
 124 -4.34146
 125 -4.35746
 126 -4.40074
 127 -4.7302
 128 -4.53377
 129 -4.54547
 130 -4.59802
 131 -4.55943
 132 -4.32339
 133 -4.5138
 134 -4.47067
 135 -4.56125
 136 -4.3305
 137 -4.25727
 138 -4.22923
 139 -4.59961
 140 -4.4843
 141 -4.20972
 142 -4.70068
 143 -4.33643
 144 -4.59429
 145 -4.44602
 146 -4.56247
 147 -4.58485
 148 -4.47823
 149 -4.07073
 150 -4.21514
 151 -4.43773
 152 -4.44465
 153 -4.028
 154 -3.91614
 155 -4.0115
 156 -3.85679
 157 -3.74427
 158 -3.37549
 159 -4.09351
