 1 -4.60426
 2 -3.45068
 3 -3.54778
 4 -4.34066
 5 -4.04143
 6 -3.86833
 7 -3.44075
 8 -3.93712
 9 -2.82583
 10 -4.38363
 11 -3.8795
 12 -3.86878
 13 -4.0769
 14 -3.53317
 15 -3.71382
 16 -4.90899
 17 -3.62586
 18 -4.86098
 19 -3.34057
 20 -4.4952
 21 -3.45823
 22 -4.95236
 23 -3.75899
 24 -4.17415
 25 -3.88318
 26 -4.66594
 27 -3.66286
 28 -3.14138
 29 -4.00978
 30 -3.44661
 31 -3.54503
 32 -3.70069
 33 -3.679
 34 -3.30941
 35 -3.91104
 36 -3.66761
 37 -2.95676
 38 -3.85022
 39 -3.71385
 40 -3.12113
 41 -3.62576
 42 -3.74073
 43 -2.71775
 44 -2.79799
 45 -3.92064
 46 -3.24789
 47 -3.82055
 48 -3.76141
 49 -3.34925
 50 -3.25734
 51 -4.01964
 52 -3.31888
 53 -3.64506
 54 -3.00203
 55 -2.88508
 56 -3.57137
 57 -3.21093
 58 -2.77279
 59 -2.98307
 60 -3.95813
 61 -3.01986
 62 -3.37853
 63 -2.86717
 64 -2.82354
 65 -3.16825
 66 -3.22736
 67 -3.01682
 68 -3.04482
 69 -2.86613
 70 -2.57077
 71 -2.80295
 72 -3.08704
 73 -2.99767
 74 -2.91771
 75 -2.82198
 76 -3.13054
 77 -3.41633
 78 -3.2583
 79 -3.47939
 80 -3.82541
 81 -3.49269
 82 -3.19628
 83 -2.94611
 84 -3.32266
 85 -3.15215
 86 -2.82613
 87 -3.20882
 88 -2.67727
 89 -3.01328
 90 -3.29926
 91 -3.08198
 92 -2.80486
 93 -2.63046
 94 -3.53069
 95 -3.6598
 96 -3.51815
 97 -3.95082
 98 -3.58838
 99 -3.54708
 100 -2.95772
 101 -3.33784
 102 -3.53951
 103 -3.60502
 104 -2.86349
 105 -4.03893
 106 -3.23182
 107 -3.03642
 108 -3.14916
 109 -3.89561
 110 -2.6903
 111 -3.18824
 112 -4.28219
 113 -2.78689
 114 -2.91379
 115 -3.9197
 116 -2.51314
 117 -2.35087
 118 -3.21419
 119 -4.92966
 120 -2.67021
 121 -3.2493
 122 -3.74486
 123 -2.88707
 124 -2.98083
 125 -4.63147
 126 -2.8175
 127 -2.83917
 128 -6.18963
 129 -2.97756
 130 -3.35221
 131 -4.04798
 132 -2.69325
 133 -2.53268
 134 -4.16289
 135 -2.68896
 136 -3.35519
 137 -3.16565
 138 -3.13489
 139 -3.23657
 140 -3.95686
 141 -2.5126
 142 -3.59978
 143 -4.11504
 144 -2.8502
 145 -3.9774
 146 -4.14009
 147 -3.036
 148 -4.17471
 149 -2.8683
 150 -2.98018
 151 -2.99384
 152 -3.69285
 153 -2.6266
 154 -3.00716
 155 -3.46536
 156 -2.62674
 157 -3.51303
