 1 -4.72852
 2 -5.48664
 3 -5.1293
 4 -5.00167
 5 -8.64195
 6 -7.12345
 7 -6.10704
 8 -7.41511
 9 -6.19118
 10 -5.49367
 11 -5.97778
 12 -6.69413
 13 -4.79692
 14 -5.95569
 15 -6.37063
 16 -7.89687
 17 -5.18147
 18 -5.12373
 19 -4.37844
 20 -6.82108
 21 -6.40095
 22 -5.72169
 23 -5.61043
 24 -6.49069
 25 -4.99497
 26 -5.01501
 27 -4.54492
 28 -5.7197
 29 -5.1857
 30 -5.54905
 31 -4.97938
 32 -4.72095
 33 -4.44933
 34 -4.27618
 35 -3.94088
 36 -4.64617
 37 -4.24568
 38 -5.02582
 39 -4.26324
 40 -5.59053
 41 -4.1494
 42 -3.95821
 43 -5.53493
 44 -4.88433
 45 -4.5922
 46 -3.10398
 47 -3.53885
 48 -3.73543
 49 -3.97067
 50 -3.63508
 51 -3.30091
 52 -4.17235
 53 -4.31526
 54 -4.00436
 55 -3.82341
 56 -3.98634
 57 -3.84901
 58 -2.77925
 59 -3.33846
 60 -3.25578
 61 -3.11462
 62 -3.647
 63 -4.38341
 64 -3.13496
 65 -3.63075
 66 -3.92317
 67 -2.80943
 68 -3.80285
 69 -3.07739
 70 -4.11381
 71 -3.23938
 72 -4.8465
 73 -3.47246
 74 -3.55109
 75 -3.13209
 76 -3.7914
 77 -3.55847
 78 -3.48214
 79 -3.21941
 80 -3.10974
 81 -4.06787
 82 -2.72027
 83 -2.91354
 84 -2.47283
 85 -2.83373
 86 -2.55739
 87 -3.28237
 88 -3.26931
 89 -3.47807
 90 -2.75775
 91 -3.54637
 92 -2.93602
 93 -2.94106
 94 -3.69793
 95 -4.76416
 96 -3.29607
 97 -3.54187
 98 -2.26331
 99 -2.88368
 100 -2.96269
 101 -3.46574
 102 -2.82914
 103 -4.04568
 104 -3.03197
 105 -3.52875
 106 -3.34091
 107 -4.76048
 108 -7.44431
 109 -4.30164
 110 -4.56928
 111 -4.87117
 112 -5.11814
 113 -3.19071
 114 -3.33243
 115 -3.87716
 116 -3.89994
 117 -4.6296
