 1 -3.68933
 2 -3.61096
 3 -3.34986
 4 -3.39128
 5 -3.95528
 6 -3.94512
 7 -3.63581
 8 -3.20398
 9 -3.89508
 10 -3.78878
 11 -3.73734
 12 -2.96783
 13 -3.72406
 14 -3.78518
 15 -3.66925
 16 -3.16572
 17 -3.38322
 18 -3.77961
 19 -3.90656
 20 -3.18157
 21 -3.58752
 22 -3.55009
 23 -3.62
 24 -3.05997
 25 -3.53048
 26 -3.41053
 27 -3.78278
 28 -3.93442
 29 -2.92871
 30 -3.24449
 31 -3.42955
 32 -2.976
 33 -2.79168
 34 -3.45784
 35 -3.56214
 36 -3.46453
 37 -3.2746
 38 -3.36652
 39 -3.81612
 40 -3.16501
 41 -3.47265
 42 -3.97508
 43 -3.64494
 44 -3.12523
 45 -3.44699
 46 -3.64558
 47 -3.8581
 48 -3.63753
 49 -3.51043
 50 -3.64748
 51 -3.54092
 52 -3.74781
 53 -3.46358
 54 -3.54016
 55 -4.05138
 56 -4.27612
 57 -3.62221
 58 -3.57177
 59 -3.95027
 60 -4.32539
 61 -3.7306
 62 -3.96903
 63 -4.08408
 64 -3.8131
 65 -3.50418
 66 -3.75402
 67 -3.76618
 68 -3.58638
 69 -3.77907
 70 -3.73396
 71 -3.78731
 72 -3.99686
 73 -3.62295
 74 -3.57725
 75 -3.72205
 76 -3.78942
 77 -3.68922
 78 -3.62332
 79 -3.48483
 80 -3.76283
 81 -3.51995
 82 -3.38909
 83 -3.7456
 84 -4.15796
 85 -3.29042
 86 -3.25817
 87 -3.40527
 88 -3.7278
 89 -3.59329
 90 -3.46536
 91 -3.58845
 92 -3.93486
 93 -3.13281
 94 -3.52142
 95 -3.71675
 96 -3.84856
 97 -3.51323
 98 -3.06595
 99 -3.56625
 100 -3.93185
 101 -3.38556
 102 -3.41389
 103 -3.77693
 104 -3.86055
 105 -3.25531
 106 -3.66382
 107 -3.71842
 108 -3.75016
 109 -3.67125
 110 -3.61222
 111 -3.50019
 112 -3.65273
 113 -3.48627
 114 -3.37169
 115 -3.64374
 116 -3.41516
 117 -3.93139
 118 -3.80282
 119 -3.91221
 120 -3.88525
 121 -3.04947
 122 -3.38523
 123 -3.61831
 124 -3.91294
 125 -2.30591
 126 -3.31849
 127 -3.65237
 128 -3.47101
 129 -3.16118
 130 -3.52897
 131 -3.458
 132 -3.33337
 133 -3.18712
 134 -3.31116
 135 -3.85245
 136 -3.68193
 137 -3.27355
 138 -3.52472
 139 -3.84946
 140 -3.94298
 141 -3.69568
 142 -3.52205
 143 -3.69406
 144 -3.37083
 145 -3.51566
 146 -3.00007
 147 -3.21455
 148 -2.65162
 149 -2.82294
 150 -3.36351
 151 -3.29023
 152 -3.09133
 153 -3.17662
 154 -3.24875
 155 -3.46503
 156 -3.33325
 157 -3.28149
 158 -3.18377
 159 -3.72848
 160 -3.87206
 161 -3.50782
 162 -3.47947
 163 -3.64069
 164 -3.59869
 165 -2.99565
 166 -3.23569
 167 -3.66173
 168 -3.637
 169 -2.96255
 170 -3.15738
 171 -3.71121
 172 -3.27103
 173 -2.55544
 174 -2.95118
 175 -3.54499
 176 -2.62186
 177 -2.93721
 178 -3.19071
 179 -3.62018
 180 -3.48601
 181 -2.97675
 182 -3.04074
 183 -3.39429
 184 -3.81537
 185 -3.20791
 186 -3.05403
 187 -3.47144
 188 -3.23698
 189 -3.54042
 190 -3.79633
 191 -3.56388
 192 -3.90846
 193 -3.59781
 194 -2.97822
 195 -3.52097
 196 -4.02818
 197 -3.53768
 198 -3.60431
 199 -3.33417
 200 -2.65531
