 1 -4.53919
 2 -8.91546
 3 -7.89761
 4 -7.15574
 5 -5.71218
 6 -5.11469
 7 -5.68623
 8 -4.92303
 9 -6.13173
 10 -5.42512
 11 -6.07527
 12 -6.16546
 13 -5.76733
 14 -6.80651
 15 -5.43763
 16 -6.45251
 17 -5.41687
 18 -6.56873
 19 -5.72413
 20 -5.93238
 21 -5.97878
 22 -5.21909
 23 -5.79784
 24 -6.02688
 25 -5.30943
 26 -7.29264
 27 -4.69798
 28 -6.67873
 29 -5.45984
 30 -5.09904
 31 -6.48309
 32 -4.74688
 33 -4.90078
 34 -3.70381
 35 -5.79929
 36 -8.85381
 37 -9.1132
 38 -8.9765
 39 -7.0199
 40 -8.5053
 41 -8.17749
 42 -10.3621
 43 -9.7697
 44 -8.7531
 45 -9.47721
 46 -9.08019
 47 -8.96145
 48 -9.14719
 49 -8.47889
 50 -7.39995
 51 -8.46958
 52 -7.58305
 53 -5.81114
 54 -5.75585
 55 -9.6306
 56 -5.94798
 57 -5.66835
 58 -4.82762
 59 -4.45726
 60 -5.55583
 61 -6.02865
 62 -7.09243
 63 -10.4524
 64 -8.57484
 65 -7.03701
 66 -7.67629
 67 -6.25595
 68 -8.02478
 69 -6.26829
 70 -5.94314
 71 -9.13853
 72 -7.63755
 73 -7.31805
 74 -6.86359
 75 -7.96124
 76 -8.38224
 77 -10.0666
 78 -8.74258
 79 -7.84401
 80 -10.3937
 81 -8.13389
 82 -7.31019
 83 -10.4118
 84 -9.62077
 85 -8.56396
 86 -10.6963
 87 -11.3184
 88 -9.57293
 89 -11.2131
 90 -9.07909
 91 -11.8492
 92 -10.1007
 93 -7.82685
 94 -10.75
 95 -7.67724
 96 -11.5766
 97 -11.4878
 98 -6.9242
 99 -11.4666
 100 -7.65996
 101 -11.5537
 102 -8.30234
 103 -6.77573
 104 -10.6147
 105 -8.34506
 106 -8.4566
 107 -8.07716
 108 -5.06345
 109 -11.2241
 110 -10.787
 111 -5.67859
 112 -8.01871
 113 -4.78931
 114 -6.45899
 115 -8.22144
 116 -8.71291
 117 -7.02748
 118 -5.83825
