 1 -5.58232
 2 -5.58232
 3 -5.58232
 4 -5.58232
 5 -5.58232
 6 -5.58232
 7 -5.58232
 8 -5.58232
 9 -5.58232
 10 -5.58232
 11 -5.58232
 12 -5.58232
 13 -5.58232
 14 -5.58232
 15 -5.58232
 16 -5.58232
 17 -5.58232
 18 -5.58232
 19 -5.58232
 20 -5.58232
 21 -5.58232
 22 -5.58232
 23 -5.58232
 24 -5.58232
 25 -5.58232
 26 -5.58232
 27 -5.58232
 28 -5.58232
 29 -5.58232
 30 -5.58232
 31 -5.58232
 32 -5.58232
 33 -5.58232
 34 -5.58232
 35 -5.58232
 36 -5.58232
 37 -5.58232
 38 -5.58232
 39 -5.58232
 40 -5.58232
 41 -5.58232
 42 -5.58232
 43 -5.58232
 44 -5.58232
 45 -5.58232
 46 -5.58232
 47 -5.58232
 48 -5.58232
 49 -5.58232
 50 -5.58232
 51 -5.58232
 52 -5.58232
 53 -5.58232
 54 -5.58232
 55 -5.58232
 56 -5.58232
 57 -5.58232
 58 -5.58232
 59 -5.58232
 60 -5.58232
 61 -5.58232
 62 -5.58232
 63 -5.58232
 64 -5.58232
 65 -5.58232
 66 -5.58232
 67 -5.58232
 68 -5.58232
 69 -5.58232
 70 -5.58232
 71 -5.58232
 72 -5.58232
 73 -5.58232
 74 -5.58232
 75 -5.58232
 76 -5.58232
 77 -5.58232
 78 -5.58232
 79 -5.58232
 80 -5.58232
 81 -5.58232
 82 -5.58232
 83 -5.58232
 84 -5.58232
 85 -5.58232
 86 -5.58232
 87 -5.58232
 88 -5.58232
 89 -5.58232
 90 -5.58232
 91 -5.58232
 92 -5.58232
 93 -5.58232
 94 -5.58232
 95 -5.58232
 96 -5.58232
 97 -5.58232
 98 -5.58232
 99 -5.58232
 100 -5.58232
 101 -5.58232
 102 -5.58232
 103 -5.58232
 104 -5.58232
 105 -5.58232
 106 -5.58232
 107 -5.58232
 108 -5.58232
 109 -5.58232
 110 -5.58232
 111 -5.58232
 112 -5.58232
 113 -5.58232
 114 -5.58232
 115 -5.58232
 116 -5.58232
 117 -5.58232
 118 -5.58232
 119 -5.58232
 120 -5.58232
 121 -5.58232
 122 -5.58232
 123 -5.58232
 124 -5.58232
 125 -5.58232
 126 -5.58232
 127 -5.58232
 128 -5.58232
 129 -5.58232
 130 -5.58232
 131 -5.58232
 132 -5.58232
 133 -5.58232
 134 -5.58232
 135 -5.58232
 136 -5.58232
 137 -5.58232
 138 -5.58232
 139 -5.58232
 140 -5.58232
 141 -5.58232
 142 -5.58232
 143 -5.58232
 144 -5.58232
 145 -5.58232
 146 -5.58232
 147 -5.58232
 148 -5.58232
 149 -5.58232
 150 -5.58232
 151 -5.58232
 152 -5.58232
 153 -5.58232
 154 -5.58232
 155 -5.58232
 156 -5.58232
 157 -5.58232
 158 -5.58232
 159 -5.58232
 160 -5.58232
 161 -5.58232
 162 -5.58232
 163 -5.58232
 164 -5.58232
 165 -5.58232
 166 -5.58232
 167 -5.58232
 168 -5.58232
 169 -5.58232
 170 -5.58232
 171 -5.58232
 172 -5.58232
 173 -5.58232
 174 -5.58232
 175 -5.58232
 176 -5.58232
 177 -5.58232
 178 -5.58232
 179 -5.58232
 180 -5.58232
 181 -5.58232
 182 -5.58232
 183 -5.58232
 184 -5.58232
 185 -5.58232
 186 -5.58232
 187 -5.58232
 188 -5.58232
 189 -5.58232
 190 -5.58232
 191 -5.58232
 192 -5.58232
