 1 -4.12469
 2 -4.12469
 3 -4.12469
 4 -4.12469
 5 -4.12469
 6 -4.12469
 7 -4.12469
 8 -4.12469
 9 -4.12469
 10 -4.12469
 11 -4.12469
 12 -4.12469
 13 -4.12469
 14 -4.12469
 15 -4.12469
 16 -4.12469
 17 -4.12469
 18 -4.12469
 19 -4.12469
 20 -4.12469
 21 -4.12469
 22 -4.12469
 23 -4.12469
 24 -4.12469
 25 -4.12469
 26 -4.12469
 27 -4.12469
 28 -4.12469
 29 -4.12469
 30 -4.12469
 31 -4.12469
 32 -4.12469
 33 -4.12469
 34 -4.12469
 35 -4.12469
 36 -4.12469
 37 -4.12469
 38 -4.12469
 39 -4.12469
 40 -4.12469
 41 -4.12469
 42 -4.12469
 43 -4.12469
 44 -4.12469
 45 -4.12469
 46 -4.12469
 47 -4.12469
 48 -4.12469
 49 -4.12469
 50 -4.12469
 51 -4.12469
 52 -4.12469
 53 -4.12469
 54 -4.12469
 55 -4.12469
 56 -4.12469
 57 -4.12469
 58 -4.12469
 59 -4.12469
 60 -4.12469
 61 -4.12469
 62 -4.12469
 63 -4.12469
 64 -4.12469
