 1 -3.74959
 2 -3.74805
 3 -3.74588
 4 -3.73525
 5 -3.73054
 6 -3.71966
 7 -3.7136
 8 -3.70717
 9 -3.70043
 10 -3.69341
 11 -3.68615
 12 -3.67868
 13 -3.67103
 14 -3.66324
 15 -3.65534
 16 -3.64735
 17 -3.63929
 18 -3.63119
 19 -3.62307
 20 -3.61494
 21 -3.60684
 22 -3.59877
 23 -3.59074
 24 -3.58278
 25 -3.57489
 26 -3.56708
 27 -3.55937
 28 -3.55176
 29 -3.54426
 30 -3.53688
 31 -3.52962
 32 -3.52248
 33 -3.51548
 34 -3.5086
 35 -3.50187
 36 -3.49527
 37 -3.4888
 38 -3.48247
 39 -3.47628
 40 -3.47021
 41 -3.46429
 42 -3.45849
 43 -3.45281
 44 -3.44183
 45 -3.43651
 46 -3.43131
 47 -3.42621
 48 -3.42121
 49 -3.41631
 50 -3.4115
 51 -3.40677
 52 -3.40213
 53 -3.39755
 54 -3.38861
 55 -3.38422
 56 -3.3756
 57 -3.37135
 58 -3.36714
 59 -3.36295
 60 -3.34636
 61 -3.34223
 62 -3.33395
 63 -3.32979
 64 -3.32142
 65 -3.3172
 66 -3.31295
 67 -3.30436
 68 -3.3
 69 -3.2683
 70 -3.25881
 71 -3.22403
 72 -3.20845
 73 -3.20319
 74 -3.19789
 75 -3.17645
 76 -3.17104
 77 -3.16019
 78 -3.14392
 79 -3.11183
 80 -3.10659
 81 -3.1014
 82 -3.09627
 83 -3.09119
 84 -3.07152
 85 -3.05758
 86 -3.05312
 87 -3.04874
 88 -3.03227
 89 -3.02841
 90 -3.02467
 91 -3.02104
 92 -3.01753
 93 -3.01412
 94 -3.01084
 95 -3.00766
 96 -3.0046
 97 -3.00165
 98 -2.99881
 99 -2.99607
 100 -2.99344
 101 -2.99091
 102 -2.98847
 103 -2.98613
 104 -2.98386
 105 -2.98168
 106 -2.97957
 107 -2.97751
 108 -2.97552
 109 -2.97356
 110 -2.97164
 111 -2.96974
 112 -2.96785
 113 -2.96595
 114 -2.96404
 115 -2.96208
 116 -2.96008
 117 -2.95801
 118 -2.95586
 119 -2.95359
 120 -2.9512
 121 -2.94866
 122 -2.94594
 123 -2.94303
 124 -2.93989
 125 -2.93651
 126 -2.93284
 127 -2.92887
 128 -2.92455
 129 -2.91987
 130 -2.91478
 131 -2.90925
 132 -2.90324
 133 -2.89671
 134 -2.88963
 135 -2.88196
 136 -2.87364
 137 -2.86464
 138 -2.85491
 139 -2.8444
 140 -2.83307
 141 -2.82085
 142 -2.80771
 143 -2.79358
 144 -2.77841
 145 -2.76213
 146 -2.7447
 147 -2.72605
 148 -2.70611
 149 -2.68482
 150 -2.66211
 151 -2.63791
 152 -2.61216
