 1 -4.34699
 2 -4.30967
 3 -4.27474
 4 -4.21161
 5 -4.18317
 6 -4.10909
 7 -4.08782
 8 -4.03298
 9 -4.01741
 10 -4.00306
 11 -3.98986
 12 -3.97774
 13 -3.96663
 14 -3.95646
 15 -3.94717
 16 -3.93871
 17 -3.93101
 18 -3.92402
 19 -3.91769
 20 -3.91197
 21 -3.90681
 22 -3.89427
 23 -3.89093
 24 -3.8853
 25 -3.88294
 26 -3.88084
 27 -3.87897
 28 -3.87731
 29 -3.87583
 30 -3.8745
 31 -3.87331
 32 -3.87222
 33 -3.87123
 34 -3.8703
 35 -3.86944
 36 -3.8686
 37 -3.8678
 38 -3.867
 39 -3.86538
 40 -3.86453
 41 -3.86365
 42 -3.86174
 43 -3.86069
 44 -3.85958
 45 -3.8584
 46 -3.85713
 47 -3.85434
 48 -3.85282
 49 -3.85119
 50 -3.84373
 51 -3.84162
 52 -3.83467
 53 -3.83215
 54 -3.82954
 55 -3.82684
 56 -3.82404
 57 -3.82115
 58 -3.81817
 59 -3.8151
 60 -3.81195
 61 -3.80872
 62 -3.80541
 63 -3.80202
 64 -3.79857
 65 -3.79504
 66 -3.79145
 67 -3.78409
 68 -3.77651
 69 -3.77265
 70 -3.76875
 71 -3.75682
 72 -3.75278
 73 -3.74871
 74 -3.73642
 75 -3.73229
 76 -3.72816
 77 -3.72403
 78 -3.7199
 79 -3.71577
 80 -3.71165
 81 -3.70754
 82 -3.70344
 83 -3.69936
 84 -3.69127
 85 -3.68726
 86 -3.68328
 87 -3.67541
 88 -3.67152
 89 -3.66768
 90 -3.66388
 91 -3.66012
 92 -3.6564
 93 -3.64911
 94 -3.64554
 95 -3.64202
 96 -3.63855
 97 -3.63514
 98 -3.63179
 99 -3.62525
 100 -3.62207
 101 -3.61894
 102 -3.61588
 103 -3.61288
 104 -3.60424
 105 -3.60148
 106 -3.59614
 107 -3.59356
 108 -3.59104
 109 -3.58857
 110 -3.58616
 111 -3.58381
 112 -3.5815
 113 -3.57925
 114 -3.57705
 115 -3.57489
 116 -3.57278
 117 -3.57071
 118 -3.56867
 119 -3.56667
 120 -3.5647
 121 -3.56276
 122 -3.56084
 123 -3.55894
 124 -3.55705
 125 -3.55517
 126 -3.55329
 127 -3.5514
 128 -3.54951
 129 -3.54759
 130 -3.54566
 131 -3.54368
 132 -3.54167
 133 -3.53961
 134 -3.53749
 135 -3.53529
 136 -3.53302
 137 -3.53066
 138 -3.52819
 139 -3.52561
 140 -3.5229
 141 -3.52005
 142 -3.51705
 143 -3.51387
 144 -3.5105
 145 -3.50693
 146 -3.50313
 147 -3.4991
 148 -3.4948
 149 -3.49022
 150 -3.48534
 151 -3.48013
 152 -3.47458
 153 -3.46865
 154 -3.46231
 155 -3.45555
 156 -3.44834
 157 -3.44063
 158 -3.43241
 159 -3.42364
 160 -3.41428
 161 -3.40431
 162 -3.39367
 163 -3.38234
 164 -3.37027
 165 -3.35742
 166 -3.34375
 167 -3.32921
 168 -3.31375
