 1 -2.81601
 2 -2.81601
 3 -2.81601
 4 -2.81601
 5 -2.81601
 6 -2.81601
 7 -2.81601
 8 -2.81601
 9 -2.81601
 10 -2.81601
 11 -2.81601
 12 -2.81601
 13 -2.81601
 14 -2.81601
 15 -2.81601
 16 -2.81601
 17 -2.81601
 18 -2.81601
 19 -2.81601
 20 -2.81601
 21 -2.81601
 22 -2.81601
 23 -2.81601
 24 -2.81601
 25 -2.81601
 26 -2.81601
 27 -2.81601
 28 -2.81601
 29 -2.81601
 30 -2.81601
 31 -2.81601
 32 -2.81601
 33 -2.81601
 34 -2.81601
 35 -2.81601
 36 -2.81601
 37 -2.81601
 38 -2.81601
 39 -2.81601
 40 -2.81601
 41 -2.81601
 42 -2.81601
 43 -2.81601
 44 -2.81601
 45 -2.81601
 46 -2.81601
 47 -2.81601
 48 -2.81601
 49 -2.81601
 50 -2.81601
 51 -2.81601
 52 -2.81601
 53 -2.81601
 54 -2.81601
 55 -2.81601
 56 -2.81601
 57 -2.81601
 58 -2.81601
 59 -2.81601
 60 -2.81601
 61 -2.81601
 62 -2.81601
 63 -2.81601
 64 -2.81601
 65 -2.81601
 66 -2.81601
 67 -2.81601
 68 -2.81601
