 1 -3.38427
 2 -3.38427
 3 -3.38427
 4 -3.38427
 5 -3.38427
 6 -3.38427
 7 -3.38427
 8 -3.38427
 9 -3.38427
 10 -3.38427
 11 -3.38427
 12 -3.38427
 13 -3.38427
 14 -3.38427
 15 -3.38427
 16 -3.38427
 17 -3.38427
 18 -3.38427
 19 -3.38427
 20 -3.38427
 21 -3.38427
 22 -3.38427
 23 -3.38427
 24 -3.38427
 25 -3.38427
 26 -3.38427
 27 -3.38427
 28 -3.38427
 29 -3.38427
 30 -3.38427
 31 -3.38427
 32 -3.38427
 33 -3.38427
 34 -3.38427
 35 -3.38427
 36 -3.38427
 37 -3.38427
 38 -3.38427
 39 -3.38427
 40 -3.38427
 41 -3.38427
 42 -3.38427
 43 -3.38427
 44 -3.38427
 45 -3.38427
 46 -3.38427
 47 -3.38427
 48 -3.38427
 49 -3.38427
 50 -3.38427
 51 -3.38427
 52 -3.38427
 53 -3.38427
 54 -3.38427
 55 -3.38427
 56 -3.38427
 57 -3.38427
 58 -3.38427
 59 -3.38427
 60 -3.38427
 61 -3.38427
 62 -3.38427
 63 -3.38427
 64 -3.38427
 65 -3.38427
 66 -3.38427
 67 -3.38427
 68 -3.38427
 69 -3.38427
 70 -3.38427
 71 -3.38427
 72 -3.38427
 73 -3.38427
 74 -3.38427
 75 -3.38427
 76 -3.38427
 77 -3.38427
 78 -3.38427
 79 -3.38427
 80 -3.38427
 81 -3.38427
 82 -3.38427
 83 -3.38427
 84 -3.38427
 85 -3.38427
 86 -3.38427
 87 -3.38427
 88 -3.38427
 89 -3.38427
 90 -3.38427
 91 -3.38427
 92 -3.38427
 93 -3.38427
 94 -3.38427
 95 -3.38427
 96 -3.38427
 97 -3.38427
 98 -3.38427
 99 -3.38427
 100 -3.38427
 101 -3.38427
 102 -3.38427
 103 -3.38427
 104 -3.38427
 105 -3.38427
 106 -3.38427
 107 -3.38427
 108 -3.38427
 109 -3.38427
 110 -3.38427
 111 -3.38427
 112 -3.38427
 113 -3.38427
 114 -3.38427
 115 -3.38427
 116 -3.38427
 117 -3.38427
 118 -3.38427
 119 -3.38427
 120 -3.38427
 121 -3.38427
 122 -3.38427
 123 -3.38427
 124 -3.38427
 125 -3.38427
 126 -3.38427
 127 -3.38427
 128 -3.38427
 129 -3.38427
 130 -3.38427
 131 -3.38427
 132 -3.38427
 133 -3.38427
 134 -3.38427
 135 -3.38427
 136 -3.38427
 137 -3.38427
 138 -3.38427
 139 -3.38427
 140 -3.38427
 141 -3.38427
 142 -3.38427
 143 -3.38427
 144 -3.38427
 145 -3.38427
 146 -3.38427
 147 -3.38427
 148 -3.38427
 149 -3.38427
 150 -3.38427
 151 -3.38427
 152 -3.38427
 153 -3.38427
 154 -3.38427
 155 -3.38427
 156 -3.38427
 157 -3.38427
