 1 -4.45129
 2 -4.43356
 3 -4.41686
 4 -4.38631
 5 -4.37235
 6 -4.34678
 7 -4.33507
 8 -4.31358
 9 -4.3037
 10 -4.29434
 11 -4.26133
 12 -4.24024
 13 -4.23374
 14 -4.22746
 15 -4.22136
 16 -4.20397
 17 -4.18748
 18 -4.1821
 19 -4.16605
 20 -4.16069
 21 -4.15531
 22 -4.14989
 23 -4.14442
 24 -4.1389
 25 -4.13331
 26 -4.12765
 27 -4.12192
 28 -4.11611
 29 -4.11021
 30 -4.10421
 31 -4.09813
 32 -4.09194
 33 -4.07928
 34 -4.0728
 35 -4.06621
 36 -4.05953
 37 -4.05274
 38 -4.04586
 39 -4.03888
 40 -4.03181
 41 -4.02464
 42 -4.01739
 43 -4.01005
 44 -4.00263
 45 -3.99513
 46 -3.98756
 47 -3.97992
 48 -3.97221
 49 -3.96445
 50 -3.95664
 51 -3.94878
 52 -3.94088
 53 -3.93294
 54 -3.92497
 55 -3.91698
 56 -3.90897
 57 -3.90095
 58 -3.89292
 59 -3.8849
 60 -3.87688
 61 -3.86888
 62 -3.86089
 63 -3.85294
 64 -3.84502
 65 -3.83713
 66 -3.82929
 67 -3.8215
 68 -3.81377
 69 -3.8061
 70 -3.7985
 71 -3.79097
 72 -3.78353
 73 -3.77616
 74 -3.76889
 75 -3.76171
 76 -3.75462
 77 -3.74764
 78 -3.74077
 79 -3.73401
 80 -3.72736
 81 -3.72083
 82 -3.71442
 83 -3.70814
 84 -3.70198
 85 -3.69596
 86 -3.69006
 87 -3.68429
 88 -3.67867
 89 -3.67317
 90 -3.66782
 91 -3.6626
 92 -3.65751
 93 -3.65257
 94 -3.64776
 95 -3.64309
 96 -3.63856
 97 -3.63416
 98 -3.62989
 99 -3.62576
 100 -3.62175
 101 -3.61788
 102 -3.61412
 103 -3.61049
 104 -3.60697
 105 -3.60357
 106 -3.60028
 107 -3.5971
 108 -3.59401
 109 -3.59103
 110 -3.58813
 111 -3.58533
 112 -3.5826
 113 -3.57995
 114 -3.57737
 115 -3.57485
 116 -3.57239
 117 -3.56998
 118 -3.56761
 119 -3.56528
 120 -3.56298
 121 -3.5607
 122 -3.55844
 123 -3.55618
 124 -3.55392
 125 -3.55165
 126 -3.54937
 127 -3.54706
 128 -3.54472
 129 -3.54234
 130 -3.53991
 131 -3.53742
 132 -3.53487
 133 -3.53224
 134 -3.52953
 135 -3.52674
 136 -3.52385
 137 -3.52085
 138 -3.51774
 139 -3.51451
 140 -3.51116
 141 -3.50767
 142 -3.50404
 143 -3.50026
 144 -3.49633
 145 -3.49224
 146 -3.48798
 147 -3.48355
 148 -3.47895
 149 -3.47417
 150 -3.4692
 151 -3.46405
 152 -3.4587
 153 -3.45316
 154 -3.44743
 155 -3.4415
 156 -3.43537
 157 -3.42904
 158 -3.42252
 159 -3.4158
 160 -3.40888
 161 -3.40178
 162 -3.39449
 163 -3.38701
 164 -3.37936
 165 -3.37154
 166 -3.36356
 167 -3.35542
 168 -3.34713
 169 -3.33871
 170 -3.33017
 171 -3.32152
 172 -3.31277
 173 -3.30395
 174 -3.29505
 175 -3.28612
 176 -3.27716
 177 -3.26819
 178 -3.25924
 179 -3.25034
 180 -3.2415
 181 -3.23276
 182 -3.22414
