 1 -2.01577
 2 -2.01577
 3 -2.01577
 4 -2.01577
 5 -2.01577
 6 -2.01577
 7 -2.01577
 8 -2.01577
 9 -2.01577
 10 -2.01577
 11 -2.01577
 12 -2.01577
 13 -2.01577
 14 -2.01577
 15 -2.01577
 16 -2.01577
 17 -2.01577
 18 -2.01577
 19 -2.01577
 20 -2.01577
 21 -2.01577
 22 -2.01577
 23 -2.01577
 24 -2.01577
 25 -2.01577
 26 -2.01577
 27 -2.01577
 28 -2.01577
 29 -2.01577
 30 -2.01577
 31 -2.01577
 32 -2.01577
 33 -2.01577
 34 -2.01577
 35 -2.01577
 36 -2.01577
 37 -2.01577
 38 -2.01577
 39 -2.01577
 40 -2.01577
 41 -2.01577
 42 -2.01577
 43 -2.01577
 44 -2.01577
 45 -2.01577
 46 -2.01577
 47 -2.01577
 48 -2.01577
 49 -2.01577
 50 -2.01577
 51 -2.01577
 52 -2.01577
 53 -2.01577
 54 -2.01577
 55 -2.01577
 56 -2.01577
 57 -2.01577
 58 -2.01577
 59 -2.01577
 60 -2.01577
 61 -2.01577
 62 -2.01577
 63 -2.01577
 64 -2.01577
 65 -2.01577
 66 -2.01577
 67 -2.01577
 68 -2.01577
 69 -2.01577
 70 -2.01577
 71 -2.01577
 72 -2.01577
 73 -2.01577
 74 -2.01577
 75 -2.01577
 76 -2.01577
 77 -2.01577
 78 -2.01577
 79 -2.01577
 80 -2.01577
 81 -2.01577
 82 -2.01577
 83 -2.01577
 84 -2.01577
 85 -2.01577
 86 -2.01577
 87 -2.01577
 88 -2.01577
 89 -2.01577
 90 -2.01577
 91 -2.01577
 92 -2.01577
 93 -2.01577
 94 -2.01577
 95 -2.01577
 96 -2.01577
 97 -2.01577
 98 -2.01577
 99 -2.01577
 100 -2.01577
 101 -2.01577
 102 -2.01577
 103 -2.01577
 104 -2.01577
 105 -2.01577
 106 -2.01577
 107 -2.01577
 108 -2.01577
 109 -2.01577
 110 -2.01577
 111 -2.01577
 112 -2.01577
 113 -2.01577
 114 -2.01577
 115 -2.01577
 116 -2.01577
 117 -2.01577
 118 -2.01577
 119 -2.01577
 120 -2.01577
 121 -2.01577
 122 -2.01577
 123 -2.01577
 124 -2.01577
 125 -2.01577
 126 -2.01577
 127 -2.01577
 128 -2.01577
 129 -2.01577
 130 -2.01577
 131 -2.01577
 132 -2.01577
 133 -2.01577
 134 -2.01577
 135 -2.01577
 136 -2.01577
 137 -2.01577
 138 -2.01577
 139 -2.01577
 140 -2.01577
 141 -2.01577
 142 -2.01577
 143 -2.01577
 144 -2.01577
 145 -2.01577
 146 -2.01577
 147 -2.01577
 148 -2.01577
 149 -2.01577
 150 -2.01577
 151 -2.01577
 152 -2.01577
 153 -2.01577
 154 -2.01577
 155 -2.01577
 156 -2.01577
 157 -2.01577
 158 -2.01577
 159 -2.01577
 160 -2.01577
 161 -2.01577
 162 -2.01577
 163 -2.01577
 164 -2.01577
 165 -2.01577
 166 -2.01577
 167 -2.01577
 168 -2.01577
 169 -2.01577
 170 -2.01577
 171 -2.01577
 172 -2.01577
 173 -2.01577
 174 -2.01577
 175 -2.01577
 176 -2.01577
 177 -2.01577
 178 -2.01577
 179 -2.01577
 180 -2.01577
 181 -2.01577
 182 -2.01577
 183 -2.01577
 184 -2.01577
 185 -2.01577
 186 -2.01577
 187 -2.01577
 188 -2.01577
 189 -2.01577
 190 -2.01577
 191 -2.01577
 192 -2.01577
 193 -2.01577
 194 -2.01577
 195 -2.01577
 196 -2.01577
 197 -2.01577
 198 -2.01577
 199 -2.01577
 200 -2.01577
