 1 -6.95317
 2 -6.9211
 3 -6.88247
 4 -6.87357
 5 -6.86496
 6 -6.85665
 7 -6.82625
 8 -6.81264
 9 -6.8062
 10 -6.79999
 11 -6.79401
 12 -6.78823
 13 -6.78265
 14 -6.77725
 15 -6.77203
 16 -6.76696
 17 -6.76205
 18 -6.75726
 19 -6.7526
 20 -6.74805
 21 -6.7436
 22 -6.73923
 23 -6.73493
 24 -6.73069
 25 -6.7265
 26 -6.72234
 27 -6.71821
 28 -6.7141
 29 -6.70999
 30 -6.70587
 31 -6.69758
 32 -6.69338
 33 -6.68486
 34 -6.68051
 35 -6.67161
 36 -6.66705
 37 -6.66241
 38 -6.65768
 39 -6.65286
 40 -6.64794
 41 -6.64292
 42 -6.6378
 43 -6.63258
 44 -6.62725
 45 -6.62181
 46 -6.61627
 47 -6.61062
 48 -6.60487
 49 -6.59901
 50 -6.59305
 51 -6.58698
 52 -6.58082
 53 -6.57456
 54 -6.56821
 55 -6.56176
 56 -6.55524
 57 -6.54863
 58 -6.54195
 59 -6.53519
 60 -6.52838
 61 -6.5215
 62 -6.51457
 63 -6.5076
 64 -6.50058
 65 -6.49354
 66 -6.48647
 67 -6.47938
 68 -6.47228
 69 -6.46518
 70 -6.45808
 71 -6.451
 72 -6.44394
 73 -6.4369
 74 -6.4299
 75 -6.42295
 76 -6.40921
 77 -6.40243
 78 -6.39573
 79 -6.38912
 80 -6.38259
 81 -6.37617
 82 -6.36984
 83 -6.36363
 84 -6.35753
 85 -6.34571
 86 -6.33444
 87 -6.31365
 88 -6.30885
 89 -6.29973
 90 -6.29542
 91 -6.29128
 92 -6.28731
 93 -6.26424
 94 -6.25678
 95 -6.25458
 96 -6.25253
 97 -6.2506
 98 -6.24713
 99 -6.24557
 100 -6.2441
 101 -6.24273
 102 -6.24145
 103 -6.24025
 104 -6.2391
 105 -6.23802
 106 -6.23698
 107 -6.23597
 108 -6.23498
 109 -6.234
 110 -6.23302
 111 -6.231
 112 -6.22993
 113 -6.22881
 114 -6.22763
 115 -6.22636
 116 -6.225
 117 -6.22354
 118 -6.21838
 119 -6.21636
 120 -6.21181
 121 -6.20925
 122 -6.19324
 123 -6.18934
 124 -6.18518
 125 -6.18077
 126 -6.17611
 127 -6.17118
 128 -6.16056
 129 -6.15486
 130 -6.14891
 131 -6.13629
 132 -6.12963
 133 -6.10104
 134 -6.09349
 135 -6.08584
 136 -6.0781
 137 -6.07031
 138 -6.06251
 139 -6.05474
 140 -6.04703
 141 -6.03945
 142 -6.03202
 143 -6.02482
 144 -6.0179
 145 -6.01133
 146 -6.00518
 147 -5.98997
 148 -5.98627
 149 -5.9815
