 1 -4.42157
 2 -4.52652
 3 -4.56877
 4 -4.6049
 5 -4.63542
 6 -4.66077
 7 -4.6814
 8 -4.69772
 9 -4.71012
 10 -4.71896
 11 -4.72459
 12 -4.72734
 13 -4.72749
 14 -4.72534
 15 -4.72115
 16 -4.7076
 17 -4.69869
 18 -4.68863
 19 -4.67758
 20 -4.66572
 21 -4.65321
 22 -4.64019
 23 -4.62678
 24 -4.59927
 25 -4.58536
 26 -4.57148
 27 -4.55769
 28 -4.53067
 29 -4.50475
 30 -4.49231
 31 -4.48027
 32 -4.46863
 33 -4.45744
 34 -4.4467
 35 -4.43642
 36 -4.42661
 37 -4.41727
 38 -4.40839
 39 -4.39999
 40 -4.39204
 41 -4.38454
 42 -4.37747
 43 -4.37082
 44 -4.36457
 45 -4.3587
 46 -4.34804
 47 -4.33866
 48 -4.33038
 49 -4.3266
 50 -4.32302
 51 -4.31962
 52 -4.31637
 53 -4.31326
 54 -4.31027
 55 -4.30736
 56 -4.30452
 57 -4.30173
 58 -4.29622
 59 -4.29346
 60 -4.29067
 61 -4.28496
 62 -4.28201
 63 -4.27898
 64 -4.27585
 65 -4.26225
 66 -4.2547
 67 -4.23342
 68 -4.21903
 69 -4.21398
 70 -4.20881
 71 -4.20354
 72 -4.19815
 73 -4.19267
 74 -4.18711
 75 -4.18146
 76 -4.17573
 77 -4.16411
 78 -4.1523
 79 -4.14635
 80 -4.14038
 81 -4.1344
 82 -4.12842
 83 -4.12245
 84 -4.11649
 85 -4.11056
 86 -4.10465
 87 -4.09878
 88 -4.09295
 89 -4.08716
 90 -4.08143
 91 -4.07575
 92 -4.07012
 93 -4.06455
 94 -4.05903
 95 -4.05358
 96 -4.04817
 97 -4.04282
 98 -4.03752
 99 -4.03225
 100 -4.02703
 101 -4.02183
 102 -4.01665
 103 -4.01149
 104 -4.00632
 105 -4.00114
 106 -3.99593
 107 -3.99068
 108 -3.98537
 109 -3.97999
 110 -3.97451
 111 -3.96893
 112 -3.96321
 113 -3.95735
 114 -3.95131
 115 -3.94507
 116 -3.93862
 117 -3.93193
 118 -3.92497
 119 -3.91773
 120 -3.91017
 121 -3.90228
 122 -3.89402
 123 -3.88539
 124 -3.87634
 125 -3.86687
 126 -3.85695
 127 -3.84656
 128 -3.83568
 129 -3.8243
 130 -3.81239
 131 -3.79995
 132 -3.78696
 133 -3.77342
 134 -3.75932
 135 -3.74466
 136 -3.72944
 137 -3.71366
 138 -3.69734
 139 -3.68049
 140 -3.66312
 141 -3.64527
