 1 -4.18534
 2 -4.18534
 3 -4.18534
 4 -4.18534
 5 -4.18534
 6 -4.18534
 7 -4.18534
 8 -4.18534
 9 -4.18534
 10 -4.18534
 11 -4.18534
 12 -4.18534
 13 -4.18534
 14 -4.18534
 15 -4.18534
 16 -4.18534
 17 -4.18534
 18 -4.18534
 19 -4.18534
 20 -4.18534
 21 -4.18534
 22 -4.18534
 23 -4.18534
 24 -4.18534
 25 -4.18534
 26 -4.18534
 27 -4.18534
 28 -4.18534
 29 -4.18534
 30 -4.18534
 31 -4.18534
 32 -4.18534
 33 -4.18534
 34 -4.18534
 35 -4.18534
 36 -4.18534
 37 -4.18534
 38 -4.18534
 39 -4.18534
 40 -4.18534
 41 -4.18534
 42 -4.18534
 43 -4.18534
 44 -4.18534
 45 -4.18534
 46 -4.18534
 47 -4.18534
 48 -4.18534
 49 -4.18534
 50 -4.18534
 51 -4.18534
 52 -4.18534
 53 -4.18534
 54 -4.18534
 55 -4.18534
 56 -4.18534
 57 -4.18534
 58 -4.18534
 59 -4.18534
 60 -4.18534
 61 -4.18534
 62 -4.18534
 63 -4.18534
 64 -4.18534
 65 -4.18534
 66 -4.18534
 67 -4.18534
 68 -4.18534
 69 -4.18534
 70 -4.18534
 71 -4.18534
 72 -4.18534
 73 -4.18534
 74 -4.18534
 75 -4.18534
 76 -4.18534
 77 -4.18534
 78 -4.18534
 79 -4.18534
 80 -4.18534
 81 -4.18534
 82 -4.18534
 83 -4.18534
 84 -4.18534
 85 -4.18534
 86 -4.18534
 87 -4.18534
 88 -4.18534
 89 -4.18534
 90 -4.18534
 91 -4.18534
 92 -4.18534
 93 -4.18534
 94 -4.18534
 95 -4.18534
 96 -4.18534
 97 -4.18534
 98 -4.18534
 99 -4.18534
 100 -4.18534
 101 -4.18534
 102 -4.18534
 103 -4.18534
 104 -4.18534
 105 -4.18534
 106 -4.18534
 107 -4.18534
 108 -4.18534
 109 -4.18534
 110 -4.18534
 111 -4.18534
 112 -4.18534
 113 -4.18534
 114 -4.18534
 115 -4.18534
 116 -4.18534
 117 -4.18534
