 1 -5.28234
 2 -5.33037
 3 -5.41917
 4 -5.44013
 5 -5.59605
 6 -5.79515
 7 -5.81312
 8 -5.86727
 9 -5.88542
 10 -5.94023
 11 -5.99569
 12 -6.01433
 13 -6.03305
 14 -6.05185
 15 -6.08969
 16 -6.10873
 17 -6.16632
 18 -6.18566
 19 -6.24412
 20 -6.56357
 21 -6.62423
 22 -6.66469
 23 -6.76581
 24 -6.80619
 25 -6.82637
 26 -6.86666
 27 -6.90689
 28 -6.92698
 29 -6.96709
 30 -6.98712
 31 -7.00712
 32 -7.04707
 33 -7.06702
 34 -7.08695
 35 -7.12674
 36 -7.14662
 37 -7.18631
 38 -7.20614
 39 -7.22595
 40 -7.24575
 41 -7.28532
 42 -7.30509
 43 -7.32485
 44 -7.36437
 45 -7.40388
 46 -7.42364
 47 -7.4434
 48 -7.46317
 49 -7.48294
 50 -7.50272
 51 -7.54231
 52 -7.56213
 53 -7.6018
 54 -7.62166
 55 -7.64155
 56 -7.66145
 57 -7.68137
 58 -7.70131
 59 -7.72127
 60 -7.74126
 61 -7.76127
 62 -7.78131
 63 -7.80137
 64 -7.82145
 65 -7.84156
 66 -7.86169
 67 -7.88185
 68 -7.90203
 69 -7.92223
 70 -7.94246
 71 -7.96271
 72 -7.98297
 73 -8.00325
 74 -8.02355
 75 -8.04387
 76 -8.06419
 77 -8.08453
 78 -8.10487
 79 -8.12522
 80 -8.14557
 81 -8.16591
 82 -8.18625
 83 -8.2269
 84 -8.2472
 85 -8.26748
 86 -8.28773
 87 -8.30795
 88 -8.32814
 89 -8.34828
 90 -8.36837
 91 -8.38841
 92 -8.40839
 93 -8.4283
 94 -8.44814
 95 -8.48758
 96 -8.50717
 97 -8.54603
 98 -8.56529
 99 -8.58443
 100 -8.60344
 101 -8.62231
 102 -8.64104
 103 -8.65961
 104 -8.67802
 105 -8.69626
 106 -8.71433
 107 -8.7322
 108 -8.74989
 109 -8.76737
 110 -8.78464
 111 -8.80169
 112 -8.83511
 113 -8.85146
 114 -8.86757
 115 -8.899
 116 -8.91431
 117 -8.92935
 118 -8.97274
