 1 -4.81764
 2 -4.81863
 3 -4.81817
 4 -4.81636
 5 -4.81332
 6 -4.80915
 7 -4.80394
 8 -4.7978
 9 -4.7908
 10 -4.78305
 11 -4.77462
 12 -4.76559
 13 -4.75603
 14 -4.74602
 15 -4.73562
 16 -4.7249
 17 -4.71391
 18 -4.70271
 19 -4.69135
 20 -4.67989
 21 -4.66837
 22 -4.65683
 23 -4.64532
 24 -4.63387
 25 -4.62252
 26 -4.61129
 27 -4.60023
 28 -4.58935
 29 -4.57868
 30 -4.56824
 31 -4.55805
 32 -4.52918
 33 -4.52016
 34 -4.51146
 35 -4.5031
 36 -4.49506
 37 -4.48737
 38 -4.48002
 39 -4.47302
 40 -4.46636
 41 -4.46005
 42 -4.45408
 43 -4.44845
 44 -4.44316
 45 -4.43819
 46 -4.43355
 47 -4.42923
 48 -4.42522
 49 -4.42151
 50 -4.41809
 51 -4.41496
 52 -4.41209
 53 -4.40949
 54 -4.40502
 55 -4.40313
 56 -4.40145
 57 -4.39998
 58 -4.39869
 59 -4.39759
 60 -4.39665
 61 -4.39586
 62 -4.3952
 63 -4.39468
 64 -4.39427
 65 -4.39397
 66 -4.39376
 67 -4.39362
 68 -4.39356
 69 -4.39355
 70 -4.39359
 71 -4.39367
 72 -4.39377
 73 -4.39389
 74 -4.39402
 75 -4.39416
 76 -4.39428
 77 -4.3944
 78 -4.39449
 79 -4.39455
 80 -4.39458
 81 -4.39458
 82 -4.39453
 83 -4.39444
 84 -4.3943
 85 -4.3941
 86 -4.39385
 87 -4.39355
 88 -4.39319
 89 -4.39277
 90 -4.3923
 91 -4.39177
 92 -4.39118
 93 -4.39054
 94 -4.38985
 95 -4.38911
 96 -4.38832
 97 -4.38749
 98 -4.38662
 99 -4.38572
 100 -4.38478
 101 -4.38382
 102 -4.38283
 103 -4.38182
 104 -4.3808
 105 -4.37978
 106 -4.37874
 107 -4.37771
 108 -4.37669
 109 -4.37567
 110 -4.37466
 111 -4.37367
 112 -4.3727
 113 -4.37175
 114 -4.37082
 115 -4.36992
 116 -4.36904
 117 -4.36818
 118 -4.36735
 119 -4.36653
 120 -4.36573
 121 -4.36494
 122 -4.36415
 123 -4.36335
 124 -4.36255
 125 -4.36171
 126 -4.36083
 127 -4.3599
 128 -4.35889
 129 -4.35779
 130 -4.35657
 131 -4.35522
 132 -4.35369
 133 -4.35196
 134 -4.35
 135 -4.34777
 136 -4.34522
 137 -4.34233
 138 -4.33903
 139 -4.33528
 140 -4.33102
 141 -4.32619
 142 -4.32073
 143 -4.31456
 144 -4.30763
 145 -4.29984
 146 -4.29112
 147 -4.28137
 148 -4.2705
 149 -4.25841
 150 -4.245
 151 -4.23014
 152 -4.21373
 153 -4.19563
 154 -4.17572
 155 -4.15385
 156 -4.12987
 157 -4.10363
 158 -4.07496
 159 -4.0437
