 1 -6.34764
 2 -6.31547
 3 -6.30675
 4 -6.28544
 5 -6.2797
 6 -6.26984
 7 -6.26561
 8 -6.26177
 9 -6.25827
 10 -6.25507
 11 -6.25211
 12 -6.24937
 13 -6.24436
 14 -6.24204
 15 -6.2398
 16 -6.23761
 17 -6.23545
 18 -6.23331
 19 -6.23116
 20 -6.22899
 21 -6.22679
 22 -6.22453
 23 -6.22221
 24 -6.21983
 25 -6.21737
 26 -6.21484
 27 -6.21221
 28 -6.20951
 29 -6.20671
 30 -6.20382
 31 -6.20085
 32 -6.19779
 33 -6.19465
 34 -6.19142
 35 -6.18812
 36 -6.18475
 37 -6.18131
 38 -6.17781
 39 -6.17426
 40 -6.17067
 41 -6.16703
 42 -6.16336
 43 -6.15967
 44 -6.15224
 45 -6.14853
 46 -6.14482
 47 -6.14113
 48 -6.13746
 49 -6.13383
 50 -6.13024
 51 -6.1267
 52 -6.12322
 53 -6.1198
 54 -6.11645
 55 -6.11318
 56 -6.11
 57 -6.10691
 58 -6.10392
 59 -6.10103
 60 -6.09825
 61 -6.09559
 62 -6.09305
 63 -6.09063
 64 -6.08833
 65 -6.08617
 66 -6.08414
 67 -6.08224
 68 -6.08048
 69 -6.07887
 70 -6.07739
 71 -6.07605
 72 -6.07485
 73 -6.07379
 74 -6.07287
 75 -6.07209
 76 -6.07145
 77 -6.07094
 78 -6.07056
 79 -6.07031
 80 -6.07018
 81 -6.07017
 82 -6.07028
 83 -6.0705
 84 -6.07083
 85 -6.07125
 86 -6.07178
 87 -6.07239
 88 -6.07308
 89 -6.07385
 90 -6.07468
 91 -6.07558
 92 -6.07653
 93 -6.07752
 94 -6.07855
 95 -6.07961
 96 -6.08069
 97 -6.08178
 98 -6.08288
 99 -6.08397
 100 -6.08504
 101 -6.08808
 102 -6.08987
 103 -6.09067
 104 -6.09139
 105 -6.09203
 106 -6.09257
 107 -6.093
 108 -6.09333
 109 -6.09354
 110 -6.09362
 111 -6.09356
 112 -6.09337
 113 -6.09302
 114 -6.09253
 115 -6.09187
 116 -6.09104
 117 -6.09004
 118 -6.08887
 119 -6.08751
 120 -6.08597
 121 -6.08424
 122 -6.08232
 123 -6.0802
 124 -6.07788
 125 -6.07537
 126 -6.07266
 127 -6.06974
 128 -6.06663
 129 -6.06332
 130 -6.05982
 131 -6.05612
 132 -6.05223
 133 -6.04815
 134 -6.04389
 135 -6.03946
 136 -6.03485
 137 -6.03007
 138 -6.02514
 139 -6.02006
 140 -6.01484
 141 -5.99276
 142 -5.98116
 143 -5.97527
 144 -5.96934
 145 -5.95742
 146 -5.95146
 147 -5.94553
 148 -5.93383
 149 -5.92246
 150 -5.90144
 151 -5.88395
 152 -5.8716
 153 -5.86675
 154 -5.86612
 155 -5.86604
 156 -5.86652
 157 -5.86759
 158 -5.8693
 159 -5.8747
 160 -5.87844
 161 -5.88293
 162 -5.88818
 163 -5.89422
 164 -5.90878
 165 -5.92681
 166 -5.93718
 167 -5.94849
 168 -5.96076
