 1 -3.52735
 2 -3.52735
 3 -3.52735
 4 -3.52735
 5 -3.52735
 6 -3.52735
 7 -3.52735
 8 -3.52735
 9 -3.52735
 10 -3.52735
 11 -3.52735
 12 -3.52735
 13 -3.52735
 14 -3.52735
 15 -3.52735
 16 -3.52735
 17 -3.52735
 18 -3.52735
 19 -3.52735
 20 -3.52735
 21 -3.52735
 22 -3.52735
 23 -3.52735
 24 -3.52735
 25 -3.52735
 26 -3.52735
 27 -3.52735
 28 -3.52735
 29 -3.52735
 30 -3.52735
 31 -3.52735
 32 -3.52735
 33 -3.52735
 34 -3.52735
 35 -3.52735
 36 -3.52735
 37 -3.52735
 38 -3.52735
 39 -3.52735
 40 -3.52735
 41 -3.52735
 42 -3.52735
 43 -3.52735
 44 -3.52735
 45 -3.52735
 46 -3.52735
 47 -3.52735
 48 -3.52735
 49 -3.52735
 50 -3.52735
 51 -3.52735
 52 -3.52735
 53 -3.52735
 54 -3.52735
 55 -3.52735
 56 -3.52735
 57 -3.52735
 58 -3.52735
 59 -3.52735
 60 -3.52735
 61 -3.52735
 62 -3.52735
 63 -3.52735
 64 -3.52735
 65 -3.52735
 66 -3.52735
 67 -3.52735
 68 -3.52735
 69 -3.52735
 70 -3.52735
 71 -3.52735
 72 -3.52735
 73 -3.52735
 74 -3.52735
 75 -3.52735
 76 -3.52735
 77 -3.52735
 78 -3.52735
 79 -3.52735
 80 -3.52735
 81 -3.52735
 82 -3.52735
 83 -3.52735
 84 -3.52735
 85 -3.52735
 86 -3.52735
 87 -3.52735
 88 -3.52735
 89 -3.52735
 90 -3.52735
 91 -3.52735
 92 -3.52735
 93 -3.52735
 94 -3.52735
 95 -3.52735
 96 -3.52735
 97 -3.52735
 98 -3.52735
 99 -3.52735
 100 -3.52735
 101 -3.52735
 102 -3.52735
 103 -3.52735
 104 -3.52735
 105 -3.52735
 106 -3.52735
 107 -3.52735
 108 -3.52735
 109 -3.52735
 110 -3.52735
 111 -3.52735
 112 -3.52735
 113 -3.52735
 114 -3.52735
 115 -3.52735
 116 -3.52735
 117 -3.52735
 118 -3.52735
 119 -3.52735
 120 -3.52735
 121 -3.52735
 122 -3.52735
 123 -3.52735
 124 -3.52735
 125 -3.52735
 126 -3.52735
 127 -3.52735
 128 -3.52735
 129 -3.52735
 130 -3.52735
 131 -3.52735
 132 -3.52735
 133 -3.52735
 134 -3.52735
 135 -3.52735
 136 -3.52735
 137 -3.52735
 138 -3.52735
 139 -3.52735
 140 -3.52735
 141 -3.52735
 142 -3.52735
 143 -3.52735
 144 -3.52735
 145 -3.52735
 146 -3.52735
 147 -3.52735
 148 -3.52735
 149 -3.52735
 150 -3.52735
 151 -3.52735
 152 -3.52735
 153 -3.52735
 154 -3.52735
 155 -3.52735
 156 -3.52735
 157 -3.52735
 158 -3.52735
 159 -3.52735
 160 -3.52735
 161 -3.52735
 162 -3.52735
 163 -3.52735
 164 -3.52735
 165 -3.52735
 166 -3.52735
 167 -3.52735
 168 -3.52735
 169 -3.52735
 170 -3.52735
 171 -3.52735
 172 -3.52735
 173 -3.52735
 174 -3.52735
 175 -3.52735
 176 -3.52735
 177 -3.52735
 178 -3.52735
 179 -3.52735
 180 -3.52735
 181 -3.52735
 182 -3.52735
 183 -3.52735
 184 -3.52735
 185 -3.52735
 186 -3.52735
 187 -3.52735
 188 -3.52735
 189 -3.52735
 190 -3.52735
 191 -3.52735
 192 -3.52735
 193 -3.52735
 194 -3.52735
 195 -3.52735
 196 -3.52735
 197 -3.52735
 198 -3.52735
 199 -3.52735
 200 -3.52735
