 1 -4.02801
 2 -4.02801
 3 -4.02801
 4 -4.02801
 5 -4.02801
 6 -4.02801
 7 -4.02801
 8 -4.02801
 9 -4.02801
 10 -4.02801
 11 -4.02801
 12 -4.02801
 13 -4.02801
 14 -4.02801
 15 -4.02801
 16 -4.02801
 17 -4.02801
 18 -4.02801
 19 -4.02801
 20 -4.02801
 21 -4.02801
 22 -4.02801
 23 -4.02801
 24 -4.02801
 25 -4.02801
 26 -4.02801
 27 -4.02801
 28 -4.02801
 29 -4.02801
 30 -4.02801
 31 -4.02801
 32 -4.02801
 33 -4.02801
 34 -4.02801
 35 -4.02801
 36 -4.02801
 37 -4.02801
 38 -4.02801
 39 -4.02801
 40 -4.02801
 41 -4.02801
 42 -4.02801
 43 -4.02801
 44 -4.02801
 45 -4.02801
 46 -4.02801
 47 -4.02801
 48 -4.02801
 49 -4.02801
 50 -4.02801
 51 -4.02801
 52 -4.02801
 53 -4.02801
 54 -4.02801
 55 -4.02801
 56 -4.02801
 57 -4.02801
 58 -4.02801
 59 -4.02801
 60 -4.02801
 61 -4.02801
 62 -4.02801
 63 -4.02801
 64 -4.02801
 65 -4.02801
 66 -4.02801
 67 -4.02801
 68 -4.02801
 69 -4.02801
 70 -4.02801
 71 -4.02801
 72 -4.02801
 73 -4.02801
 74 -4.02801
 75 -4.02801
 76 -4.02801
 77 -4.02801
 78 -4.02801
 79 -4.02801
 80 -4.02801
 81 -4.02801
 82 -4.02801
 83 -4.02801
 84 -4.02801
 85 -4.02801
 86 -4.02801
 87 -4.02801
