 1 -3.47701
 2 -3.47701
 3 -3.47701
 4 -3.47701
 5 -3.47701
 6 -3.47701
 7 -3.47701
 8 -3.47701
 9 -3.47701
 10 -3.47701
 11 -3.47701
 12 -3.47701
 13 -3.47701
 14 -3.47701
 15 -3.47701
 16 -3.47701
 17 -3.47701
 18 -3.47701
 19 -3.47701
 20 -3.47701
 21 -3.47701
 22 -3.47701
 23 -3.47701
 24 -3.47701
 25 -3.47701
 26 -3.47701
 27 -3.47701
 28 -3.47701
 29 -3.47701
 30 -3.47701
 31 -3.47701
 32 -3.47701
 33 -3.47701
 34 -3.47701
 35 -3.47701
 36 -3.47701
 37 -3.47701
 38 -3.47701
 39 -3.47701
 40 -3.47701
 41 -3.47701
 42 -3.47701
 43 -3.47701
 44 -3.47701
 45 -3.47701
 46 -3.47701
 47 -3.47701
 48 -3.47701
 49 -3.47701
 50 -3.47701
 51 -3.47701
 52 -3.47701
 53 -3.47701
 54 -3.47701
 55 -3.47701
 56 -3.47701
 57 -3.47701
 58 -3.47701
 59 -3.47701
 60 -3.47701
 61 -3.47701
 62 -3.47701
 63 -3.47701
 64 -3.47701
 65 -3.47701
 66 -3.47701
 67 -3.47701
 68 -3.47701
 69 -3.47701
 70 -3.47701
 71 -3.47701
 72 -3.47701
 73 -3.47701
 74 -3.47701
 75 -3.47701
 76 -3.47701
 77 -3.47701
 78 -3.47701
 79 -3.47701
 80 -3.47701
 81 -3.47701
 82 -3.47701
 83 -3.47701
 84 -3.47701
 85 -3.47701
 86 -3.47701
 87 -3.47701
 88 -3.47701
 89 -3.47701
 90 -3.47701
 91 -3.47701
 92 -3.47701
 93 -3.47701
 94 -3.47701
 95 -3.47701
 96 -3.47701
 97 -3.47701
 98 -3.47701
 99 -3.47701
 100 -3.47701
 101 -3.47701
 102 -3.47701
 103 -3.47701
 104 -3.47701
 105 -3.47701
 106 -3.47701
 107 -3.47701
 108 -3.47701
 109 -3.47701
 110 -3.47701
 111 -3.47701
 112 -3.47701
 113 -3.47701
 114 -3.47701
 115 -3.47701
 116 -3.47701
 117 -3.47701
 118 -3.47701
 119 -3.47701
 120 -3.47701
 121 -3.47701
 122 -3.47701
 123 -3.47701
 124 -3.47701
 125 -3.47701
 126 -3.47701
 127 -3.47701
 128 -3.47701
 129 -3.47701
 130 -3.47701
 131 -3.47701
 132 -3.47701
 133 -3.47701
 134 -3.47701
 135 -3.47701
 136 -3.47701
 137 -3.47701
 138 -3.47701
 139 -3.47701
 140 -3.47701
 141 -3.47701
 142 -3.47701
 143 -3.47701
 144 -3.47701
 145 -3.47701
 146 -3.47701
 147 -3.47701
 148 -3.47701
 149 -3.47701
 150 -3.47701
 151 -3.47701
 152 -3.47701
 153 -3.47701
 154 -3.47701
 155 -3.47701
 156 -3.47701
 157 -3.47701
 158 -3.47701
 159 -3.47701
 160 -3.47701
 161 -3.47701
 162 -3.47701
 163 -3.47701
 164 -3.47701
 165 -3.47701
 166 -3.47701
 167 -3.47701
 168 -3.47701
 169 -3.47701
 170 -3.47701
 171 -3.47701
 172 -3.47701
 173 -3.47701
 174 -3.47701
 175 -3.47701
 176 -3.47701
 177 -3.47701
 178 -3.47701
 179 -3.47701
 180 -3.47701
 181 -3.47701
 182 -3.47701
 183 -3.47701
 184 -3.47701
 185 -3.47701
 186 -3.47701
 187 -3.47701
 188 -3.47701
 189 -3.47701
 190 -3.47701
 191 -3.47701
 192 -3.47701
 193 -3.47701
 194 -3.47701
 195 -3.47701
 196 -3.47701
 197 -3.47701
 198 -3.47701
 199 -3.47701
 200 -3.47701
