 1 -5.12725
 2 -5.12725
 3 -5.12725
 4 -5.12725
 5 -5.12725
 6 -5.12725
 7 -5.12725
 8 -5.12725
 9 -5.12725
 10 -5.12725
 11 -5.12725
 12 -5.12725
 13 -5.12725
 14 -5.12725
 15 -5.12725
 16 -5.12725
 17 -5.12725
 18 -5.12725
 19 -5.12725
 20 -5.12725
 21 -5.12725
 22 -5.12725
 23 -5.12725
 24 -5.12725
 25 -5.12725
 26 -5.12725
 27 -5.12725
 28 -5.12725
 29 -5.12725
 30 -5.12725
 31 -5.12725
 32 -5.12725
 33 -5.12725
 34 -5.12725
 35 -5.12725
 36 -5.12725
 37 -5.12725
 38 -5.12725
 39 -5.12725
 40 -5.12725
 41 -5.12725
 42 -5.12725
 43 -5.12725
 44 -5.12725
 45 -5.12725
 46 -5.12725
 47 -5.12725
 48 -5.12725
 49 -5.12725
 50 -5.12725
 51 -5.12725
 52 -5.12725
 53 -5.12725
 54 -5.12725
 55 -5.12725
 56 -5.12725
 57 -5.12725
 58 -5.12725
 59 -5.12725
 60 -5.12725
 61 -5.12725
 62 -5.12725
 63 -5.12725
 64 -5.12725
 65 -5.12725
 66 -5.12725
 67 -5.12725
 68 -5.12725
 69 -5.12725
 70 -5.12725
 71 -5.12725
 72 -5.12725
 73 -5.12725
 74 -5.12725
 75 -5.12725
 76 -5.12725
 77 -5.12725
 78 -5.12725
 79 -5.12725
 80 -5.12725
 81 -5.12725
 82 -5.12725
 83 -5.12725
 84 -5.12725
