 1 -5.10247
 2 -5.10247
 3 -5.10247
 4 -5.10247
 5 -5.10247
 6 -5.10247
 7 -5.10247
 8 -5.10247
 9 -5.10247
 10 -5.10247
 11 -5.10247
 12 -5.10247
 13 -5.10247
 14 -5.10247
 15 -5.10247
 16 -5.10247
 17 -5.10247
 18 -5.10247
 19 -5.10247
 20 -5.10247
 21 -5.10247
 22 -5.10247
 23 -5.10247
 24 -5.10247
 25 -5.10247
 26 -5.10247
 27 -5.10247
 28 -5.10247
 29 -5.10247
 30 -5.10247
 31 -5.10247
 32 -5.10247
 33 -5.10247
 34 -5.10247
 35 -5.10247
 36 -5.10247
 37 -5.10247
 38 -5.10247
 39 -5.10247
 40 -5.10247
 41 -5.10247
 42 -5.10247
 43 -5.10247
 44 -5.10247
 45 -5.10247
 46 -5.10247
 47 -5.10247
 48 -5.10247
 49 -5.10247
 50 -5.10247
 51 -5.10247
 52 -5.10247
 53 -5.10247
 54 -5.10247
 55 -5.10247
 56 -5.10247
 57 -5.10247
 58 -5.10247
 59 -5.10247
 60 -5.10247
 61 -5.10247
 62 -5.10247
 63 -5.10247
 64 -5.10247
 65 -5.10247
 66 -5.10247
 67 -5.10247
 68 -5.10247
 69 -5.10247
 70 -5.10247
 71 -5.10247
 72 -5.10247
 73 -5.10247
 74 -5.10247
 75 -5.10247
 76 -5.10247
 77 -5.10247
 78 -5.10247
 79 -5.10247
 80 -5.10247
 81 -5.10247
 82 -5.10247
 83 -5.10247
 84 -5.10247
 85 -5.10247
 86 -5.10247
 87 -5.10247
 88 -5.10247
 89 -5.10247
 90 -5.10247
 91 -5.10247
 92 -5.10247
 93 -5.10247
 94 -5.10247
 95 -5.10247
 96 -5.10247
 97 -5.10247
 98 -5.10247
 99 -5.10247
 100 -5.10247
 101 -5.10247
 102 -5.10247
 103 -5.10247
 104 -5.10247
 105 -5.10247
 106 -5.10247
 107 -5.10247
 108 -5.10247
 109 -5.10247
 110 -5.10247
 111 -5.10247
 112 -5.10247
 113 -5.10247
 114 -5.10247
 115 -5.10247
 116 -5.10247
 117 -5.10247
 118 -5.10247
 119 -5.10247
 120 -5.10247
 121 -5.10247
 122 -5.10247
 123 -5.10247
 124 -5.10247
 125 -5.10247
 126 -5.10247
 127 -5.10247
 128 -5.10247
 129 -5.10247
 130 -5.10247
 131 -5.10247
 132 -5.10247
 133 -5.10247
 134 -5.10247
 135 -5.10247
 136 -5.10247
 137 -5.10247
 138 -5.10247
 139 -5.10247
 140 -5.10247
 141 -5.10247
 142 -5.10247
 143 -5.10247
 144 -5.10247
 145 -5.10247
 146 -5.10247
 147 -5.10247
 148 -5.10247
 149 -5.10247
 150 -5.10247
 151 -5.10247
 152 -5.10247
 153 -5.10247
 154 -5.10247
 155 -5.10247
 156 -5.10247
 157 -5.10247
 158 -5.10247
 159 -5.10247
 160 -5.10247
 161 -5.10247
 162 -5.10247
 163 -5.10247
 164 -5.10247
 165 -5.10247
 166 -5.10247
 167 -5.10247
 168 -5.10247
 169 -5.10247
 170 -5.10247
 171 -5.10247
 172 -5.10247
 173 -5.10247
 174 -5.10247
 175 -5.10247
 176 -5.10247
 177 -5.10247
 178 -5.10247
 179 -5.10247
 180 -5.10247
 181 -5.10247
 182 -5.10247
 183 -5.10247
 184 -5.10247
 185 -5.10247
 186 -5.10247
