 1 -3.95291
 2 -3.9323
 3 -3.9109
 4 -3.90363
 5 -3.89631
 6 -3.88893
 7 -3.88151
 8 -3.87405
 9 -3.85148
 10 -3.8439
 11 -3.83631
 12 -3.8287
 13 -3.82108
 14 -3.81344
 15 -3.8058
 16 -3.79815
 17 -3.7905
 18 -3.78285
 19 -3.7752
 20 -3.76755
 21 -3.7599
 22 -3.75225
 23 -3.74461
 24 -3.73698
 25 -3.72935
 26 -3.72172
 27 -3.71411
 28 -3.7065
 29 -3.6989
 30 -3.69131
 31 -3.68373
 32 -3.67616
 33 -3.6686
 34 -3.66105
 35 -3.65351
 36 -3.64598
 37 -3.63846
 38 -3.63095
 39 -3.62345
 40 -3.61596
 41 -3.60849
 42 -3.60102
 43 -3.59357
 44 -3.58613
 45 -3.57871
 46 -3.57129
 47 -3.5639
 48 -3.55651
 49 -3.54914
 50 -3.54179
 51 -3.53445
 52 -3.52713
 53 -3.51983
 54 -3.51255
 55 -3.50529
 56 -3.49805
 57 -3.49083
 58 -3.48363
 59 -3.47646
 60 -3.46932
 61 -3.4622
 62 -3.45511
 63 -3.44805
 64 -3.44103
 65 -3.43404
 66 -3.42708
 67 -3.42016
 68 -3.41328
 69 -3.40644
 70 -3.39964
 71 -3.39289
 72 -3.38619
 73 -3.37953
 74 -3.37293
 75 -3.36638
 76 -3.35988
 77 -3.35345
 78 -3.34707
 79 -3.34075
 80 -3.3345
 81 -3.32832
 82 -3.32221
 83 -3.31616
 84 -3.31019
 85 -3.3043
 86 -3.29275
 87 -3.2871
 88 -3.28154
 89 -3.27606
 90 -3.27067
 91 -3.26537
 92 -3.26017
 93 -3.25506
 94 -3.25005
 95 -3.24514
 96 -3.24033
 97 -3.23562
 98 -3.23102
 99 -3.22652
 100 -3.22213
 101 -3.21785
 102 -3.21367
 103 -3.20961
 104 -3.20566
 105 -3.20182
 106 -3.19809
 107 -3.19448
 108 -3.19097
 109 -3.18759
 110 -3.18431
 111 -3.18115
 112 -3.1781
 113 -3.17516
 114 -3.17233
 115 -3.16961
 116 -3.16699
 117 -3.16449
 118 -3.16209
 119 -3.15979
 120 -3.15759
 121 -3.15548
 122 -3.15348
 123 -3.15156
 124 -3.14973
 125 -3.14798
 126 -3.14632
 127 -3.14473
 128 -3.14321
 129 -3.14175
 130 -3.14036
 131 -3.13902
 132 -3.13773
 133 -3.13648
 134 -3.13526
 135 -3.13408
 136 -3.13291
 137 -3.13176
 138 -3.13061
 139 -3.12946
 140 -3.12829
 141 -3.12711
 142 -3.12588
 143 -3.12462
 144 -3.1233
 145 -3.12192
 146 -3.12046
 147 -3.11892
 148 -3.11727
 149 -3.11551
 150 -3.11362
 151 -3.11159
 152 -3.10941
 153 -3.10705
 154 -3.10451
 155 -3.10177
 156 -3.09881
 157 -3.09562
 158 -3.09218
 159 -3.08847
 160 -3.08447
 161 -3.08017
 162 -3.07554
 163 -3.07056
 164 -3.06523
 165 -3.0595
 166 -3.05337
 167 -3.04682
 168 -3.03981
 169 -3.03233
 170 -3.02435
 171 -3.01585
 172 -3.00681
 173 -2.9972
 174 -2.98699
 175 -2.97616
 176 -2.96469
 177 -2.95254
 178 -2.93969
 179 -2.92612
 180 -2.91178
 181 -2.89666
 182 -2.88072
 183 -2.86394
 184 -2.84628
 185 -2.82771
 186 -2.80821
 187 -2.78773
 188 -2.76625
 189 -2.74373
