 1 -4.76161
 2 -4.76161
 3 -4.76161
 4 -4.76161
 5 -4.76161
 6 -4.76161
 7 -4.76161
 8 -4.76161
 9 -4.76161
 10 -4.76161
 11 -4.76161
 12 -4.76161
 13 -4.76161
 14 -4.76161
 15 -4.76161
 16 -4.76161
 17 -4.76161
 18 -4.76161
 19 -4.76161
 20 -4.76161
 21 -4.76161
 22 -4.76161
 23 -4.76161
 24 -4.76161
 25 -4.76161
 26 -4.76161
 27 -4.76161
 28 -4.76161
 29 -4.76161
 30 -4.76161
 31 -4.76161
 32 -4.76161
 33 -4.76161
 34 -4.76161
 35 -4.76161
 36 -4.76161
 37 -4.76161
 38 -4.76161
 39 -4.76161
 40 -4.76161
 41 -4.76161
 42 -4.76161
 43 -4.76161
 44 -4.76161
 45 -4.76161
 46 -4.76161
 47 -4.76161
 48 -4.76161
 49 -4.76161
 50 -4.76161
 51 -4.76161
 52 -4.76161
 53 -4.76161
 54 -4.76161
 55 -4.76161
 56 -4.76161
 57 -4.76161
 58 -4.76161
 59 -4.76161
 60 -4.76161
 61 -4.76161
 62 -4.76161
 63 -4.76161
 64 -4.76161
 65 -4.76161
 66 -4.76161
 67 -4.76161
 68 -4.76161
 69 -4.76161
 70 -4.76161
 71 -4.76161
 72 -4.76161
 73 -4.76161
 74 -4.76161
 75 -4.76161
 76 -4.76161
 77 -4.76161
 78 -4.76161
 79 -4.76161
 80 -4.76161
 81 -4.76161
 82 -4.76161
 83 -4.76161
 84 -4.76161
 85 -4.76161
 86 -4.76161
 87 -4.76161
 88 -4.76161
 89 -4.76161
 90 -4.76161
 91 -4.76161
 92 -4.76161
 93 -4.76161
 94 -4.76161
 95 -4.76161
 96 -4.76161
 97 -4.76161
 98 -4.76161
 99 -4.76161
 100 -4.76161
 101 -4.76161
 102 -4.76161
 103 -4.76161
 104 -4.76161
 105 -4.76161
 106 -4.76161
 107 -4.76161
 108 -4.76161
 109 -4.76161
 110 -4.76161
 111 -4.76161
 112 -4.76161
 113 -4.76161
 114 -4.76161
 115 -4.76161
 116 -4.76161
 117 -4.76161
 118 -4.76161
 119 -4.76161
 120 -4.76161
 121 -4.76161
 122 -4.76161
 123 -4.76161
 124 -4.76161
 125 -4.76161
 126 -4.76161
 127 -4.76161
 128 -4.76161
 129 -4.76161
 130 -4.76161
 131 -4.76161
 132 -4.76161
 133 -4.76161
 134 -4.76161
 135 -4.76161
 136 -4.76161
 137 -4.76161
 138 -4.76161
 139 -4.76161
 140 -4.76161
 141 -4.76161
 142 -4.76161
 143 -4.76161
 144 -4.76161
 145 -4.76161
 146 -4.76161
 147 -4.76161
 148 -4.76161
 149 -4.76161
 150 -4.76161
 151 -4.76161
 152 -4.76161
 153 -4.76161
 154 -4.76161
 155 -4.76161
 156 -4.76161
 157 -4.76161
 158 -4.76161
 159 -4.76161
 160 -4.76161
 161 -4.76161
 162 -4.76161
 163 -4.76161
 164 -4.76161
 165 -4.76161
 166 -4.76161
 167 -4.76161
 168 -4.76161
 169 -4.76161
 170 -4.76161
 171 -4.76161
 172 -4.76161
 173 -4.76161
 174 -4.76161
 175 -4.76161
 176 -4.76161
 177 -4.76161
 178 -4.76161
 179 -4.76161
 180 -4.76161
 181 -4.76161
 182 -4.76161
 183 -4.76161
 184 -4.76161
 185 -4.76161
