303299 303299 0.000133899 0.00200366 0.022098 0.0226644 0.0131285 0.00949734 0.00909649 0.00963765 0.0104083 0.0111547 0.0117974 0.0123456 0.0128282 0.013212 0.0134485 0.0135296  4.28226e+07 9.21438e+07 2.66635e+06 1.07545e+06 968110 1.33353e+06 128108 92482.5 84967.5 68321.1 14215.8 11306 10096.1 7488.23 2139.74 148.388
7.42149e+06 7.42149e+06 0.000737867 0.0109915 0.115468 0.118593 0.0703413 0.0512901 0.0491289 0.0519451 0.0559621 0.0598446 0.0631845 0.0660385 0.06856 0.0705724 0.0718173 0.0722452  6.3623e+06 2.76877e+07 5.80059e+07 1.94472e+06 904820 852850 1.0695e+06 125555 93157.1 83390.1 63421 14277.1 11730.4 10846.1 8357.38 2827.26
1.83724e+06 1.83724e+06 0.000477631 0.00713092 0.0766824 0.0788562 0.0462659 0.0335841 0.032145 0.034003 0.0366618 0.0392364 0.0414532 0.043347 0.0450183 0.0463505 0.0471737 0.0474563  4.58783e+06 3.36056e+06 8.32939e+06 1.38431e+07 674978 411698 398875 413443 64929.4 49559.4 43596.4 31739.7 7881.98 6792 6521.11 7046.67
532494 532494 0.00046475 0.00693689 0.0744505 0.0763923 0.0448383 0.0325838 0.0312129 0.0330342 0.0356289 0.0381387 0.0402984 0.0421424 0.0437686 0.0450644 0.0458647 0.0461394  1.54559e+08 1.30641e+06 974162 2.31266e+06 4.01917e+06 211021 130996 124620 124970 19025.8 14274.6 12573.1 9352.54 2415.29 2172.34 4511.97
362783 362783 0.000274564 0.0041038 0.0447055 0.0458362 0.0267071 0.0193638 0.0185518 0.0196491 0.0212102 0.0227208 0.0240209 0.0251302 0.0261073 0.0268849 0.0273647 0.0275292  4.67697e+07 4.44405e+07 1.09545e+06 918792 1.24669e+06 1.59536e+06 168963 133442 121787 93417.2 19421.3 15630 14016.2 10436.8 3015.85 8774.69
7.10484e+06 7.10484e+06 0.00138192 0.0204744 0.203447 0.208487 0.126897 0.0934972 0.0896896 0.094705 0.101817 0.108662 0.11454 0.119567 0.124023 0.12759 0.129803 0.130566  8.98402e+06 3.10425e+07 2.89854e+07 894975 806502 1.06531e+06 1.26049e+06 158320 126107 111589 81578.8 18147.8 15105.6 14071.4 10896.3 13094.5
2.13613e+06 2.13613e+06 0.000738573 0.010999 0.115269 0.118185 0.0701503 0.051203 0.0490776 0.0519107 0.0559373 0.0598255 0.0631687 0.0660243 0.068546 0.070558 0.0718022 0.0722298  5.52017e+06 5.79057e+06 9.8715e+06 6.93154e+06 374902 396288 478253 470352 77489.1 62558.7 54100.6 37946 9323.11 8165.62 7922.04 14159.6
530632 530632 0.000461087 0.00688133 0.0737755 0.075624 0.0443993 0.0322817 0.0309346 0.0327469 0.0353238 0.0378151 0.0399584 0.0417879 0.043401 0.044686 0.0454795 0.0457518  2.13426e+08 1.57118e+06 1.66863e+06 2.57398e+06 1.87861e+06 112301 122272 145317 138223 22044.2 17466.3 15104.9 10815.3 2761.93 2524.23 7107.88
239020 239020 0.000135629 0.00203047 0.0224831 0.0231286 0.0133811 0.00966308 0.00924461 0.0097879 0.0105664 0.0113215 0.0119722 0.0125277 0.0130171 0.0134065 0.0136466 0.013729  8.74991e+06 5.95542e+07 1.63116e+06 1.84804e+06 1.60052e+06 1.04377e+06 121291 130397 133173 101038 21424.5 17801.5 15612.6 11287.8 3247.14 11946.7
1.13614e+07 1.13614e+07 0.00186676 0.0275467 0.26283 0.268966 0.166793 0.123822 0.118898 0.125417 0.134625 0.143461 0.151038 0.157525 0.163288 0.167911 0.170787 0.171781  2.34856e+07 6.96806e+06 3.84742e+07 1.35474e+06 1.69822e+06 1.45147e+06 924967 120197 124512 121660 88308.6 20033.4 17155.8 15614.5 11744.8 16860.3
1.35725e+06 1.35725e+06 0.000639973 0.00954026 0.101008 0.103718 0.0612863 0.0446306 0.0427494 0.0452147 0.0487303 0.0521292 0.0550536 0.0575518 0.0597577 0.0615171 0.0626049 0.0629786  1.69791e+07 6.94985e+06 3.06752e+06 8.10408e+06 526775 818355 670222 401262 60475.8 59981.6 56211.7 39140.4 9834.53 8824.22 8349.45 16092.7
738440 738440 0.00080646 0.0120052 0.125258 0.128536 0.0764712 0.0558405 0.0535059 0.0565703 0.0609344 0.0651495 0.0687745 0.071872 0.0746091 0.076794 0.078146 0.0786108  1.28778e+08 4.83362e+06 2.0075e+06 820126 2.25906e+06 160645 255775 206000 119276 17409.8 16955.9 15897.4 11303.6 2952.6 2764.75 7976.14
234514 234514 0.000178002 0.0026648 0.0294858 0.030396 0.0176003 0.0127021 0.0121428 0.0128488 0.0138647 0.014851 0.0157014 0.0164278 0.0170682 0.0175781 0.0178927 0.0180006  6.78825e+06 3.66023e+07 2.18347e+06 1.00924e+06 771264 1.2356e+06 183831 279620 198904 102581 18289 16850.3 15984.7 11558.6 3392.46 12975.4
7.33596e+06 7.33596e+06 0.00183223 0.0270533 0.259531 0.266116 0.164694 0.122061 0.117111 0.123485 0.13253 0.141223 0.148682 0.15507 0.160748 0.165305 0.168139 0.169118  4.45396e+07 5.38356e+06 2.38169e+07 1.72891e+06 848847 734278 1.09189e+06 178019 267061 184075 92445.5 17395.9 16119.1 15888 11956.4 18073.2
1.32573e+06 1.32573e+06 0.000835652 0.0124388 0.129633 0.133149 0.0792774 0.0578836 0.0554471 0.0586069 0.0631148 0.0674701 0.0712162 0.0744182 0.0772489 0.0795091 0.0809081 0.0813892  4.53192e+07 1.1995e+07 2.35492e+06 5.1811e+06 616374 354783 360284 467894 86393.5 127890 85971.9 42462 8661.4 8172.3 8387 16702.3
716403 716403 0.000558859 0.00834036 0.0892699 0.0919414 0.0540831 0.0392666 0.0375617 0.0397071 0.0427883 0.0457736 0.0483452 0.0505434 0.0524851 0.054034 0.0549917 0.0553207  2.55432e+08 1.28986e+07 3.45283e+06 605835 1.39101e+06 184157 109261 109123 136853 24428.5 35453.1 23815.2 12001.7 2543.86 2504.28 8007.88
234986 234986 0.000105468 0.0015796 0.0175629 0.0180878 0.0104466 0.0075355 0.00720573 0.00762785 0.00823418 0.00882276 0.00933019 0.00976347 0.0101452 0.0104489 0.0106363 0.0107005  4.26435e+07 6.97993e+07 4.39798e+06 1.39608e+06 587014 826642 199732 109813 110193 120172 24398.4 35644.5 24992.2 12733.9 3191.29 12933.1
1.8019e+07 1.8019e+07 0.00262879 0.0384848 0.340685 0.344684 0.22055 0.166556 0.160792 0.169727 0.181995 0.193646 0.203584 0.212078 0.219632 0.225703 0.229487 0.230797  1.20402e+07 2.7623e+07 4.48258e+07 3.1213e+06 1.11448e+06 558927 740437 198909 103459 101097 107610 22509 33925 24942.9 13186 17781.2
2.7446e+06 2.7446e+06 0.00103012 0.0153006 0.156114 0.159737 0.0959796 0.0704314 0.0675798 0.0714542 0.0769343 0.0822131 0.0867467 0.0906195 0.0940434 0.0967783 0.0984719 0.0990545  1.44758e+07 4.39131e+06 8.08117e+06 7.7652e+06 724426 380942 259701 307397 95720.5 46483.3 44468.3 46543 10268.9 16234.8 12565.5 16334.8
544908 544908 0.000610577 0.00910648 0.0968661 0.099626 0.0587586 0.0427281 0.0408967 0.0432396 0.0465944 0.0498417 0.0526374 0.0550267 0.057137 0.0588204 0.0598614 0.060219  7.93361e+07 4.1183e+06 1.25765e+06 1.97258e+06 1.96213e+06 208044 114023 76721.3 87743.2 26397.7 12556.6 11993.9 12801.6 2933.89 4838.73 8959.89
402009 402009 0.000392556 0.0058666 0.0637185 0.065661 0.0383585 0.0277752 0.0265608 0.0280891 0.0302864 0.0324173 0.0342537 0.035823 0.037208 0.038312 0.0389939 0.0392281  1.11585e+07 2.31537e+07 1.97505e+06 685626 1.13341e+06 1.12289e+06 171358 113052 83540.4 83866.9 27464.4 13411.3 12781.8 14277 3559.53 17985.2
1.22484e+07 1.22484e+07 0.00634 0.0900029 0.606005 0.60813 0.436906 0.347221 0.3376 0.353862 0.375411 0.395409 0.412303 0.426855 0.440049 0.450838 0.457681 0.460082  4.10627e+07 8.48926e+06 1.5186e+07 1.49156e+06 560925 984242 980907 158131 105403 76545.5 75074.7 25302.2 12634.3 12436.7 14555.1 23398.8
1.0331e+06 1.0331e+06 0.000970242 0.0144268 0.148691 0.152718 0.0914094 0.0668689 0.0640609 0.0676838 0.0728523 0.077843 0.0821348 0.0858045 0.089051 0.0916453 0.0932522 0.0938051  1.57717e+07 1.12782e+07 3.30989e+06 1.69147e+06 340289 180230 349258 342344 60401.2 41072.7 29448.2 28309 10055.2 5204.11 5283.31 17161
1.16653e+06 1.16653e+06 0.0012928 0.0191777 0.192804 0.19823 0.120085 0.0881838 0.084461 0.0891243 0.0957954 0.102234 0.10777 0.112509 0.116711 0.120075 0.122163 0.122882  1.54939e+08 4.48815e+06 3.23847e+06 828602 441959 100137 54897.6 104647 98959.6 16858.9 11227.2 8037.18 7879.2 2907.2 1569.63 7059.48
1.77581e+06 1.77581e+06 0.00121328 0.0179967 0.18103 0.185325 0.112118 0.0824585 0.0791134 0.0835916 0.0899327 0.0960385 0.101281 0.105763 0.10973 0.112902 0.114868 0.115546  1.36135e+07 4.34306e+07 3.35696e+06 1.15277e+06 740220 375212 128392 63723.5 111578 99879.2 18403.5 13326 9647.3 9858.27 3797.37 12229.3
2.00291e+07 2.00291e+07 0.00626794 0.0891798 0.610171 0.61742 0.44204 0.349254 0.338277 0.353804 0.374909 0.394639 0.411377 0.425848 0.439008 0.449793 0.456642 0.459049  7.82228e+06 1.01771e+07 2.75483e+07 2.31229e+06 750342 646460 333841 121264 57522.9 95834.8 84687.7 16003.7 12065.5 9016.63 9634.55 16506.3
2.31834e+06 2.31834e+06 0.00208765 0.0307522 0.288307 0.294996 0.184425 0.137328 0.131891 0.139032 0.149117 0.158787 0.167077 0.174177 0.180494 0.185568 0.188728 0.18982  6.70708e+06 3.25481e+06 3.87275e+06 2.8486e+06 689911 233460 289854 142470 54753.5 24485.3 38801.6 34403.8 6845.89 5493.56 4246.32 12961.1
1.23082e+06 1.23082e+06 0.00290881 0.0424958 0.368635 0.373233 0.241059 0.182612 0.176248 0.185833 0.199026 0.211551 0.222235 0.231377 0.239523 0.246081 0.250175 0.251594  1.07196e+08 1.90571e+06 914263 763259 581960 175985 64156.7 78763 37136.7 13662.9 5935.33 9332.24 8402.68 1732.59 1448.71 4729.99
1.09611e+06 1.09611e+06 0.00122756 0.018223 0.184504 0.189943 0.114721 0.0841087 0.0805196 0.0849622 0.0913325 0.0974856 0.102778 0.10731 0.111328 0.114544 0.11654 0.117228  3.3738e+07 2.94305e+07 1.34798e+06 460642 773598 532606 275977 75279.4 100245 43056.7 16510.8 7694.34 11903.3 11581.8 2658.47 10034.7
1.64647e+07 1.64647e+07 0.00752936 0.106194 0.675331 0.686918 0.507825 0.405711 0.392442 0.408651 0.431033 0.451956 0.469741 0.485234 0.499478 0.51125 0.518784 0.521447  9.95361e+06 2.18107e+07 1.85874e+07 925438 348955 714280 492704 264595 68246.3 89634.8 37574.2 14660.3 7039.3 11154.1 11436 13330.8
1.68283e+06 1.68283e+06 0.00135482 0.0200729 0.199535 0.20421 0.124227 0.091562 0.0878704 0.0928143 0.099808 0.106536 0.112312 0.11725 0.121625 0.125125 0.127296 0.128044  7.56106e+06 3.19278e+06 5.92161e+06 1.5374e+06 243042 130457 320962 207789 114403 27397.1 35889.2 14845.8 6029.58 3039.97 4930.67 11685.3
874374 874374 0.00165084 0.0244213 0.238618 0.245377 0.150664 0.111174 0.106501 0.112255 0.120493 0.128432 0.135256 0.141104 0.1463 0.150469 0.153061 0.153956  1.09543e+08 2.15028e+06 909052 1.35461e+06 364387 67371.5 38063.1 92457.4 57697 30601.7 7159.73 9346.2 3937.38 1659.87 872.692 4969.96
599669 599669 0.000613907 0.00915374 0.0971433 0.0997622 0.0588831 0.0428583 0.041045 0.0434106 0.0467871 0.0500529 0.0528632 0.0552641 0.0573839 0.0590745 0.0601196 0.0604786  2.35268e+07 3.23274e+07 1.67778e+06 529521 699147 292886 113607 47339.4 116457 68004.2 37882 8779.16 12169.6 5370.7 2425.87 9218.65
1.71569e+07 1.71569e+07 0.00732315 0.103169 0.652902 0.655479 0.482951 0.387987 0.377494 0.394739 0.417535 0.438606 0.456391 0.471766 0.485796 0.49733 0.504681 0.507272  6.6422e+06 1.66428e+07 2.11978e+07 1.26945e+06 434400 601146 271977 112511 44563.9 107044 61238.9 34843.8 8210.26 11925.1 5497.99 12591.9
1.34565e+06 1.34565e+06 0.00103437 0.0153564 0.156037 0.159219 0.0957878 0.0704064 0.0676244 0.0715421 0.0770534 0.082355 0.0869045 0.0907881 0.0942194 0.0969588 0.0986544 0.0992376  2.6434e+06 3.25307e+06 5.58896e+06 2.15622e+06 316378 153007 218334 108186 48287.8 17831.8 41936.2 23660.3 14069.5 3411.93 5220.68 8362.38
796623 796623 0.00162966 0.024095 0.234462 0.240079 0.147531 0.109104 0.104689 0.11046 0.118643 0.126511 0.133264 0.139044 0.144173 0.148284 0.150838 0.15172  7.71508e+07 751931 930558 1.34999e+06 535876 89642.1 45350.5 64009.8 30682.2 13240 4790.93 11252.1 6474.61 3999.55 1011.82 4192.74
499866 499866 0.000722732 0.0107669 0.113211 0.116244 0.0689125 0.0502418 0.0481246 0.0508845 0.0548216 0.0586272 0.0619013 0.0646989 0.0671703 0.0691424 0.0703623 0.0707815  1.06057e+07 2.24606e+07 502114 648300 999708 562045 156068 64636.8 74760.9 35899.1 17153.7 5925.57 14460.7 8825.91 6047.98 8171.11
7.4691e+06 7.4691e+06 0.00394233 0.0566126 0.425586 0.411016 0.27833 0.219889 0.216863 0.230956 0.248354 0.264299 0.277626 0.288866 0.298778 0.306707 0.311637 0.31334  8.42084e+06 8.30106e+06 1.46718e+07 392659 534066 896092 544013 156273 62209.1 67976.5 32493 15913.9 5593.65 14184.4 9060.93 15412.1
1.16391e+06 1.16391e+06 0.00121502 0.0180208 0.181122 0.185328 0.11215 0.0825092 0.0791791 0.0836715 0.0900251 0.0961409 0.101392 0.105879 0.109851 0.113026 0.114995 0.115672  5.10112e+06 3.32656e+06 3.44023e+06 2.03363e+06 121856 206656 373712 245296 72863.2 27785.5 28774.5 13934.1 7151.73 2597.47 6864.02 12504
645606 645606 0.0015119 0.0223689 0.219269 0.224183 0.137237 0.101421 0.097371 0.102815 0.110505 0.117896 0.124238 0.129661 0.134469 0.138318 0.140707 0.141531  8.03566e+07 1.45093e+06 949492 808958 495147 34278.4 60937.2 108790 68903.7 19742 7363.35 7605.25 3752.86 1999.95 757.586 5881.72
474145 474145 0.000610285 0.00909967 0.0965693 0.0991509 0.0585192 0.0425971 0.0407983 0.0431525 0.0465111 0.0497591 0.0525541 0.0549416 0.0570494 0.0587304 0.0597695 0.0601264  2.55483e+07 2.49849e+07 934735 682141 654591 375112 59317.8 77866.4 128089 78969.9 24851.1 8801.57 9115.84 4798.52 2851.35 9712.21
1.23631e+07 1.23631e+07 0.00585011 0.0834205 0.582529 0.586365 0.41544 0.327669 0.317991 0.333393 0.354032 0.373277 0.389571 0.403604 0.416305 0.426674 0.433238 0.435539  8.75558e+06 1.7141e+07 1.68006e+07 703298 561884 598405 347114 61433.5 73983 116447 71802.3 23205.5 8328.72 8912.06 4938.18 13666.9
2.11527e+06 2.11527e+06 0.00168681 0.0249393 0.242411 0.248848 0.153106 0.113161 0.108497 0.114409 0.122827 0.13093 0.137888 0.143848 0.149141 0.153388 0.156028 0.156939  4.52835e+06 4.72536e+06 5.2252e+06 2.41722e+06 195529 214490 257033 145638 29487.6 31785.5 47729 29954.6 10175 3747.83 4143.71 9236.71
768276 768276 0.00153065 0.0226491 0.222172 0.227517 0.139288 0.102863 0.0986889 0.104158 0.111913 0.119374 0.125778 0.131259 0.136119 0.140013 0.142431 0.143265  5.18765e+07 1.28749e+06 1.33893e+06 1.12994e+06 545567 52992.9 61570 72694 39551.7 7685.28 8068.12 12045.2 7687.41 2708.11 1039.78 3866.79
258293 258293 0.000322545 0.00482141 0.052528 0.0540189 0.0314949 0.0228089 0.0218262 0.0230964 0.0249156 0.0266788 0.0281975 0.0294946 0.0306384 0.0315494 0.0321118 0.0323047  4.61048e+07 1.84277e+07 1.09653e+06 1.00913e+06 743901 454400 82605.2 80770.1 84158.9 43995.8 10343.1 9763.42 14776.5 10169.2 4120.21 7611.28
9.36978e+06 9.36978e+06 0.00425193 0.0615076 0.485865 0.493762 0.332904 0.256048 0.247093 0.25942 0.276462 0.29258 0.306315 0.318127 0.328751 0.337373 0.342797 0.344688  1.05438e+07 3.07192e+07 1.29516e+07 944992 885515 682554 436630 85132.5 77782.3 78707.3 40834.6 10094.2 9484.59 14828.5 10781.8 13182.7
1.52573e+06 1.52573e+06 0.000736487 0.0109665 0.114803 0.117599 0.0698224 0.0509883 0.0488871 0.0517185 0.0557362 0.0596141 0.0629477 0.0657945 0.0683079 0.0703128 0.0715526 0.0719786  5.3039e+06 5.2232e+06 9.44703e+06 2.59028e+06 326079 362353 294420 195636 40954.6 34302.2 33734.2 17550.9 4667.54 4405.13 7115.87 12270.7
771444 771444 0.000883743 0.0131516 0.136692 0.140529 0.0837946 0.0611835 0.0585811 0.06189 0.0666244 0.0712014 0.0751397 0.0785075 0.0814865 0.0838662 0.0853398 0.0858467  1.32245e+08 1.50956e+06 1.50465e+06 2.45653e+06 698693 97280.3 111467 89251.2 57379.8 11630.6 9561.8 9404.27 4994.91 1380.73 1359.79 6230.72
224277 224277 0.00018308 0.00273613 0.0298214 0.0304161 0.0176963 0.0128533 0.0123378 0.0130864 0.0141406 0.0151585 0.0160334 0.0167787 0.0174341 0.0179549 0.0182758 0.0183858  9.41256e+06 4.12638e+07 941601 1.37946e+06 1.36963e+06 698368 125598 130800 95459.1 56416.6 14471.3 10434.3 10694.7 6119.34 1983.01 10489.6
1.5e+07 1.5e+07 0.00446497 0.0640776 0.476298 0.468395 0.320643 0.252216 0.246945 0.261402 0.279827 0.296846 0.311147 0.323301 0.334117 0.34283 0.348281 0.350175  9.84372e+06 7.3571e+06 2.76128e+07 750053 1.19901e+06 1.18895e+06 681212 127096 124867 87731.7 51517.9 13960.6 9950.24 10697.5 6442.94 13881.5
1.25724e+06 1.25724e+06 0.000947145 0.014058 0.142735 0.144816 0.0870309 0.0641125 0.0617176 0.0654012 0.0705203 0.0754306 0.0796373 0.0832218 0.0863824 0.0889017 0.0904589 0.0909939  4.67787e+07 4.63481e+06 3.03592e+06 4.16045e+06 212646 465167 458160 307594 59240.7 53763.2 36239.8 21392.8 6305.33 4457.36 5047.51 10205.5
799976 799976 0.00116675 0.0172725 0.171011 0.172599 0.104818 0.0776926 0.0749562 0.0794736 0.0856831 0.0916168 0.0966903 0.101009 0.104817 0.107852 0.109729 0.110374  6.20674e+07 1.33041e+07 1.32486e+06 731523 1.01835e+06 59224.4 136200 133337 86906.3 16222.3 14450.7 9738.45 5866.92 1797 1325.45 4724.46
1.43213e+06 1.43213e+06 0.00116582 0.0172864 0.173475 0.17679 0.106952 0.0788207 0.0757578 0.0801445 0.0862945 0.092202 0.0972679 0.101592 0.105414 0.108466 0.110357 0.111007  1.50726e+07 1.86447e+07 4.37872e+06 885538 585065 851678 70637.4 171029 136788 97237.6 18190.4 16422 10938.7 7032.88 2624.23 8378.52
9.26529e+06 9.26529e+06 0.00602255 0.0842032 0.515399 0.477577 0.344844 0.28654 0.289081 0.310404 0.334272 0.355283 0.372426 0.386666 0.399118 0.409041 0.415202 0.417332  1.2566e+07 1.04777e+07 1.23482e+07 2.46564e+06 654963 506358 772974 67410.3 155789 118948 85607.5 16169.1 14865.8 10186.2 6910.48 11478.8
1.1397e+06 1.1397e+06 0.00121071 0.0179126 0.176352 0.177725 0.108176 0.0803063 0.0775329 0.0822296 0.0886622 0.0948021 0.100048 0.104513 0.108448 0.111585 0.113524 0.114191  4.17921e+06 9.48513e+06 3.36476e+06 1.43308e+06 334062 233108 203638 315077 29205 64137.8 47100.9 35326.1 6893.41 6567.8 4634.58 8965.13
707725 707725 0.000952954 0.0141296 0.142205 0.143417 0.0864129 0.0638824 0.0616319 0.065392 0.07056 0.0755028 0.0797305 0.0833274 0.0864942 0.0890157 0.0905729 0.0911075  1.56659e+08 1.1878e+06 2.69068e+06 750123 319683 87413.3 65255.8 57022.4 85794.3 7705.23 16594.3 12172.5 9310.9 1887.33 1875.82 4045.14
366010 366010 0.00026988 0.00402815 0.0433541 0.0440508 0.0257607 0.0187766 0.0180516 0.0191587 0.0207058 0.0221959 0.0234752 0.0245641 0.0255211 0.0262815 0.02675 0.0269104  2.12875e+07 4.8357e+07 1.14176e+06 1.84564e+06 616696 459371 133673 95769.1 78767.2 109482 10409.9 21238.9 15817.1 13380.9 2853.31 9478.98
1.47183e+07 1.47183e+07 0.00336278 0.0487415 0.395452 0.391048 0.258332 0.199705 0.194803 0.206437 0.221568 0.235684 0.247606 0.257735 0.266715 0.27392 0.278409 0.279963  1.13844e+07 1.70332e+07 3.2332e+07 911834 1.52403e+06 567345 465036 129752 91690.1 73812 101922 10009.1 20378.7 15820.5 14207 13723.2
1.89178e+06 1.89178e+06 0.000834999 0.01241 0.127654 0.129872 0.0776249 0.0569986 0.0548034 0.0580549 0.0626011 0.0669706 0.0707182 0.0739132 0.0767305 0.0789761 0.080364 0.0808407  7.85992e+06 7.78152e+06 7.38679e+06 5.73687e+06 296279 607055 260212 232547 60420.6 41801.6 33057.9 45852.2 4738.58 9727.73 7888.94 14791.3
872526 872526 0.000974172 0.0144558 0.146429 0.148549 0.0893693 0.0658604 0.0633995 0.0671754 0.0724238 0.077458 0.0817709 0.0854462 0.0886872 0.0912711 0.0928684 0.0934173  7.97056e+07 2.23602e+06 2.23144e+06 1.83862e+06 1.45933e+06 84667.1 181062 76942.4 66713.3 16802.5 11414.8 9028.63 12784.2 1373.21 2941.6 7142.44
451527 451527 0.000351631 0.00525154 0.056749 0.0581172 0.033985 0.024685 0.023662 0.0250625 0.0270498 0.028971 0.0306238 0.0320338 0.0332759 0.0342647 0.0348748 0.0350841  1.76189e+07 2.50292e+07 2.35022e+06 1.39581e+06 1.57219e+06 1.27329e+06 128355 183256 86215.4 75437.2 18726.3 12363 10188.2 15497.8 1933.1 13669.3
6.21352e+06 6.21352e+06 0.00204838 0.030081 0.275234 0.276089 0.173603 0.130751 0.126596 0.134121 0.144286 0.153918 0.16212 0.169102 0.175275 0.180212 0.183276 0.184332  9.27324e+06 1.33835e+07 1.68809e+07 1.88189e+06 1.16627e+06 1.4583e+06 1.22074e+06 128578 170468 79946.3 70302.2 17367.2 11710.7 10090 16206.9 17215.8
1.70218e+06 1.70218e+06 0.000982197 0.0145852 0.148606 0.151469 0.0909842 0.0668755 0.0642642 0.0680209 0.0732904 0.0783564 0.0827023 0.0864103 0.0896843 0.0922968 0.0939132 0.0944689  1.01393e+07 5.93018e+06 5.46451e+06 3.87858e+06 706824 512444 710863 602774 66107.2 80509 38206.2 34403.9 8593.86 6014.36 5438.24 19091.4
668194 668194 0.000869517 0.0129209 0.132656 0.135052 0.0808067 0.0593388 0.0570383 0.0604053 0.0651199 0.0696527 0.0735409 0.0768566 0.0797816 0.0821137 0.0835554 0.0840508  1.13135e+08 2.88421e+06 1.69722e+06 1.32876e+06 967935 200407 151987 208766 171432 18193.3 21725.6 10301.1 9463.06 2455.96 1793.2 7628.33
274751 274751 0.000194315 0.00289904 0.0311216 0.0314191 0.0183686 0.0134258 0.0129394 0.0137571 0.0148855 0.0159692 0.016898 0.0176871 0.0183792 0.0189283 0.0192661 0.0193817  1.84442e+07 3.45577e+07 2.66407e+06 1.45601e+06 1.05914e+06 777643 249942 134845 213257 172883 20382.1 21102.7 10789.9 10730.9 2956.62 11877.1
7.45165e+06 7.45165e+06 0.0019079 0.0280579 0.260214 0.261486 0.163489 0.122766 0.118761 0.125812 0.135378 0.14446 0.1522 0.15879 0.164616 0.169273 0.172162 0.173158  2.926e+07 1.33357e+07 2.29439e+07 2.0728e+06 1.21464e+06 936573 716666 237823 121450 192414 156192 19009.6 19584.1 10531.1 11090.6 16066.4
1.36926e+06 1.36926e+06 0.000710904 0.0105717 0.109477 0.111096 0.0661506 0.048562 0.046734 0.0495549 0.0534795 0.0572485 0.0604794 0.0632311 0.0656543 0.0675836 0.0687747 0.0691835  9.37596e+06 9.59249e+06 5.00962e+06 5.1566e+06 770839 570673 457556 351662 118120 56028.5 89786.5 73962.9 9473.7 9807.56 5567.97 15225
655176 655176 0.000760281 0.0112764 0.114124 0.114255 0.0685391 0.0507574 0.0491088 0.0522297 0.0564591 0.0604916 0.0639344 0.0668563 0.069421 0.0714582 0.0727136 0.0731438  4.69848e+07 2.66737e+06 2.75423e+06 1.2674e+06 1.32564e+06 220738 170476 135773 101457 33095 15436.5 24765.8 20839.9 2775.45 2998.69 6627.84
618835 618835 0.000620819 0.00924543 0.0970732 0.0989607 0.0586055 0.04285 0.0411585 0.0436069 0.0470463 0.050359 0.0532033 0.0556283 0.0577652 0.0594673 0.0605184 0.0608791  1.21024e+07 1.81897e+07 1.64692e+06 1.54568e+06 927710 915713 260697 186205 137047 100644 34497.5 14316.1 25085.1 22548.5 3437.93 11718.6
3.48947e+06 3.48947e+06 0.00140282 0.0207083 0.199555 0.20026 0.122976 0.091776 0.0887812 0.094211 0.101575 0.10858 0.114554 0.119634 0.12411 0.127679 0.129887 0.130645  6.94348e+07 8.90766e+06 1.29606e+07 1.22714e+06 1.20216e+06 820539 836121 247641 173559 123106 90073.6 31252.2 13038.5 24002.6 22744.7 16174
1.78578e+06 1.78578e+06 0.00115045 0.0170567 0.171048 0.17407 0.105305 0.0776576 0.0746833 0.0790399 0.0851283 0.0909721 0.095981 0.100254 0.10403 0.107044 0.10891 0.109552  4.32386e+06 1.93641e+07 3.47394e+06 3.81831e+06 481847 546888 409235 413426 126315 86899.2 60022.6 44580.3 15979.7 6806.19 13225.3 22655.2
890351 890351 0.000765306 0.0113794 0.117632 0.119606 0.0713106 0.0523264 0.0503167 0.0533175 0.0575104 0.0615409 0.0649979 0.0679442 0.070541 0.0726098 0.0738878 0.0743266  3.91504e+07 1.22961e+06 5.52136e+06 811885 912795 133056 159145 118114 115515 34117.9 22990.7 15852.8 12004.8 4469.29 1985.68 10897.8
381663 381663 0.000417997 0.00623626 0.066719 0.0681078 0.0399877 0.0291285 0.0279579 0.0296288 0.0319839 0.0342561 0.0362087 0.0378733 0.0393391 0.0405057 0.0412254 0.0414723  6.28651e+07 1.42725e+07 866810 2.07487e+06 642102 705555 122505 176004 124725 117587 36305.2 24246.4 16925.9 13567.2 5485.57 16181.3
4.34297e+06 4.34297e+06 0.00184422 0.0270963 0.249648 0.248799 0.155671 0.117374 0.113919 0.120948 0.130327 0.139194 0.146732 0.153133 0.158776 0.163279 0.166067 0.167026  5.97411e+07 4.01463e+07 1.00475e+07 701041 1.51534e+06 578005 650136 115723 164515 113221 106453 33186.8 22776.1 16498.7 13892.8 23289.4
3.34075e+06 3.34075e+06 0.0013759 0.0203625 0.200471 0.203986 0.12447 0.0920874 0.0885834 0.0936933 0.100829 0.107669 0.11353 0.118533 0.122958 0.126495 0.128687 0.129442  8.98934e+06 1.63536e+07 1.14134e+07 2.63626e+06 269734 541912 274461 306116 55404.5 78035.9 52576.3 50069.2 16052.6 11504 8668.55 20568.9
906979 906979 0.000694068 0.0103336 0.108133 0.110452 0.0655453 0.047915 0.0459871 0.0486862 0.052495 0.0561668 0.0593211 0.0620124 0.0643863 0.0662786 0.0674479 0.0678495  4.91804e+07 2.55565e+06 4.64339e+06 2.54688e+06 601681 72563.3 154755 77779.1 83858.5 14644 20168 13546.8 13141.7 4373.84 3268.84 8656.2
745046 745046 0.000726643 0.0108047 0.111772 0.113444 0.067585 0.0496194 0.047747 0.0506229 0.0546261 0.0584711 0.0617673 0.064575 0.0670479 0.0690169 0.0702327 0.07065  1.85208e+07 1.85226e+07 1.70701e+06 1.79266e+06 1.17782e+06 602501 102912 149384 83770.6 82050.1 15255.2 21992 14992.2 15591.5 5517.68 15783.2
6.14703e+06 6.14703e+06 0.00270469 0.039519 0.34415 0.345537 0.222246 0.168778 0.163463 0.172839 0.18549 0.197445 0.207612 0.216283 0.223979 0.230157 0.234003 0.235334  3.93556e+07 1.48023e+07 1.282e+07 1.25315e+06 1.21877e+06 924764 562810 101846 133477 74268.1 71679.9 13749.5 20174.5 14281.8 15690.8 22496.1
1.36037e+06 1.36037e+06 0.000770882 0.0114535 0.117616 0.119058 0.0711298 0.0523389 0.0504202 0.0534848 0.0577267 0.0617941 0.0652778 0.0682433 0.0708539 0.072932 0.0742149 0.0746552  6.53166e+06 1.16485e+07 6.47603e+06 2.98718e+06 455091 441018 383699 280905 53061.6 61593.7 34450.5 33279.2 6743.15 10229.8 7542.68 21374.6
717470 717470 0.000786256 0.0116772 0.119472 0.120727 0.0722194 0.053204 0.0512851 0.0544181 0.0587417 0.062884 0.0664302 0.0694478 0.0721033 0.0742168 0.0755212 0.0759689  2.61813e+07 1.85783e+06 3.33748e+06 1.60443e+06 747901 127921 129990 112588 80205.2 14715.8 16796.2 9404.15 9278.73 1954.7 3094.74 9120.86
432345 432345 0.000445294 0.00664829 0.0715427 0.0734635 0.0430721 0.0312776 0.0299523 0.0316964 0.0341851 0.0365934 0.0386665 0.0404367 0.0419981 0.0432422 0.0440106 0.0442743  4.64892e+07 8.79846e+06 2.04412e+06 1.46744e+06 1.36914e+06 710450 135530 131749 102194 84977.6 17350.6 17731.9 10083.4 10393.1 2509.11 15822.9
4.10939e+06 4.10939e+06 0.00234961 0.0344229 0.307717 0.308712 0.196186 0.148352 0.143674 0.152087 0.163437 0.174178 0.183318 0.191103 0.197999 0.203523 0.206956 0.208141  1.80226e+07 3.15145e+07 6.07254e+06 1.67054e+06 1.1473e+06 1.27439e+06 683959 132426 123496 91928.7 77953.7 16477.1 16743.6 9877.43 10679.3 19999.5
1.72942e+06 1.72942e+06 0.000828259 0.0123195 0.127591 0.130399 0.0777757 0.05695 0.0546593 0.0578426 0.0623355 0.0666646 0.0703827 0.0735563 0.076358 0.078593 0.0799752 0.0804503  4.50716e+06 6.23523e+06 1.03253e+07 1.4348e+06 641569 442134 612423 332816 64813.7 57714.4 41461.6 36644.9 8190.94 8382.34 5141.95 16930
685646 685646 0.000791369 0.0117801 0.122898 0.125992 0.0749422 0.0547421 0.0524703 0.0554881 0.0597784 0.0639206 0.0674821 0.0705246 0.0732122 0.0753571 0.076684 0.0771401  6.93603e+07 1.28251e+06 1.79152e+06 2.61469e+06 375057 187435 133986 183289 96428.5 18181.2 15886.4 11410.1 10292.7 2391 2553.14 7011.37
202590 202590 0.000214009 0.00319523 0.0345132 0.0350395 0.0204522 0.0149027 0.0143315 0.0152161 0.0164504 0.017639 0.0186593 0.0195274 0.02029 0.0208957 0.0212687 0.0213964  2.04204e+07 2.45291e+07 804286 1.12753e+06 1.75225e+06 320582 245294 134549 190629 100536 18922.5 16792.4 11784.2 11639.1 3140.92 12140.5
5.92254e+06 5.92254e+06 0.00222927 0.0324654 0.277397 0.267857 0.171769 0.132696 0.13056 0.13959 0.150927 0.161439 0.170274 0.177709 0.184215 0.18938 0.192566 0.19366  2.46627e+07 1.58142e+07 1.68397e+07 633787 927846 1.54428e+06 301881 238379 124063 173469 91565.4 17626.4 15923 11530.9 12035.9 16695.2
2.2848e+06 2.2848e+06 0.001318 0.0195154 0.193107 0.19655 0.119657 0.0884399 0.0850603 0.0899756 0.0968444 0.103433 0.109078 0.113897 0.118158 0.121563 0.123673 0.1244  4.48715e+06 7.93501e+06 6.55722e+06 3.55605e+06 199823 362364 661678 138652 112516 54932.7 76575.2 41103.2 8253.54 7695.65 5752.96 15260.6
645999 645999 0.000882281 0.0130873 0.132332 0.133353 0.0801587 0.0592319 0.0571644 0.0606802 0.0655035 0.0701154 0.0740595 0.0774137 0.0803649 0.0827135 0.0841631 0.0846607  4.2681e+07 1.2758e+06 2.25572e+06 1.48206e+06 822542 54184 104074 188518 38195.9 29918.5 14288.4 19863.5 10863.5 2264.78 2202.35 6267.78
116443 116443 0.000137935 0.00206125 0.022463 0.0228458 0.0132839 0.00965852 0.00928113 0.00985217 0.0106518 0.0114229 0.0120852 0.012649 0.0131442 0.0135375 0.0137796 0.0138625  2.81513e+07 1.54782e+07 1.02218e+06 1.18235e+06 1.33793e+06 749771 59226.7 124990 203650 41211 32904.7 15139 21715.9 12876 2999.66 11309.9
4.43215e+06 4.43215e+06 0.00211708 0.0310688 0.282455 0.283122 0.178509 0.134631 0.1304 0.13815 0.148599 0.158494 0.166915 0.174084 0.180423 0.185494 0.188642 0.189727  2.32845e+07 1.91728e+07 1.07263e+07 846505 971750 1.26713e+06 717347 58816.2 120753 189786 38556.7 30977.9 14507.8 21710.4 13596.2 15959.3
1.67957e+06 1.67957e+06 0.00102587 0.0152244 0.154213 0.156924 0.0944827 0.0695576 0.0668872 0.0708151 0.0763055 0.0815781 0.0860986 0.0899543 0.093358 0.0960737 0.0977539 0.0983316  5.5679e+06 8.78977e+06 6.37243e+06 2.61394e+06 320166 405321 634820 352133 29695.5 58771.2 89333.8 18490.4 15182.1 7336.94 11482.2 16596.9
559493 559493 0.00066705 0.0099184 0.102682 0.103907 0.0618342 0.0454382 0.0437703 0.0464451 0.0501481 0.0537005 0.0567438 0.0593336 0.0616122 0.063425 0.0645434 0.0649271  9.09863e+07 1.58362e+06 2.51193e+06 1.52695e+06 640494 89625.8 119113 184997 99426.7 8114.23 15745.4 23910.2 5048.35 4306.46 2171.18 8646.33
1.18114e+06 1.18114e+06 0.00107682 0.0159581 0.159627 0.161451 0.0976332 0.0721885 0.0695863 0.0737664 0.0795363 0.0850579 0.0897827 0.0938062 0.0973534 0.100181 0.101929 0.10253  6.92074e+07 3.14037e+07 953648 1.70762e+06 907222 557332 107153 127675 199150 102318 8724.57 16662.3 25304.3 5842.78 5171.77 13701.3
5.21722e+06 5.21722e+06 0.00125398 0.0185667 0.183826 0.186482 0.1134 0.083908 0.0808048 0.0855583 0.0921548 0.0984718 0.10388 0.108491 0.112563 0.115814 0.117827 0.118519  6.77415e+07 4.45546e+07 2.11699e+07 636700 1.23509e+06 732988 492148 100832 113606 173403 87486.7 7709.49 14800.9 23235.6 5692.7 19164.5
2.52565e+06 2.52565e+06 0.000750388 0.0111627 0.115872 0.118065 0.0702913 0.0515052 0.0494885 0.0524193 0.0565306 0.0604869 0.0638822 0.0667775 0.0693303 0.0713648 0.0726219 0.0730537  6.49061e+06 1.78934e+07 1.31806e+07 5.8653e+06 265174 631494 373368 257182 54945.9 58255 88199.1 44540.7 4148.14 8153.62 13286.6 15082.1
1.24409e+06 1.24409e+06 0.000773401 0.0114989 0.118776 0.120761 0.0720241 0.0528586 0.0508306 0.0538622 0.0580969 0.0621673 0.0656583 0.0686337 0.0712561 0.0733454 0.0746361 0.0750793  8.65955e+07 1.8468e+06 5.14231e+06 3.35536e+06 1.53096e+06 77056 190636 111581 74556.5 15445.5 16086.7 24368.4 12566 1216.56 2495.45 9028.4
536736 536736 0.00046729 0.00698065 0.0754645 0.0778549 0.0455972 0.0330298 0.0315739 0.0333747 0.0359699 0.0384874 0.0406573 0.0425126 0.0441511 0.0454579 0.0462658 0.0465432  2.19614e+07 2.47639e+07 1.03037e+06 1.82166e+06 1.67552e+06 1.12635e+06 87587.6 212437 107937 74430.4 16747.7 16357.3 25094.4 13542.5 1526.84 13966.8
7.61867e+06 7.61867e+06 0.00280287 0.0409479 0.355726 0.358456 0.231054 0.175317 0.169562 0.179082 0.192025 0.204277 0.214708 0.223615 0.231535 0.237901 0.241869 0.243242  2.77809e+07 1.57244e+07 1.61783e+07 787393 1.36697e+06 1.45823e+06 1.05293e+06 86773.1 202493 99058.2 67661.2 15805.9 15452.7 24620 13892 16828.1
2.07516e+06 2.07516e+06 0.00130877 0.0193747 0.191397 0.194471 0.118431 0.0876141 0.0843247 0.0892377 0.0960772 0.102631 0.108244 0.113033 0.117265 0.120646 0.12274 0.123461  8.14736e+06 1.02455e+07 5.74078e+06 2.96539e+06 252858 453640 605588 475721 41994 93999.1 44578.7 30647.6 7607.41 7539.9 12506.5 16401
985554 985554 0.00100393 0.0149324 0.154232 0.158978 0.0951425 0.0694818 0.0664688 0.0701591 0.0754679 0.0806045 0.0850266 0.088812 0.0921648 0.0948463 0.0965085 0.0970808  1.89897e+08 2.3163e+06 2.91095e+06 1.29191e+06 680271 68066.4 129610 171899 130693 11142.6 24407 11546 8088.88 2084.73 2155 8594.04
1.09545e+06 1.09545e+06 0.000715856 0.0106611 0.11181 0.114542 0.0679502 0.0496045 0.0475584 0.0503153 0.0542278 0.0580048 0.0612518 0.0640244 0.0664722 0.0684246 0.0696317 0.0700464  6.01187e+07 5.47358e+07 1.50213e+06 1.52366e+06 1.01181e+06 505291 91958.2 123811 169642 131901 12618.7 26516.9 12726.1 9343.89 2804.94 13875.4
1.07892e+07 1.07892e+07 0.0018748 0.0275389 0.253125 0.252271 0.158015 0.119189 0.115684 0.122811 0.132321 0.14131 0.14895 0.155439 0.16116 0.165726 0.168554 0.169527  2.54932e+07 3.9923e+07 3.53232e+07 1.10672e+06 1.16859e+06 897033 460082 89945.7 111443 150354 116574 11602.3 24580.5 12295.9 9406.48 17773.2
2.24552e+06 2.24552e+06 0.000667075 0.00993752 0.104557 0.107049 0.0633987 0.0462668 0.0443678 0.0469539 0.0506191 0.0541568 0.0571977 0.0597937 0.0620844 0.0639109 0.0650398 0.0654275  6.01448e+06 7.49215e+06 1.25461e+07 7.12095e+06 403922 492862 428304 218970 46402.6 52483.5 71031.4 56155.4 5972.77 12966.9 6790.22 15766.9
874321 874321 0.000752458 0.0112029 0.11713 0.119987 0.0712836 0.0520653 0.0499187 0.052806 0.0569038 0.060859 0.0642591 0.0671628 0.0697267 0.0717722 0.0730371 0.0734718  5.01301e+07 1.7119e+06 2.16057e+06 3.30263e+06 1.94214e+06 121158 152217 130403 64554 13256.1 14726.5 19942.1 16099.8 1780.22 4033.32 7311.53
975803 975803 0.000969251 0.0144043 0.147779 0.151266 0.0906616 0.0664564 0.0637522 0.0674126 0.072595 0.0775897 0.0818802 0.0855452 0.0887847 0.0913716 0.0929731 0.0935239  1.85938e+07 2.2605e+07 1.40187e+06 1.0169e+06 1.7261e+06 1.11588e+06 131921 149278 133032 64367.1 14720.4 14721.6 20547.6 17470.8 2233.34 14066.9
4.96574e+06 4.96574e+06 0.001707 0.0251511 0.23757 0.239147 0.148339 0.110967 0.107247 0.113627 0.122323 0.130595 0.137652 0.143662 0.148971 0.153213 0.155842 0.156747  6.20239e+07 1.30862e+07 1.62284e+07 1.01912e+06 729186 1.40956e+06 943962 124790 134420 117262 56329.4 13262.9 13186.5 19191.8 17100.1 16950.9
2.00336e+06 2.00336e+06 0.00107932 0.0160109 0.16148 0.164324 0.0991404 0.0730408 0.0702399 0.0743533 0.0801022 0.0856217 0.0903534 0.0943896 0.0979538 0.100798 0.102559 0.103164  1.20995e+07 1.7826e+07 4.68429e+06 4.77385e+06 411800 311990 645215 426807 64830.8 66506.7 57810 28215.6 7015.89 7046.55 10748.5 20120.2
1.13633e+06 1.13633e+06 0.000958307 0.014236 0.145584 0.148574 0.0891163 0.0654273 0.0628348 0.0664881 0.0716293 0.0765768 0.0808233 0.0844478 0.0876488 0.0902034 0.0917841 0.0923275  3.96772e+07 3.44113e+06 5.08934e+06 1.11044e+06 1.15735e+06 114599 91297.6 187247 119969 17627.1 17722.2 15384.9 7658.15 1978.1 2072.58 9454.68
1.10812e+06 1.10812e+06 0.00110036 0.0163535 0.167506 0.172603 0.1037 0.0758535 0.0725849 0.0766037 0.0823776 0.08796 0.0927642 0.0968771 0.100522 0.103438 0.105246 0.105869  1.21822e+07 1.44126e+07 1.54896e+06 2.25779e+06 791496 1.04264e+06 139762 93386 170454 108981 18707.1 17964.1 16214.8 8588.24 2491.87 14213.6
5.5078e+06 5.5078e+06 0.00334086 0.0480966 0.37116 0.35414 0.236279 0.186597 0.184852 0.197773 0.213483 0.227844 0.23982 0.249871 0.258673 0.265674 0.270005 0.271495  5.82753e+07 9.56128e+06 9.90292e+06 1.01247e+06 1.63578e+06 704486 975682 135263 85360.6 148730 93756.8 16806.2 16248.7 15266.9 8501.2 17359.1
1.18744e+06 1.18744e+06 0.000913958 0.0135947 0.140655 0.144384 0.0862514 0.0630674 0.0604305 0.0638681 0.0687656 0.0734943 0.0775604 0.0810359 0.0841093 0.0865641 0.088084 0.0886069  6.03414e+06 1.61388e+07 3.99412e+06 1.90863e+06 263136 575582 310362 444590 64570.4 38635.9 65268.1 41552.8 8047.35 7965.76 7830.95 14013.5
1.12018e+06 1.12018e+06 0.000990786 0.0147322 0.151786 0.15605 0.0934398 0.068331 0.0654334 0.0691102 0.0743691 0.0794503 0.0838214 0.0875602 0.0908693 0.0935144 0.0951531 0.0957171  1.48884e+08 1.71721e+06 4.6379e+06 1.00935e+06 502759 77718.8 175794 93282.4 129006 18103.6 10614.5 17910.5 11631.4 2340.31 2416.84 6900.94
2.32985e+06 2.32985e+06 0.00173718 0.0256859 0.24964 0.257003 0.158253 0.11685 0.111915 0.11792 0.126526 0.134821 0.14195 0.148062 0.153497 0.15786 0.160575 0.161513  6.24876e+07 4.58654e+07 1.31934e+06 1.69482e+06 870877 507187 105248 209308 108018 139677 20826.8 11637.6 19350.6 13260 3090.32 12312.2
1.17132e+07 1.17132e+07 0.00238447 0.0349572 0.314021 0.316757 0.201163 0.15169 0.146584 0.154943 0.166354 0.177186 0.186419 0.194299 0.20129 0.206899 0.210388 0.211594  7.67781e+07 4.02267e+07 2.98025e+07 863957 1.0521e+06 740036 461568 99038.6 186562 93870.4 118133 18015 10137.3 17372.1 12441.2 15403.1
3.60248e+06 3.60248e+06 0.00114472 0.0169883 0.171786 0.175822 0.106101 0.0779714 0.0748143 0.0790724 0.0850975 0.0908992 0.0958811 0.100138 0.103905 0.106916 0.108781 0.109423  8.29556e+06 1.99281e+07 1.16761e+07 6.27676e+06 349650 421549 378397 238178 52386.8 94117.1 47263.7 59388.5 9521.17 5510.88 9789.17 16571.5
1.59466e+06 1.59466e+06 0.00103522 0.0153776 0.156993 0.160755 0.0965802 0.0708425 0.0679501 0.0718281 0.0773246 0.082622 0.0871728 0.0910614 0.0945003 0.0972476 0.098949 0.0995344  2.91069e+07 2.35977e+06 5.69599e+06 2.78752e+06 1.55239e+06 99263.6 125134 110860 67360.4 14299 25139.6 12596.3 16132.9 2685.94 1621.56 8074.6
657870 657870 0.000578298 0.00862119 0.091395 0.0935851 0.0552271 0.0402488 0.0385912 0.0408495 0.0440519 0.0471443 0.0498031 0.0520725 0.0540742 0.0556695 0.056655 0.0569934  1.76205e+07 1.44081e+07 2.25268e+06 1.85638e+06 1.33853e+06 1.15018e+06 130581 122392 120209 71309.3 16438.9 27090 14246.6 18542.2 3460.07 12485.1
4.48696e+06 4.48696e+06 0.00192577 0.0283418 0.264378 0.267051 0.16676 0.124865 0.120538 0.127526 0.137112 0.146239 0.15403 0.160675 0.166558 0.171267 0.174191 0.175199  1.41379e+08 1.35331e+07 1.06085e+07 1.74999e+06 1.3068e+06 1.12688e+06 1.05449e+06 128031 113737 109817 64846.1 15406.9 25528.4 14079 19005.1 17231.3
1.49499e+06 1.49499e+06 0.000710327 0.0105735 0.110427 0.112745 0.0669629 0.0489796 0.0470229 0.0497903 0.0536889 0.0574452 0.0606711 0.0634232 0.0658505 0.0677853 0.0689809 0.0693915  4.18768e+06 3.51739e+07 5.64484e+06 3.21695e+06 694591 467587 504527 510207 66469.2 55724.5 53599.1 32108.6 8043.04 13607.2 7905.06 21114.9
1.00362e+06 1.00362e+06 0.000495078 0.00738985 0.0793007 0.0815109 0.0478655 0.0347621 0.033277 0.0352007 0.0379518 0.0406151 0.042908 0.0448668 0.0465954 0.0479734 0.0488249 0.0491172  1.19076e+07 1.19171e+06 1.01241e+07 1.4589e+06 856240 204674 142580 152032 149031 18822.3 15500.9 14918.3 9126.03 2376.51 4195.78 9328.12
509786 509786 0.000488693 0.00729488 0.0783201 0.0805006 0.0472613 0.0343219 0.0328573 0.034759 0.0374775 0.0401091 0.0423748 0.0443101 0.0460178 0.0473792 0.0482203 0.0485091  3.75643e+07 8.8129e+06 702608 3.129e+06 1.34362e+06 858095 244884 127830 140637 144908 20067.6 15890.1 15491.1 10116.8 2995.87 16676.3
2.16578e+06 2.16578e+06 0.00114847 0.0170423 0.172187 0.176163 0.106339 0.0781707 0.0750197 0.079298 0.0853453 0.0911666 0.0961645 0.100435 0.104213 0.107232 0.109103 0.109747  1.79133e+07 2.49592e+07 6.8394e+06 539736 2.12334e+06 1.26606e+06 818464 235694 116474 125633 129185 18401.5 14848.6 14942.9 10280.2 21084.1
1.63605e+06 1.63605e+06 0.00084831 0.0126207 0.130929 0.134135 0.0799879 0.0585028 0.056098 0.0593287 0.0639118 0.068333 0.0721328 0.0753784 0.0782459 0.0805346 0.0819507 0.0824376  3.5124e+07 5.59347e+06 7.99008e+06 2.56076e+06 222911 701828 670494 423134 121686 56696.4 60826.3 63664.4 9542.63 7980.23 8311.16 18497.8
928848 928848 0.00112261 0.0166628 0.168774 0.172721 0.104144 0.0765114 0.0734111 0.0775927 0.0835105 0.0892098 0.0941042 0.0982865 0.101986 0.104943 0.106775 0.107405  1.1924e+07 9.99548e+06 1.60809e+06 2.03214e+06 675882 65715.6 214075 201583 122995 34216.4 15635 16764.4 17905.1 2788.87 2433.42 8517.41
939416 939416 0.000886802 0.0131884 0.136299 0.139572 0.0833707 0.0610257 0.0585281 0.0618971 0.066672 0.0712766 0.0752333 0.0786129 0.0815991 0.0839828 0.0854579 0.0859652  1.19807e+07 1.16113e+07 3.43289e+06 902670 1.1752e+06 672118 76467.7 140936 198462 117571 33349.6 15165 16321.6 18403.5 3217.26 12922.5
4.86686e+06 4.86686e+06 0.00269297 0.0393603 0.343688 0.345518 0.222049 0.168472 0.163079 0.172384 0.184974 0.196882 0.207014 0.215658 0.223333 0.229495 0.233332 0.234659  3.14219e+07 9.62623e+06 9.12839e+06 2.12502e+06 689370 986818 623796 73708.6 117822 174733 101515 29081 13566.2 15113.9 17835.2 16604.7
1.75482e+06 1.75482e+06 0.00126667 0.0187807 0.1881 0.192562 0.116736 0.0859224 0.0824449 0.087102 0.0936937 0.100038 0.105486 0.110143 0.114266 0.117564 0.119609 0.120313  4.83241e+07 8.08515e+06 4.24655e+06 2.92492e+06 541113 299865 443211 304781 37181.7 49684.5 80967.2 46922.7 13879.6 6768.49 7829.2 18796.4
1.55188e+06 1.55188e+06 0.00191785 0.0282564 0.265985 0.270321 0.16837 0.125584 0.120915 0.127724 0.137198 0.146254 0.154002 0.160623 0.166495 0.171201 0.174126 0.175135  4.91589e+07 1.37445e+07 2.306e+06 989905 706813 151696 88208.6 128677 85338.6 10036.4 13111.3 21302.7 12577.3 3862.36 1964.33 8051.61
938956 938956 0.000747814 0.0111417 0.117213 0.120582 0.0715001 0.0520898 0.0498609 0.0526952 0.0567539 0.0606803 0.06406 0.0669494 0.0695035 0.0715426 0.0728044 0.0732382  1.88371e+07 1.64212e+07 4.43413e+06 679348 921134 823591 154724 104823 129486 88908.6 11647.1 13086.3 22799.7 14219.6 4683.1 12888.9
4.64759e+06 4.64759e+06 0.00200819 0.0294287 0.264921 0.262102 0.165389 0.125531 0.122225 0.129946 0.140093 0.149638 0.157729 0.164588 0.170626 0.175441 0.17842 0.179445  6.78188e+07 1.32627e+07 1.14084e+07 2.78524e+06 500737 876885 804256 150683 100355 117207 80240.6 10922.7 12112.7 22169.8 14463.8 18839.4
2.08941e+06 2.08941e+06 0.00130272 0.0193236 0.194127 0.199601 0.120963 0.0888477 0.0851079 0.089814 0.0965405 0.10303 0.108609 0.113385 0.117619 0.12101 0.123114 0.123839  2.10904e+07 1.95976e+07 4.7092e+06 2.84951e+06 665484 188131 445987 408641 76191.5 50287.9 56176.3 39248.6 5702.87 6326.92 12242 19322.1
1.55447e+06 1.55447e+06 0.00127951 0.0189759 0.19042 0.195358 0.118387 0.0870354 0.0834357 0.0880945 0.0947242 0.101114 0.106605 0.111301 0.115463 0.118793 0.120859 0.121571  1.90643e+07 5.99963e+06 5.5957e+06 1.10661e+06 700924 189678 56003.3 130557 115091 20654.6 13314 14819.2 10544.1 1590.24 1839.79 9552.24
701327 701327 0.000606164 0.00904328 0.096441 0.0993484 0.058546 0.0425313 0.0406844 0.0430012 0.0463292 0.0495533 0.0523303 0.0547046 0.0568023 0.0584762 0.0595115 0.0598672  1.93572e+07 1.48924e+07 2.18527e+06 2.42871e+06 835447 655271 161266 57073.3 141736 120481 22086.5 14727.3 15842.9 11946.3 2085.46 14396.1
4.67225e+06 4.67225e+06 0.00195719 0.0288454 0.272097 0.277579 0.172905 0.128757 0.123801 0.130653 0.14026 0.149459 0.157338 0.164078 0.170064 0.174866 0.177853 0.178884  5.12649e+07 1.46669e+07 1.15719e+07 1.49265e+06 1.89552e+06 778222 646615 151541 54122.4 130459 109055 20442.2 14002.6 15430.5 12206.4 17776.3
1.1638e+06 1.1638e+06 0.000582112 0.00868703 0.092914 0.0957804 0.0563736 0.0409233 0.039136 0.0413621 0.044564 0.0476672 0.0503407 0.0526266 0.0546464 0.0562581 0.0572548 0.0575973  2.43772e+07 1.3569e+07 5.97766e+06 3.91807e+06 460828 796623 393149 338947 73896.2 26914.5 63716.8 53289.3 10451.5 7486.66 8464.34 17343.7
834232 834232 0.000726309 0.0108249 0.114235 0.117633 0.0696637 0.0507055 0.0485147 0.0512626 0.055207 0.0590256 0.0623136 0.0651254 0.0676113 0.069596 0.0708242 0.0712465  3.12994e+06 6.94151e+06 3.92964e+06 1.63862e+06 1.12918e+06 143998 253374 122557 102030 21529.6 7698.51 18233 15572 3175.09 2373.56 8523.49
358294 358294 0.000314879 0.00470852 0.0514651 0.0530265 0.0308824 0.0223387 0.0213619 0.0225972 0.0243727 0.026095 0.0275794 0.0288476 0.0299663 0.0308576 0.031408 0.0315969  8.25789e+06 1.00811e+07 2.92016e+06 1.46697e+06 1.28642e+06 1.08509e+06 131613 239868 122220 99297.8 20914.4 7728.28 18326.5 16370.8 3692.13 13054.4
2.78135e+06 2.78135e+06 0.00138464 0.0204912 0.201655 0.205235 0.125264 0.0926767 0.0891464 0.0942844 0.10146 0.108341 0.114235 0.119266 0.123717 0.127276 0.129481 0.130241  1.23836e+07 6.07671e+06 8.83166e+06 2.1621e+06 1.12816e+06 1.20548e+06 1.05531e+06 128766 225260 113577 91632 19439.9 7403.75 18096.2 16893.6 18299.3
731090 731090 0.000548614 0.0081882 0.0877241 0.0903556 0.053128 0.038568 0.0368948 0.0390051 0.0420348 0.0449701 0.0474984 0.0496596 0.0515684 0.053091 0.0540323 0.0543557  4.05465e+07 4.56215e+06 2.37865e+06 3.8562e+06 747102 429332 600586 538079 65707 110139 55812.9 45524.1 9917.16 3962.68 10000.3 20427.2
584026 584026 0.000857465 0.0127536 0.131999 0.135075 0.080614 0.0590062 0.0566034 0.0598746 0.0645054 0.0689703 0.0728064 0.0760822 0.0789757 0.0812849 0.0827135 0.0832046  3.94899e+07 1.15458e+07 1.3216e+06 654613 1.11368e+06 233439 136551 187341 162181 19178.6 31573.9 16011.4 13338.7 3021.18 1259.89 10077.7
451595 451595 0.000370106 0.00553085 0.0600702 0.0618152 0.0361006 0.0261538 0.0250236 0.026474 0.0285529 0.0305677 0.0323033 0.0337859 0.0350937 0.0361357 0.0367792 0.0370001  1.21548e+07 1.37007e+07 4.08191e+06 909710 489379 1.18325e+06 210648 113753 178221 151532 18845.2 29935.7 15822.6 13591.5 3374.1 12909.3
3.16946e+06 3.16946e+06 0.00172088 0.0249944 0.210658 0.196246 0.125263 0.0982131 0.0980417 0.105931 0.115361 0.123986 0.131171 0.137151 0.142317 0.146376 0.148857 0.149703  2.20078e+07 9.66432e+06 9.44587e+06 2.82323e+06 788358 463627 1.18608e+06 204460 105056 163634 137607 17646.7 28246.4 15618 14003 17638.3
1.36195e+06 1.36195e+06 0.00113169 0.0167977 0.170133 0.1742 0.105053 0.0771689 0.0740318 0.0782411 0.0842024 0.0899444 0.0948757 0.0990901 0.102819 0.105799 0.107646 0.108282  1.43444e+07 6.8155e+06 4.16444e+06 1.99475e+06 594805 301395 202473 563366 94332.6 46375.4 73780.2 62746.1 8539.18 13970.8 8122.72 17210.9
772964 772964 0.00117906 0.0174643 0.173682 0.175984 0.106759 0.0789599 0.0760612 0.0805675 0.0868114 0.0927905 0.0979088 0.102271 0.106121 0.109192 0.111093 0.111747  7.35716e+07 4.08057e+06 1.94883e+06 998235 495780 169428 89683.7 59441.1 159640 25798.5 12412 19703.3 17080.3 2413.94 4119.47 7781.27
494003 494003 0.000526498 0.00785946 0.0843568 0.0868866 0.0510426 0.0370413 0.0354321 0.0374597 0.0403717 0.0431935 0.0456243 0.047702 0.0495369 0.0510004 0.0519051 0.0522159  8.77338e+06 2.4329e+07 1.47526e+06 1.0509e+06 802483 441728 175182 108760 65948.7 169585 27897.6 13069.3 20970.4 18765.1 3030.72 14813
3.17119e+06 3.17119e+06 0.00108469 0.0160803 0.161306 0.163558 0.0988399 0.0729813 0.0702835 0.0744617 0.0802573 0.0858106 0.0905659 0.0946182 0.0981932 0.101045 0.102808 0.103415  2.20012e+07 6.51993e+06 1.64385e+07 1.02205e+06 879112 764806 432734 172266 105446 61878.3 156568 26206.8 12446.2 20679.1 19291.3 19445.4
1.07549e+06 1.07549e+06 0.000807314 0.0120085 0.124451 0.127091 0.0757641 0.0554858 0.0532686 0.0563841 0.0607745 0.0650035 0.068635 0.0717339 0.0744688 0.0766499 0.0779985 0.0784619  1.45408e+07 6.39488e+06 2.59597e+06 4.41402e+06 334055 405991 397171 225982 89874.6 54575.6 31462.1 79837.9 13893.9 6804.08 11746 23040.1
719637 719637 0.00114374 0.0169795 0.172196 0.176605 0.106479 0.0781473 0.0749152 0.0791346 0.0851361 0.090923 0.095896 0.100148 0.103913 0.106923 0.108789 0.109431  4.65598e+07 4.13753e+06 1.83752e+06 658388 1.15358e+06 97468 122916 118825 65484.5 25224.6 15034.7 8667.06 22450.1 4060.6 2074.98 11049.3
424778 424778 0.000552676 0.00824707 0.0881854 0.0907258 0.0533794 0.0387779 0.0371105 0.0392412 0.0422939 0.0452499 0.0477952 0.0499704 0.051891 0.0534228 0.0543697 0.054695  5.60802e+06 1.52094e+07 1.63458e+06 862538 454467 741333 90428.7 127974 114151 64206.8 25105 15087.2 8733.38 23065.2 4709.06 15230.1
3.03185e+06 3.03185e+06 0.00190578 0.0276342 0.229386 0.213605 0.137202 0.107874 0.107739 0.116373 0.126666 0.136065 0.143887 0.150397 0.156023 0.160447 0.163153 0.164076  4.58297e+06 4.44367e+06 1.03769e+07 1.14387e+06 691915 418754 676471 88483 121706 104268 58438.6 23116.9 14191.5 8519.06 23383.7 21349.4
1.2026e+06 1.2026e+06 0.00166277 0.0245704 0.237825 0.243053 0.14966 0.110874 0.106494 0.112426 0.120786 0.128811 0.135693 0.141579 0.1468 0.150984 0.153583 0.154479  9.09222e+06 3.25772e+06 1.89793e+06 2.0871e+06 276113 243210 179162 283100 41600.3 56325 47130 26974.2 11055.5 7060.82 4410.57 24122.8
710375 710375 0.00241077 0.0354145 0.323199 0.330267 0.208978 0.156395 0.150301 0.158325 0.16963 0.180451 0.189719 0.197663 0.204741 0.210435 0.213987 0.215216  1.51626e+07 2.58457e+06 921785 405891 461176 73443.4 68883.3 50188.8 76340.3 10782.4 14231.9 11846.9 6897.47 2932.34 1952.35 8234.44
453688 453688 0.000704408 0.010481 0.109078 0.111046 0.0660157 0.048363 0.0464794 0.0492452 0.0531205 0.0568494 0.0600493 0.0627771 0.0651813 0.0670965 0.0682795 0.0686857  1.15373e+07 9.56235e+06 1.55012e+06 967548 409604 429495 99321.9 87586.2 57353.6 80578 12839.3 16468.2 13417 8414.68 3849.57 13606.2
2.99405e+06 2.99405e+06 0.00208796 0.0306897 0.282673 0.285543 0.179348 0.13458 0.12993 0.137396 0.147634 0.157376 0.16569 0.172783 0.179069 0.184105 0.187235 0.188315  8.37405e+06 9.23508e+06 7.25506e+06 1.16179e+06 820111 383738 409206 98691.3 83453.9 52814.8 72571.1 12044.8 15639.8 13155.1 8678.6 18845.5
1.10646e+06 1.10646e+06 0.000940758 0.0139761 0.143037 0.145905 0.0874736 0.0642251 0.0616926 0.0652916 0.0703507 0.0752179 0.079395 0.0829595 0.0861068 0.088618 0.0901716 0.0907056  1.74026e+07 4.10865e+06 4.07809e+06 2.32513e+06 463767 424377 207394 214213 53011.2 42781.5 26429.2 36075.2 6379.09 8525.23 7425.5 16365
723989 723989 0.00145321 0.0214746 0.208577 0.211113 0.129452 0.0961699 0.0926998 0.0981376 0.105651 0.112832 0.118974 0.12421 0.128837 0.132534 0.134824 0.135612  2.7945e+07 4.95076e+06 1.17716e+06 1.00271e+06 587721 132586 126607 61213 61215.7 14660 11602.5 7162.53 9974.96 1832.73 2555.44 7429.68
285795 285795 0.000330146 0.00493714 0.0539828 0.055687 0.032435 0.0234498 0.0224135 0.0237013 0.0255574 0.0273591 0.0289125 0.0302401 0.0314117 0.0323455 0.0329222 0.0331202  8.24787e+06 1.45069e+07 1.87604e+06 974568 890980 612677 167108 150066 67346.4 61442.3 16166.4 12304.9 7708.02 10967.8 2336.62 12701.2
3.8224e+06 3.8224e+06 0.00192401 0.0282982 0.262635 0.264297 0.165255 0.124012 0.119895 0.126962 0.136578 0.145715 0.153505 0.160141 0.16601 0.170704 0.173617 0.174621  2.6952e+06 6.94888e+06 1.08726e+07 1.38285e+06 895430 867097 611827 171754 146860 63991.1 57214.5 15523.3 11947.8 7783.57 11497.3 16771.9
1.2295e+06 1.2295e+06 0.0010078 0.0149862 0.154444 0.158976 0.0952103 0.0695964 0.0666198 0.0703449 0.0756841 0.0808452 0.085286 0.0890858 0.0924501 0.0951401 0.0968072 0.0973811  1.30056e+07 1.58194e+06 3.3025e+06 3.39517e+06 429847 430006 435472 311083 89725.5 72936.4 31201.2 27752.3 7937.29 6271.29 4261.36 16207.9
553600 553600 0.00142077 0.0210464 0.208712 0.214056 0.130433 0.0960989 0.092147 0.0972596 0.104529 0.11153 0.117543 0.122689 0.127252 0.130906 0.133174 0.133956  2.29181e+07 3.70123e+06 454332 826775 891460 127259 131553 130823 90043.2 25053.9 19932.4 8509.99 7717.12 2292.41 1889.37 6433.08
430503 430503 0.000552539 0.00824787 0.0884588 0.091206 0.0536129 0.0388974 0.0371939 0.0393102 0.0423564 0.0453094 0.0478538 0.0500294 0.0519515 0.0534851 0.0544333 0.0547592  1.8498e+07 9.37415e+06 2.24569e+06 547002 628269 921992 136238 150587 137468 91124.3 26305.2 20758.5 9102.14 8425.62 2832.78 10318.6
2.71825e+06 2.71825e+06 0.0019277 0.028055 0.239487 0.227442 0.145204 0.112842 0.111759 0.120087 0.130298 0.139708 0.147585 0.154179 0.159912 0.164441 0.167222 0.168173  9.09953e+06 1.34085e+07 6.71981e+06 1.73137e+06 531709 590958 897015 135621 144557 126398 82918 24540.4 19700 9008.64 8676.68 14321.3
1.01085e+06 1.01085e+06 0.000802368 0.0119254 0.122758 0.124715 0.0744906 0.0547181 0.0526386 0.0557857 0.0601733 0.0643878 0.0680011 0.0710802 0.0737938 0.0759559 0.0772915 0.0777502  2.87821e+07 4.35403e+06 4.9825e+06 1.69391e+06 569609 263541 269466 423752 66534.9 69049.2 58721.6 38984.7 12141.6 10089.4 4833.25 12927.7
914119 914119 0.00156279 0.02312 0.226301 0.231815 0.142079 0.10496 0.100703 0.106276 0.114178 0.121778 0.128303 0.133886 0.138838 0.142807 0.145272 0.146122  2.28938e+07 8.18777e+06 1.24861e+06 1.24224e+06 430246 162292 78437.4 79600.8 121560 18514.8 18876.8 16061.5 10887.7 3524.87 3056.62 5609.06
456117 456117 0.00042319 0.00632386 0.0685986 0.0707577 0.0413701 0.0299518 0.0286318 0.0302695 0.0326291 0.0349184 0.0368916 0.0385786 0.040068 0.0412556 0.0419895 0.0422415  4.56046e+06 1.29911e+07 3.44984e+06 865512 978215 465280 215750 103045 80450.4 127493 20398.9 20388.7 17079.7 12049.9 4261.1 10875.5
4.44531e+06 4.44531e+06 0.00241036 0.0351827 0.305229 0.300775 0.192729 0.147437 0.143863 0.15295 0.164766 0.175829 0.185185 0.193111 0.200095 0.205669 0.209123 0.210313  3.06767e+07 3.58668e+06 9.9702e+06 2.48885e+06 767670 929396 462712 215969 102322 74280.4 116972 19340.1 19625.2 16920.4 12493.8 16589.4
1.28485e+06 1.28485e+06 0.00134067 0.0198716 0.198269 0.203296 0.123515 0.0909193 0.0871902 0.0920611 0.0989793 0.105642 0.111365 0.11626 0.120599 0.124071 0.126225 0.126968  7.91049e+06 7.72883e+06 1.53725e+06 3.00307e+06 683136 336488 434815 226745 106562 50512.3 34213.6 54571.4 9562.84 10006.2 8889.37 16100.6
757016 757016 0.00137101 0.020327 0.203199 0.209014 0.126975 0.0933221 0.0893753 0.0942812 0.101305 0.108082 0.11391 0.1189 0.123327 0.126873 0.129075 0.129835  3.18821e+07 2.2499e+06 2.20281e+06 355010 721562 191368 98926.6 126014 63292.7 28643.8 13262.6 8951.04 14539.7 2644.56 2885.63 7503.18
242057 242057 0.000395958 0.00591806 0.0643331 0.0663501 0.0387525 0.0280476 0.0268123 0.0283491 0.0305627 0.0327104 0.0345618 0.0361443 0.0375412 0.0386549 0.039343 0.0395792  7.30105e+06 1.09561e+07 1.15168e+06 661651 354079 865199 201653 113271 138637 68536.8 30686 14410.7 9549.69 16562.6 3417.84 13515.5
2.62327e+06 2.62327e+06 0.00183833 0.0269563 0.244463 0.240847 0.151295 0.114856 0.112002 0.119253 0.128719 0.137612 0.145144 0.151518 0.157119 0.161577 0.164332 0.165278  3.29737e+07 6.39942e+06 7.70804e+06 886960 498310 358712 868447 195617 109335 129227 63483.6 28613.6 13869.2 9456.1 17170.6 18628.5
1.00212e+06 1.00212e+06 0.000941375 0.0140078 0.145331 0.149732 0.0894089 0.0652581 0.0624401 0.0659294 0.0709418 0.0757908 0.079965 0.0835369 0.086699 0.0892269 0.0907932 0.0913322  9.8067e+06 9.95264e+06 3.17266e+06 1.96061e+06 288532 161719 184595 434671 93935 52934.3 61198.8 30486 14119.6 7199.55 5057.01 20182.3
849851 849851 0.00124352 0.018458 0.186666 0.192188 0.116142 0.0851585 0.0815154 0.0860004 0.0924372 0.0986555 0.104005 0.108586 0.112648 0.1159 0.117918 0.118614  9.06999e+06 2.79122e+06 2.8629e+06 807521 524368 86420.6 49889.6 55869.5 126753 26432.7 14583.6 16832.3 8550.48 4113.68 2188.17 8003.14
169378 169378 0.000250608 0.00375027 0.0413039 0.0426251 0.0247426 0.0178633 0.0170698 0.018053 0.0194715 0.0208492 0.0220374 0.0230528 0.0239486 0.0246623 0.025103 0.0252542  7.82783e+06 8.5311e+06 1.02006e+06 1.28025e+06 869520 483312 107008 48367.7 60559.1 128208 26376.1 15132.9 17678.7 9462.08 4742.81 12406.4
2.41446e+06 2.41446e+06 0.00176103 0.0259688 0.24678 0.250276 0.155117 0.115605 0.111398 0.117792 0.126646 0.135104 0.142335 0.148508 0.153975 0.15835 0.161067 0.162003  3.64838e+06 6.35013e+06 6.79781e+06 743630 1.06537e+06 892542 485934 109611 46836.8 57757.8 118710 24607.9 14605.4 17658.7 9910.56 18787.8
535885 535885 0.000530206 0.00791647 0.0851179 0.0878029 0.0515562 0.0373828 0.0357385 0.0377705 0.0406983 0.0435376 0.0459844 0.0480768 0.0499252 0.0514 0.0523119 0.0526252  3.27843e+06 1.76555e+06 2.87074e+06 2.41241e+06 222866 433552 479226 249812 57177.5 23021.6 28338.1 57249.8 12185.3 7620.35 9553.2 16296.5
470114 470114 0.00129774 0.0192531 0.19373 0.199367 0.120754 0.0886341 0.0848643 0.0895316 0.096221 0.10268 0.108235 0.112992 0.11721 0.120589 0.122685 0.123408  4.85811e+07 933633 511929 797022 705115 70257.3 138769 150234 75622.8 16756.6 6625.58 8161.1 16839.3 3726.49 2432.17 8590.2
243422 243422 0.000404609 0.00604707 0.0656978 0.0677652 0.0395908 0.0286558 0.0273924 0.0289606 0.0312203 0.0334128 0.0353028 0.0369184 0.0383447 0.0394819 0.0401845 0.0404258  1.08631e+07 1.51171e+07 759999 491200 725947 712075 69825.2 126150 151069 72617 17630.7 6949.02 8161.84 17044.9 4080.76 12660.7
1.5468e+06 1.5468e+06 0.000769481 0.0114549 0.119599 0.122519 0.0728372 0.0532147 0.0510243 0.0539755 0.0581623 0.0622026 0.0656756 0.0686414 0.0712605 0.0733501 0.0746424 0.0750866  3.35474e+07 8.49816e+06 1.01213e+07 640002 450882 710242 695627 69646.6 117423 140958 66673 16632.6 6712.99 8071.47 17437.1 18067.5
810656 810656 0.000609458 0.00908935 0.0966449 0.0993626 0.0586103 0.0426304 0.0408112 0.043155 0.0465071 0.0497508 0.052543 0.054929 0.0570361 0.0587168 0.059756 0.0601131  2.97267e+06 9.93865e+06 3.69687e+06 2.90289e+06 305544 241908 389677 369528 37708.4 59181.8 72696.2 34473.7 9038.02 3802.22 4691.59 21380.4
641553 641553 0.000817751 0.0121809 0.127751 0.131681 0.0782325 0.0569812 0.0545001 0.0575562 0.0619537 0.066212 0.0698794 0.0730173 0.0757936 0.0780118 0.0793853 0.0798578  4.89327e+07 846342 2.87385e+06 998772 819882 94036.3 76103.9 120418 110386 10907.7 16810.5 20659.7 10004.8 2726.91 1197.21 8567.81
393285 393285 0.000528372 0.0078868 0.0845872 0.0870864 0.0511729 0.037146 0.0355379 0.0375747 0.0404974 0.043329 0.0457679 0.0478524 0.0496931 0.0511611 0.0520685 0.0523802  2.02991e+07 1.70346e+07 456731 1.42965e+06 897601 521851 100315 84290.3 120590 105641 11542.4 15889.7 20071.4 10266.5 3172.03 11220.1
2.72886e+06 2.72886e+06 0.00131802 0.0193708 0.180264 0.175666 0.108751 0.082505 0.0807619 0.0863371 0.0935063 0.100226 0.105907 0.110696 0.11488 0.118195 0.120235 0.120933  6.81578e+06 1.34735e+07 1.176e+07 353559 1.13528e+06 849564 469312 98707.2 80398 110389 94629.1 10792 14711.2 19403 10402.4 15369.6
914044 914044 0.000679964 0.0101375 0.107367 0.110542 0.0653491 0.0475399 0.0454888 0.0480753 0.0517858 0.0553781 0.0584712 0.0611158 0.0634531 0.0653186 0.0664728 0.0668695  2.40533e+07 3.84659e+06 4.22522e+06 3.01198e+06 129817 449682 416438 209261 49990.6 39794.1 53248.6 45532.1 5574.81 7626.56 10553 14767
739839 739839 0.00121839 0.018079 0.182399 0.187189 0.113156 0.0831015 0.0796479 0.0841017 0.090446 0.0965639 0.101822 0.10632 0.110304 0.113491 0.115468 0.116149  5.57694e+07 6.84805e+06 1.11146e+06 1.13083e+06 845390 39898 141325 128420 62307.1 14398.8 11246.3 15048 13135.4 1671.65 2386.37 8243.75
303489 303489 0.000266395 0.0039859 0.0438288 0.0452218 0.0262691 0.0189721 0.0181312 0.0191757 0.0206819 0.0221444 0.0234056 0.0244835 0.0254343 0.0261919 0.0266597 0.0268202  1.35968e+07 1.88789e+07 3.21528e+06 981031 660085 658144 48529.3 146983 133499 57854.8 14752.1 11607.5 15212.9 13769.7 2038.89 12413.3
3.81946e+06 3.81946e+06 0.0014286 0.0211325 0.207077 0.210638 0.128801 0.0953815 0.09177 0.0970579 0.104435 0.111504 0.117559 0.122728 0.127301 0.130957 0.133224 0.134004  3.92085e+07 1.05733e+07 1.31637e+07 2.5307e+06 906187 604931 629463 49881.4 140313 125248 52941.7 13991.6 11243.2 15188.2 14329 15897.9
753362 753362 0.000429405 0.0064153 0.0694495 0.0715564 0.0418673 0.0303348 0.0290112 0.0306783 0.0330742 0.0353972 0.0373989 0.0391095 0.0406195 0.0418233 0.0425671 0.0428225  3.83905e+07 1.16783e+07 4.5168e+06 3.74631e+06 960964 453325 287652 310939 26751.5 69475 61814.3 25853.4 7254.54 6051.31 8440.3 17563.7
918974 918974 0.000862002 0.0128273 0.133303 0.136851 0.0815803 0.0596012 0.0571003 0.0603525 0.0649895 0.0694686 0.0733208 0.0766134 0.0795243 0.0818488 0.0832876 0.0837825  2.1487e+07 1.09336e+07 3.39086e+06 1.27466e+06 1.11002e+06 304714 145712 90631.6 94721.6 7898.96 20165.4 17966.5 7678.29 2240.72 1950.91 8734.05
186061 186061 0.000133855 0.00200492 0.0223 0.0230131 0.013295 0.0095826 0.00915636 0.00968748 0.0104536 0.011198 0.0118401 0.0123887 0.0128723 0.0132574 0.013495 0.0135764  1.51479e+07 9.99936e+06 4.32017e+06 1.66735e+06 1.0923e+06 803076 315661 150573 84506.1 85959.9 8170.7 19278.1 17440.1 7769.31 2514.28 12164
2.92375e+06 2.92375e+06 0.00144021 0.0212962 0.20799 0.211202 0.129289 0.0958582 0.0922951 0.097652 0.105096 0.112222 0.118323 0.123527 0.12813 0.131808 0.134089 0.134874  5.64623e+06 1.22005e+07 7.43679e+06 3.22019e+06 1.42641e+06 1.04728e+06 769228 315778 145128 78180.9 78810.6 7856.76 18500.9 17432.2 8117.26 16207.4
818720 818720 0.000532867 0.00795543 0.0854603 0.0881129 0.0517547 0.0375399 0.0358965 0.0379424 0.0408863 0.0437404 0.0461995 0.048302 0.0501593 0.051641 0.0525571 0.0528718  3.96276e+06 1.57855e+06 5.47741e+06 2.42762e+06 1.00931e+06 596264 510255 369144 159899 70951.9 37037.2 37649.4 4039.55 9615.31 9464.46 13907.1
429165 429165 0.000923698 0.0137467 0.142839 0.147172 0.087817 0.0640766 0.0613054 0.0647319 0.069656 0.0744204 0.0785221 0.082032 0.085139 0.0876226 0.0891613 0.0896908  5.14198e+06 1.12849e+06 457599 1.51738e+06 707259 317378 190512 159753 111631 46818.6 20403.3 10658.2 11065.8 1234.46 3066.65 7757.52
194588 194588 0.000381169 0.00569752 0.0619963 0.0639278 0.0373186 0.0270075 0.02582 0.0273027 0.0294373 0.0315083 0.0332933 0.034819 0.0361656 0.037239 0.0379021 0.0381298  4.92417e+06 2.83887e+06 1.13944e+06 210947 1.38368e+06 641342 282943 180911 155770 99682 44822.1 19605.8 10349.1 11057.4 1435.79 12225.7
871273 871273 0.00115174 0.0170889 0.172482 0.176369 0.1065 0.0783175 0.0751765 0.0794727 0.0855383 0.0913755 0.0963861 0.100667 0.104453 0.10748 0.109354 0.11  1.61912e+07 3.80652e+06 2.25885e+06 922858 178118 1.3062e+06 619178 267767 168479 142043 89919.3 41398.6 18508.3 10123.2 11282.1 14777.4
766344 766344 0.00103683 0.0154104 0.158092 0.16247 0.097476 0.0713504 0.0683443 0.0721873 0.0776754 0.0829748 0.0875321 0.09143 0.0948803 0.0976386 0.0993479 0.0999362  2.69729e+07 1.22687e+07 1.62228e+06 895265 401914 84282.6 677265 320802 134314 83705.2 70153.2 44785.8 21611.7 10046.3 5709.44 15427.2
1.00457e+06 1.00457e+06 0.00131355 0.0194848 0.195765 0.201426 0.122083 0.0896398 0.0858352 0.0905562 0.0973194 0.103848 0.109463 0.114271 0.118535 0.121949 0.124069 0.1248  3.71548e+06 7.67532e+06 3.51943e+06 401527 231597 117723 25587.6 202192 92333.2 37301 22752.5 19030.9 12386.2 6207.83 3010.18 6601.45
656945 656945 0.00051867 0.00774449 0.0833078 0.0859047 0.0504255 0.036564 0.0349592 0.0369504 0.0398175 0.0425978 0.0449937 0.0470422 0.0488518 0.0502953 0.0511878 0.0514944  1.26317e+07 6.72503e+06 3.42265e+06 3.06688e+06 362715 250423 128898 27465.3 199035 87551.2 35639 21825 18756.2 12592.5 6805.16 11032.7
1.81367e+06 1.81367e+06 0.00104141 0.0154847 0.159387 0.164248 0.0984526 0.0719528 0.0688476 0.0726716 0.078166 0.0834796 0.088053 0.0919677 0.0954355 0.0982094 0.0999291 0.100521  8.83668e+06 9.96848e+06 5.53579e+06 2.45481e+06 2.83183e+06 350640 253000 123785 26764.8 181157 79233.8 32567.7 20415.4 18262.3 12839.9 19124.3
658092 658092 0.000461892 0.0069 0.0745974 0.0769387 0.0450571 0.0326434 0.0312102 0.0329951 0.0355645 0.0380562 0.0402036 0.0420393 0.0436603 0.0449531 0.0457521 0.0460265  3.61448e+06 4.33896e+06 4.38702e+06 2.37313e+06 945919 1.60305e+06 194707 142494 64937.1 14404.1 91868.1 40804.6 17306.5 11308.7 10571 19463.5
457134 457134 0.000816963 0.0121686 0.12757 0.13145 0.0781049 0.0569013 0.0544338 0.0574933 0.0618909 0.066148 0.0698138 0.0729498 0.0757242 0.0779407 0.0793132 0.0797852  1.1644e+07 1.02941e+06 1.25959e+06 1.2342e+06 702541 300263 515730 61365.3 43396.6 19160.3 4176.35 26666.3 12100.7 5337.03 3639.95 10067.8
