 1 -4.79938
 2 -3.93498
 3 -3.31364
 4 -3.35651
 5 -2.95579
 6 -3.40698
 7 -3.14129
 8 -2.4717
 9 -3.67443
 10 -3.16023
 11 -3.06827
 12 -2.72999
 13 -3.67499
 14 -3.00618
 15 -2.59345
 16 -2.49899
 17 -3.3823
 18 -3.07372
 19 -2.78453
 20 -2.98545
 21 -2.65344
 22 -2.26712
 23 -2.27712
 24 -2.02037
 25 -1.89867
 26 -2.44666
 27 -2.22918
 28 -1.96328
 29 -2.10776
 30 -2.17126
 31 -2.29321
 32 -2.11795
 33 -2.86341
 34 -2.17521
 35 -2.38064
 36 -2.11545
 37 -2.2312
 38 -2.72235
 39 -2.53722
 40 -2.10447
 41 -2.72096
 42 -2.29168
 43 -2.02199
 44 -2.0682
 45 -2.99358
 46 -2.01708
 47 -2.7521
 48 -2.37783
 49 -2.93902
 50 -2.24163
 51 -2.18736
 52 -2.21297
 53 -1.95823
 54 -2.07577
 55 -2.21476
 56 -2.12937
 57 -2.41945
 58 -2.34291
 59 -2.40302
 60 -2.4278
 61 -3.37553
 62 -2.50345
 63 -2.36617
 64 -2.39222
 65 -3.27913
 66 -2.65677
 67 -2.54918
 68 -2.88794
 69 -2.51843
 70 -2.70722
 71 -1.98797
 72 -2.29448
 73 -2.27141
 74 -2.31917
 75 -2.07287
 76 -2.3835
 77 -2.16194
 78 -1.90788
 79 -2.06701
 80 -1.78122
 81 -2.29713
 82 -2.1304
 83 -2.33188
 84 -2.17754
 85 -2.35505
 86 -1.91296
 87 -1.81847
 88 -1.97228
 89 -2.88329
 90 -1.8954
 91 -1.95645
 92 -2.08969
 93 -0.153363
 94 -1.92567
 95 -1.92021
 96 -1.75599
 97 -1.21194
 98 -1.92761
 99 -1.82491
 100 -1.61163
 101 -0.937256
 102 -2.28036
 103 -2.24521
 104 -1.6044
 105 -1.33801
 106 -2.36877
 107 -1.79841
 108 -1.54574
 109 -1.60683
 110 -1.91536
 111 -1.46838
 112 -1.67279
 113 -1.2877
 114 -1.92285
 115 -1.92387
 116 -1.32063
 117 -1.57586
 118 -1.86832
 119 -1.93534
 120 -2.09221
 121 -1.19786
 122 -2.05786
 123 -1.85409
 124 -1.91109
 125 -0.564816
 126 -1.46549
 127 -1.54577
 128 -1.20936
 129 -1.31008
 130 -2.06854
 131 -1.51481
 132 -1.77793
 133 -1.43546
 134 -1.87444
 135 -1.97545
 136 -1.70451
 137 -1.64125
 138 -2.2334
 139 -1.7797
 140 -1.48553
 141 -2.05175
 142 -2.22732
 143 -1.46273
 144 -1.33823
 145 -1.41128
 146 -1.8954
 147 -1.63644
 148 -0.999339
 149 -1.36417
 150 -1.82927
 151 -1.37717
 152 -0.822104
 153 -1.39502
 154 -1.68182
 155 -1.58067
 156 -0.754088
 157 -1.98077
 158 -1.75892
 159 -1.8722
 160 -1.52898
 161 -1.74652
 162 -1.89114
 163 -1.78163
 164 -1.34838
 165 -1.62068
 166 -1.47966
 167 -1.30404
 168 -1.69025
 169 -2.00257
 170 -1.84737
 171 -1.57441
 172 -1.25299
 173 -1.6408
 174 -1.52739
 175 -1.89004
 176 -1.49977
 177 -1.70752
 178 -2.37571
 179 -1.93852
 180 -2.08816
 181 -1.97591
 182 -2.02103
 183 -1.86735
 184 -2.0597
 185 -2.61163
 186 -2.10523
 187 -2.1665
 188 -2.09268
 189 -3.28063
 190 -2.53998
 191 -2.216
 192 -2.14996
 193 -2.41535
 194 -2.08087
 195 -1.59204
 196 -1.47785
 197 -1.92024
 198 -2.12957
 199 -1.85578
 200 -0.543795
