 1 -4.312
 2 -4.30946
 3 -4.29344
 4 -4.2666
 5 -4.28016
 6 -4.3957
 7 -4.4114
 8 -4.33807
 9 -4.21049
 10 -4.2916
 11 -4.29195
 12 -4.3013
 13 -4.21028
 14 -4.3295
 15 -4.34795
 16 -4.19417
 17 -4.39153
 18 -4.51766
 19 -4.58778
 20 -4.59653
 21 -4.48119
 22 -4.44561
 23 -4.44639
 24 -4.35488
 25 -4.59519
 26 -4.66369
 27 -4.60954
 28 -4.57545
 29 -4.04244
 30 -4.13683
 31 -4.27197
 32 -4.37163
 33 -4.35407
 34 -4.40404
 35 -4.34752
 36 -4.29015
 37 -3.91993
 38 -4.14568
 39 -4.15971
 40 -4.00247
 41 -4.21154
 42 -4.09492
 43 -4.00336
 44 -4.12678
 45 -4.10794
 46 -3.99586
 47 -4.03703
 48 -4.13883
 49 -4.10731
 50 -4.02182
 51 -4.0595
 52 -4.26331
 53 -4.25797
 54 -4.24663
 55 -3.88536
 56 -3.65563
 57 -3.34118
 58 -3.69871
 59 -3.80727
 60 -4.10555
 61 -3.89689
 62 -3.6324
 63 -3.35487
 64 -3.55407
