 1 -5.19271
 2 -4.64982
 3 -4.66414
 4 -4.70701
 5 -5.69106
 6 -4.42866
 7 -3.95035
 8 -4.3791
 9 -4.047
 10 -4.00957
 11 -4.17299
 12 -4.38099
 13 -3.99792
 14 -2.86623
 15 -3.64925
 16 -3.76236
 17 -4.28874
 18 -4.01892
 19 -5.15497
 20 -4.15845
 21 -4.22776
 22 -3.74673
 23 -3.45651
 24 -3.5097
 25 -3.69139
 26 -4.11676
 27 -4.13812
 28 -3.12885
 29 -3.78576
 30 -4.27494
 31 -3.85432
 32 -3.4463
 33 -3.88481
 34 -4.06852
 35 -4.69523
 36 -3.63582
 37 -3.77086
 38 -4.26045
 39 -3.88926
 40 -3.85022
 41 -3.9971
 42 -4.29896
 43 -3.67855
 44 -3.53182
 45 -4.40756
 46 -3.81751
 47 -3.81308
 48 -4.04408
 49 -4.22939
 50 -4.63666
 51 -4.04539
 52 -3.39912
 53 -3.34364
 54 -3.4516
 55 -3.70694
 56 -3.91022
 57 -4.12531
 58 -4.18367
 59 -3.81341
 60 -3.9298
 61 -3.64758
 62 -4.19215
 63 -3.64361
 64 -3.56822
 65 -4.01078
 66 -4.31843
 67 -4.17009
 68 -4.19646
 69 -3.83061
 70 -3.92192
 71 -3.62922
 72 -3.66268
 73 -3.73584
 74 -3.88108
 75 -3.84391
 76 -3.70993
 77 -3.85984
 78 -3.74712
 79 -3.79468
 80 -4.10043
 81 -3.6382
 82 -3.80391
 83 -3.54429
 84 -3.72011
 85 -3.65835
 86 -3.88123
 87 -3.7061
 88 -3.96579
 89 -3.96812
 90 -4.29217
 91 -4.247
 92 -3.83911
 93 -3.79612
 94 -4.01707
 95 -3.73042
 96 -3.98449
 97 -3.61054
 98 -3.70139
 99 -3.28127
 100 -3.23874
 101 -3.40477
 102 -3.48657
 103 -3.63536
 104 -4.14188
 105 -3.84029
 106 -3.14306
 107 -3.60036
 108 -3.74613
 109 -3.54208
 110 -3.78972
 111 -3.86625
 112 -4.06032
 113 -3.96328
 114 -3.51462
 115 -3.56217
 116 -3.59123
 117 -3.365
 118 -3.08324
 119 -3.44466
 120 -3.35232
 121 -3.76884
 122 -3.93031
 123 -3.9934
 124 -3.30049
 125 -3.71477
 126 -3.52178
 127 -3.4641
 128 -3.54378
 129 -3.40548
 130 -3.50288
 131 -3.86837
 132 -3.74098
 133 -3.77837
 134 -3.61843
 135 -3.80761
 136 -3.62668
 137 -3.96231
 138 -4.24035
 139 -3.8974
 140 -3.81273
 141 -3.79257
 142 -3.49981
 143 -3.57334
 144 -3.97944
 145 -3.95066
 146 -3.7495
 147 -3.61409
 148 -3.29535
 149 -3.62056
 150 -3.37194
 151 -3.28018
 152 -3.36904
 153 -3.39851
 154 -3.66042
 155 -3.45767
 156 -3.65686
 157 -3.52197
 158 -3.57694
 159 -3.25454
 160 -3.71707
 161 -3.90648
 162 -2.8932
 163 -3.32632
 164 -3.18808
 165 -3.19212
 166 -3.64277
 167 -3.49459
 168 -3.13178
