 1 -4.18496
 2 -3.68962
 3 -3.80328
 4 -4.00872
 5 -3.93217
 6 -3.55572
 7 -3.62764
 8 -3.90633
 9 -3.80377
 10 -3.66508
 11 -3.93485
 12 -4.17043
 13 -3.82794
 14 -5.0622
 15 -4.83249
 16 -4.64265
 17 -4.35743
 18 -3.74484
 19 -4.12115
 20 -4.19171
 21 -4.1034
 22 -4.4773
 23 -4.46924
 24 -4.57895
 25 -4.02222
 26 -4.56675
 27 -4.99937
 28 -4.72632
 29 -4.60571
 30 -4.40933
 31 -4.74781
 32 -4.5785
 33 -4.43743
 34 -4.02878
 35 -4.02236
 36 -3.86585
 37 -4.00933
 38 -3.87356
 39 -4.6603
 40 -4.92938
 41 -4.57361
 42 -4.41437
 43 -4.29721
 44 -4.70841
 45 -4.98535
 46 -4.67655
 47 -4.55112
 48 -4.04272
 49 -3.96617
 50 -3.98157
 51 -4.32241
 52 -3.89447
 53 -3.88991
 54 -3.69207
 55 -3.55604
 56 -3.56887
 57 -3.66737
 58 -3.85649
 59 -3.92385
 60 -3.6892
 61 -3.93059
 62 -4.18934
 63 -4.03992
 64 -4.0112
 65 -3.95087
 66 -3.7014
 67 -3.79754
 68 -4.09777
 69 -3.97835
 70 -3.95986
 71 -4.32087
 72 -4.499
 73 -4.23386
 74 -4.05277
 75 -4.32834
 76 -4.69565
 77 -4.93284
 78 -4.48599
 79 -4.16129
 80 -3.60505
 81 -3.83456
 82 -4.15555
 83 -4.46711
 84 -4.57914
 85 -4.26073
 86 -3.78837
 87 -4.145
