 1 -7.26312
 2 -7.23007
 3 -6.68863
 4 -7.68618
 5 -7.24606
 6 -7.95703
 7 -7.11098
 8 -6.61804
 9 -7.08455
 10 -6.59219
 11 -4.68909
 12 -7.61908
 13 -6.79534
 14 -6.54527
 15 -6.5572
 16 -6.00205
 17 -7.77711
 18 -6.74482
 19 -6.33123
 20 -6.46696
 21 -6.29829
 22 -5.79357
 23 -7.32975
 24 -7.53753
 25 -7.62424
 26 -7.5837
 27 -8.00256
 28 -7.03234
 29 -6.89736
 30 -6.41791
 31 -6.72284
 32 -6.8426
 33 -6.60107
 34 -6.5315
 35 -7.25132
 36 -6.81873
 37 -6.41326
 38 -6.31331
 39 -6.78882
 40 -6.84089
 41 -6.89839
 42 -6.50848
 43 -7.28305
 44 -5.85273
 45 -7.77531
 46 -5.96389
 47 -6.68085
 48 -7.5288
 49 -6.48156
 50 -6.05275
 51 -5.9224
 52 -7.0213
 53 -6.15461
 54 -6.55419
 55 -7.21085
 56 -6.48117
 57 -7.24589
 58 -7.42354
 59 -7.20581
 60 -8.16987
 61 -6.63094
 62 -6.57569
 63 -5.89111
 64 -6.38463
 65 -6.56929
 66 -5.25609
 67 -5.29411
 68 -6.23869
 69 -5.81599
 70 -6.49012
 71 -7.50547
 72 -6.31777
 73 -5.88089
 74 -6.69708
 75 -5.82274
 76 -6.1213
 77 -6.81782
 78 -5.87377
 79 -6.14119
 80 -5.66296
 81 -5.58516
 82 -5.89582
 83 -6.16989
 84 -6.08068
 85 -5.47648
 86 -7.01228
 87 -5.74819
 88 -6.42243
 89 -6.16705
 90 -5.94859
 91 -6.08298
 92 -5.47296
 93 -6.20255
 94 -6.10333
 95 -6.48365
 96 -6.21501
 97 -5.71028
 98 -5.14585
 99 -6.41539
 100 -6.81504
 101 -6.60735
 102 -7.11186
 103 -6.88896
 104 -4.9478
 105 -6.52695
 106 -6.55426
 107 -6.4344
 108 -6.15477
 109 -5.91069
 110 -7.13799
 111 -5.46554
 112 -5.96711
 113 -6.39593
 114 -6.83962
 115 -6.24388
 116 -6.17873
 117 -6.11756
 118 -6.92074
 119 -6.93424
 120 -6.40238
 121 -6.02388
 122 -6.65485
 123 -6.66671
 124 -7.14621
 125 -6.33539
 126 -6.36474
 127 -7.18356
 128 -7.67209
 129 -6.4405
 130 -7.23069
 131 -7.22518
 132 -6.71531
 133 -6.01468
 134 -6.47001
 135 -7.2282
 136 -6.20687
 137 -5.82444
 138 -6.02279
 139 -6.39299
 140 -6.99911
 141 -5.82122
 142 -6.17019
 143 -6.98792
 144 -5.48828
 145 -6.19317
 146 -6.19347
 147 -6.92943
 148 -5.76757
 149 -6.19258
