 1 -5.23427
 2 -4.9012
 3 -5.12836
 4 -4.95456
 5 -5.59892
 6 -4.92347
 7 -4.50631
 8 -4.33957
 9 -4.0119
 10 -4.24184
 11 -4.48811
 12 -4.54021
 13 -4.74342
 14 -4.51044
 15 -4.58907
 16 -5.0864
 17 -5.12277
 18 -4.59581
 19 -4.63674
 20 -4.701
 21 -5.4382
 22 -5.0088
 23 -4.66151
 24 -5.18024
 25 -5.34168
 26 -4.90054
 27 -4.6003
 28 -4.50633
 29 -4.7562
 30 -4.64248
 31 -4.74675
 32 -4.75371
 33 -5.15072
 34 -4.93489
 35 -4.41562
 36 -4.25589
 37 -4.76801
 38 -4.635
 39 -4.4781
 40 -4.44925
 41 -4.82721
 42 -4.81321
 43 -4.9059
 44 -4.76928
 45 -5.19138
 46 -4.97984
 47 -4.88169
 48 -4.36818
 49 -4.33745
 50 -4.36136
 51 -4.64145
 52 -4.73338
 53 -5.06696
 54 -4.95583
 55 -4.76045
 56 -4.50601
 57 -4.50862
 58 -4.79118
 59 -4.70435
 60 -4.42461
 61 -4.83428
 62 -4.87944
 63 -5.19846
 64 -5.7293
 65 -5.39493
 66 -5.52012
 67 -5.0761
 68 -5.10338
 69 -5.08301
 70 -4.7243
 71 -4.24253
 72 -4.78698
 73 -5.33089
 74 -5.09168
 75 -4.92095
 76 -5.22541
 77 -4.66706
 78 -4.34096
 79 -4.01926
 80 -3.87465
 81 -5.17181
 82 -4.33131
 83 -3.86514
 84 -4.8671
 85 -5.15119
 86 -4.63683
 87 -4.78495
 88 -5.53933
 89 -4.75517
 90 -4.68164
 91 -4.97824
 92 -5.30595
 93 -4.93987
 94 -4.57639
 95 -4.61638
 96 -4.90136
 97 -6.07684
 98 -5.21729
 99 -4.64426
 100 -4.81761
 101 -4.86977
 102 -4.40991
 103 -4.45778
 104 -4.28612
 105 -5.17128
 106 -4.68472
 107 -4.85155
 108 -4.70725
 109 -4.9464
 110 -4.57482
 111 -4.78414
 112 -5.36912
 113 -5.41206
 114 -5.22147
 115 -3.80746
 116 -4.10694
 117 -3.31672
 118 -4.87263
 119 -4.9314
 120 -4.70174
 121 -4.75917
 122 -4.87677
 123 -4.50789
 124 -4.29831
 125 -4.52885
 126 -4.7588
 127 -4.75547
 128 -4.79673
 129 -4.35463
 130 -4.7971
 131 -5.37937
 132 -5.24727
 133 -5.10093
 134 -5.06092
 135 -5.99085
 136 -4.80615
 137 -4.57421
 138 -4.67225
 139 -5.95428
 140 -5.34349
 141 -5.14488
 142 -5.3492
 143 -6.20857
 144 -5.43714
 145 -5.08089
 146 -5.14486
 147 -3.93956
 148 -5.13319
 149 -4.87561
 150 -4.48319
 151 -5.11612
 152 -5.68408
 153 -4.48551
 154 -4.21556
 155 -4.28632
 156 -5.1389
 157 -4.74142
 158 -4.53263
 159 -5.04393
 160 -5.01454
 161 -5.03358
 162 -5.04804
 163 -3.98795
 164 -5.92082
 165 -5.08791
 166 -5.65093
 167 -6.11498
 168 -5.30226
 169 -4.61531
 170 -5.25573
 171 -6.12017
 172 -5.66317
 173 -4.84945
 174 -5.76333
 175 -6.32835
 176 -5.59539
 177 -4.91542
 178 -5.26648
 179 -5.90894
 180 -4.64287
 181 -4.57358
 182 -5.18371
 183 -5.26782
 184 -4.84802
 185 -4.59335
