 1 -3.0176
 2 -2.94726
 3 -2.90515
 4 -3.14279
 5 -2.66976
 6 -2.60182
 7 -2.71517
 8 -2.73208
 9 -2.52936
 10 -2.50074
 11 -3.21046
 12 -2.86872
 13 -3.34445
 14 -3.54533
 15 -3.10065
 16 -3.29706
 17 -4.20319
 18 -4.05561
 19 -4.34969
 20 -4.72823
 21 -3.98602
 22 -3.84429
 23 -5.85379
 24 -4.1169
 25 -4.01357
 26 -7.49853
 27 -8.54366
 28 -5.44652
 29 -3.31035
 30 -4.133
 31 -5.90748
 32 -5.05532
 33 -3.23087
 34 -2.97447
 35 -3.12411
 36 -3.27887
 37 -3.73868
 38 -3.54056
 39 -3.62022
 40 -3.66932
 41 -3.98916
 42 -3.73558
 43 -4.02734
 44 -4.2128
 45 -4.04641
 46 -3.59206
 47 -3.49607
 48 -3.50478
 49 -3.51538
 50 -3.15078
 51 -3.20939
 52 -3.51651
 53 -3.6974
 54 -2.8937
 55 -2.64366
 56 -3.32281
 57 -2.8257
 58 -2.73732
 59 -2.48516
 60 -3.08475
 61 -2.89141
 62 -2.45085
 63 -2.38014
 64 -2.90105
 65 -2.68053
 66 -2.65143
 67 -3.10509
 68 -2.8598
 69 -2.78747
 70 -2.76769
 71 -3.46895
 72 -4.36616
 73 -4.93623
 74 -4.09546
 75 -3.77733
 76 -3.5273
 77 -4.04433
 78 -4.20776
 79 -3.56608
 80 -4.01467
 81 -3.5405
 82 -2.45475
 83 -2.56105
 84 -2.86764
 85 -3.62154
 86 -3.28068
 87 -3.90615
 88 -3.60602
 89 -3.94178
 90 -3.36981
 91 -3.45416
 92 -3.31691
 93 -3.34585
 94 -3.37329
 95 -3.14265
 96 -3.11859
 97 -3.40172
 98 -2.83578
 99 -2.77881
 100 -3.47595
 101 -3.51814
 102 -3.38754
 103 -2.97586
 104 -4.04038
 105 -3.47897
 106 -2.70518
 107 -4.34067
 108 -3.13301
 109 -3.12566
 110 -4.11357
 111 -3.76008
 112 -4.80842
 113 -3.31378
 114 -3.21591
 115 -3.27378
 116 -4.57487
 117 -3.54011
 118 -3.38774
 119 -4.03468
 120 -3.6085
 121 -3.76492
 122 -3.55303
 123 -3.67782
 124 -3.94122
 125 -3.31284
 126 -3.1313
 127 -2.74589
 128 -3.73647
 129 -4.16008
 130 -4.09368
 131 -5.34754
 132 -3.88135
 133 -4.03384
 134 -3.53039
 135 -2.5316
 136 -4.41874
 137 -3.9995
 138 -3.43296
 139 -3.60705
 140 -3.75553
 141 -3.57712
 142 -4.23753
 143 -3.74882
 144 -3.82435
 145 -3.88797
 146 -3.66901
 147 -4.56349
 148 -4.96342
 149 -4.09841
 150 -3.52193
 151 -3.94422
 152 -4.52061
 153 -3.97735
 154 -3.38176
 155 -3.18458
 156 -4.36412
 157 -4.16763
 158 -4.07529
 159 -5.56925
 160 -3.96977
 161 -4.00071
 162 -3.27182
 163 -3.60134
 164 -3.91199
 165 -3.92983
 166 -3.4413
 167 -4.62434
 168 -3.93428
 169 -3.90327
 170 -3.47372
 171 -3.8274
 172 -3.47183
 173 -3.66153
 174 -3.53871
 175 -3.65827
 176 -3.8223
 177 -3.8249
 178 -3.37159
 179 -3.38487
 180 -3.87501
 181 -3.82586
 182 -3.44949
 183 -3.44176
 184 -3.70215
 185 -3.48975
 186 -2.99679
 187 -2.99609
 188 -3.37136
 189 -3.64861
 190 -3.49619
 191 -3.31451
 192 -4.86177
 193 -3.38163
 194 -3.19207
 195 -3.04039
 196 -3.22735
 197 -3.50441
 198 -3.30906
 199 -3.08001
 200 -3.19704
