 1 -6.25172
 2 -6.60772
 3 -6.2711
 4 -7.02032
 5 -6.43658
 6 -6.41775
 7 -7.16282
 8 -6.94606
 9 -6.44426
 10 -6.77135
 11 -6.38416
 12 -6.371
 13 -6.37205
 14 -5.60408
 15 -5.86231
 16 -6.23822
 17 -6.32527
 18 -6.1754
 19 -5.66075
 20 -6.11423
 21 -6.30361
 22 -6.15695
 23 -5.69097
 24 -6.20474
 25 -6.18753
 26 -6.69692
 27 -5.44235
 28 -5.6502
 29 -5.60978
 30 -5.96525
 31 -6.13995
 32 -6.24254
 33 -6.38392
 34 -6.947
 35 -6.27473
 36 -6.92772
 37 -7.03241
 38 -5.8148
 39 -5.98747
 40 -5.95688
 41 -6.68421
 42 -6.11978
 43 -6.31461
 44 -7.14756
 45 -6.49882
 46 -5.91785
 47 -6.05083
 48 -6.10814
 49 -6.05285
 50 -5.66363
 51 -5.8136
 52 -5.87511
 53 -5.68178
 54 -4.98124
 55 -5.45343
 56 -5.59591
 57 -6.2853
 58 -4.91959
 59 -5.55991
 60 -5.65345
 61 -5.93733
 62 -6.46695
 63 -6.16899
 64 -6.03004
 65 -6.56603
 66 -6.71928
 67 -6.98929
 68 -5.57892
 69 -5.73986
 70 -5.66821
 71 -6.10002
 72 -6.3618
 73 -5.9844
 74 -5.59904
 75 -4.91415
 76 -4.69456
 77 -5.43735
 78 -5.32032
 79 -5.82461
 80 -6.16075
 81 -6.07539
 82 -5.72098
 83 -5.93081
 84 -6.06172
 85 -6.88368
 86 -5.69471
 87 -6.00499
 88 -6.14306
 89 -6.20286
 90 -5.44416
 91 -5.21973
 92 -6.1732
 93 -6.15639
 94 -5.80651
 95 -6.23466
 96 -6.24253
 97 -6.31973
 98 -5.40498
 99 -7.57057
 100 -7.73995
 101 -6.22968
 102 -5.95838
 103 -6.44891
 104 -6.31437
 105 -6.45004
 106 -6.59222
 107 -6.57931
 108 -6.77574
 109 -7.22668
 110 -7.96175
 111 -7.16043
 112 -6.65812
 113 -6.80347
 114 -7.61347
 115 -5.84089
 116 -5.9528
 117 -6.64147
 118 -6.89185
 119 -5.95509
 120 -6.06586
 121 -6.21812
 122 -6.58041
 123 -6.29987
 124 -7.10555
 125 -7.80563
 126 -7.37582
 127 -5.91037
 128 -5.86677
 129 -6.73756
 130 -6.12164
 131 -5.9928
 132 -6.95382
 133 -6.95407
 134 -6.86997
 135 -6.07693
 136 -6.04317
 137 -6.19482
 138 -6.93029
 139 -6.13137
 140 -7.31243
 141 -5.30526
 142 -6.71671
 143 -5.34886
 144 -6.9333
 145 -5.58967
 146 -5.79829
 147 -5.7763
 148 -4.87814
 149 -5.7182
 150 -5.50295
 151 -6.71445
 152 -5.80959
 153 -5.95653
 154 -5.91959
 155 -6.04054
 156 -5.51639
 157 -6.31697
 158 -4.9524
 159 -5.75151
 160 -4.6347
 161 -5.61415
 162 -6.00327
 163 -5.67689
 164 -5.37757
 165 -6.83768
 166 -6.96335
 167 -6.04163
 168 -6.25982
