 1 -3.32952
 2 -3.35917
 3 -3.3903
 4 -3.35708
 5 -3.28778
 6 -3.38843
 7 -3.41968
 8 -3.31478
 9 -3.18245
 10 -3.28473
 11 -3.36639
 12 -3.29922
 13 -3.18327
 14 -3.30148
 15 -3.30318
 16 -3.15363
 17 -2.92228
 18 -2.99923
 19 -3.09256
 20 -3.05363
 21 -2.8711
 22 -2.93644
 23 -2.94905
 24 -2.90259
 25 -2.85172
 26 -2.89578
 27 -2.84378
 28 -2.78247
 29 -2.74854
 30 -2.89033
 31 -3.05303
 32 -3.09052
 33 -3.00596
 34 -3.06111
 35 -3.08069
 36 -3.00157
 37 -2.85411
 38 -3.01795
 39 -3.01499
 40 -2.80787
 41 -2.56023
 42 -2.74745
 43 -2.80961
 44 -2.72504
 45 -2.79841
 46 -2.76057
 47 -2.77562
 48 -2.79421
 49 -2.84558
 50 -2.90596
 51 -3.05394
 52 -3.00972
 53 -2.6612
 54 -2.7272
 55 -2.85227
 56 -2.9714
 57 -2.83422
 58 -2.80298
 59 -2.54329
 60 -2.208
 61 -2.13696
 62 -2.45191
 63 -2.51268
 64 -2.70439
 65 -2.35122
 66 -2.23689
 67 -2.10673
 68 -2.22325
