 1 -5.89327
 2 -3.5228
 3 -4.76382
 4 -4.29489
 5 -3.70679
 6 -4.30082
 7 -3.46002
 8 -4.59262
 9 -3.78736
 10 -5.54545
 11 -5.41948
 12 -3.26019
 13 -4.60153
 14 -4.36839
 15 -3.71436
 16 -3.94602
 17 -3.89288
 18 -4.70113
 19 -3.23478
 20 -4.1005
 21 -4.12116
 22 -3.79005
 23 -3.63239
 24 -3.85879
 25 -4.06601
 26 -3.66122
 27 -3.65857
 28 -3.83238
 29 -4.16137
 30 -4.00386
 31 -3.73173
 32 -3.62907
 33 -3.93499
 34 -3.89128
 35 -3.97066
 36 -3.89258
 37 -3.82062
 38 -3.73901
 39 -3.35426
 40 -3.55423
 41 -3.8618
 42 -3.7159
 43 -3.41184
 44 -3.48628
 45 -3.72055
 46 -3.57815
 47 -3.37412
 48 -3.54564
 49 -3.4495
 50 -4.06145
 51 -3.72132
 52 -3.79789
 53 -3.94676
 54 -4.18069
 55 -3.64039
 56 -3.40521
 57 -3.67061
 58 -3.51886
 59 -3.30459
 60 -3.34635
 61 -3.61138
 62 -2.95353
 63 -3.31847
 64 -3.42961
 65 -3.16864
 66 -3.22817
 67 -3.18995
 68 -3.31111
 69 -3.28028
 70 -3.41363
 71 -3.70671
 72 -3.33966
 73 -3.4882
 74 -3.15105
 75 -3.21247
 76 -3.37234
 77 -3.15196
 78 -3.22243
 79 -2.96743
 80 -3.35425
 81 -3.21652
 82 -3.09535
 83 -2.69899
 84 -2.97884
 85 -3.43995
 86 -3.20889
 87 -3.2335
 88 -3.65962
 89 -3.38086
 90 -3.23921
 91 -3.43315
 92 -3.41148
 93 -4.214
 94 -3.77424
 95 -3.05287
 96 -3.04014
 97 -3.57735
 98 -3.40339
 99 -3.52349
 100 -3.2265
 101 -3.43959
 102 -3.28068
 103 -2.99487
 104 -2.98701
 105 -3.64274
 106 -3.13021
 107 -3.02257
 108 -3.21607
 109 -3.16883
 110 -3.24009
 111 -3.23366
 112 -2.92024
 113 -3.01244
 114 -2.9039
 115 -3.03638
 116 -3.09762
 117 -2.90956
 118 -2.86028
 119 -2.82055
 120 -3.36755
 121 -3.37406
 122 -3.12551
 123 -2.98941
 124 -3.22365
 125 -3.18787
 126 -3.21822
 127 -3.09278
 128 -3.12024
 129 -3.57007
 130 -3.26323
 131 -3.43637
 132 -3.33164
 133 -3.33234
 134 -3.24783
 135 -3.32176
 136 -3.46749
 137 -3.4079
 138 -3.05609
 139 -3.00977
 140 -3.17747
 141 -3.18821
 142 -3.44125
 143 -3.5182
 144 -3.22808
 145 -3.19117
 146 -3.39658
 147 -3.21701
 148 -3.40645
 149 -3.6253
 150 -3.07087
 151 -2.97979
 152 -3.26863
 153 -3.55922
 154 -3.33855
 155 -3.14296
 156 -3.1885
 157 -3.36316
 158 -3.24408
 159 -3.36902
 160 -3.34233
 161 -3.38986
 162 -3.26795
 163 -3.20803
 164 -3.7735
 165 -3.25738
 166 -3.3975
 167 -3.24608
 168 -3.37369
 169 -3.1147
 170 -3.17854
 171 -3.2638
 172 -3.31434
 173 -3.09394
 174 -3.13784
 175 -3.12107
 176 -2.85816
 177 -3.19363
 178 -3.29469
 179 -3.05027
 180 -3.14302
 181 -3.09969
 182 -2.79907
 183 -2.79014
 184 -2.75092
 185 -2.62987
 186 -2.69432
 187 -2.88764
 188 -2.65675
 189 -3.03509
