 1 -4.34666
 2 -4.15974
 3 -4.39149
 4 -4.56268
 5 -4.62704
 6 -4.79576
 7 -4.41806
 8 -4.66233
 9 -5.25425
 10 -4.74367
 11 -4.78907
 12 -5.49165
 13 -4.68135
 14 -5.14712
 15 -4.88981
 16 -4.21948
 17 -5.63776
 18 -5.13432
 19 -4.43575
 20 -4.6844
 21 -5.06733
 22 -5.04849
 23 -4.50116
 24 -4.92033
 25 -5.2729
 26 -4.83291
 27 -6.31517
 28 -5.16394
 29 -4.05871
 30 -4.47695
 31 -4.28894
 32 -3.858
 33 -3.88897
 34 -4.50312
 35 -4.88548
 36 -5.11142
 37 -4.59468
 38 -4.28787
 39 -4.21639
 40 -4.0158
 41 -3.97378
 42 -4.3387
 43 -3.95689
 44 -3.94404
 45 -3.71585
 46 -4.15011
 47 -3.7944
 48 -4.00084
 49 -5.10026
 50 -4.64938
 51 -4.27329
 52 -4.5914
 53 -4.36359
 54 -4.44269
 55 -4.51344
 56 -4.53812
 57 -4.41691
 58 -4.64012
 59 -4.00497
 60 -4.37134
 61 -4.48822
 62 -4.50893
 63 -4.40348
 64 -4.12795
 65 -4.08679
 66 -4.08119
 67 -4.09966
 68 -4.17904
 69 -4.2252
 70 -4.03973
 71 -4.50054
 72 -4.42683
 73 -4.39328
 74 -4.58665
 75 -4.47002
 76 -4.52597
 77 -4.14627
 78 -4.35732
 79 -4.4283
 80 -4.22462
 81 -4.34471
 82 -4.34853
 83 -4.23615
 84 -4.14242
 85 -3.88655
 86 -4.03781
 87 -3.93334
 88 -4.03074
 89 -4.23739
 90 -4.11809
 91 -4.15816
 92 -4.08598
 93 -3.90284
 94 -3.92447
 95 -4.25402
 96 -5.01888
 97 -4.15013
 98 -4.01286
 99 -4.26423
 100 -4.36207
 101 -4.17902
 102 -4.15622
 103 -3.90942
 104 -4.36879
 105 -4.22377
 106 -4.27512
 107 -4.19724
 108 -4.09032
 109 -3.87764
 110 -4.35451
 111 -4.22338
 112 -3.86802
 113 -3.83039
 114 -3.91319
 115 -3.99569
 116 -4.10853
 117 -3.9933
 118 -4.14999
 119 -3.86812
 120 -3.54421
 121 -3.93894
 122 -4.03065
 123 -3.98
 124 -3.72583
 125 -3.92526
 126 -3.99086
 127 -4.03938
 128 -3.74473
 129 -3.95652
 130 -3.91492
 131 -3.96686
 132 -3.69097
 133 -4.07923
 134 -4.05135
 135 -3.48485
 136 -3.32268
 137 -3.66528
 138 -3.74379
 139 -3.43777
 140 -3.48137
 141 -3.76417
