 1 -2.82302
 2 -4.11559
 3 -4.07075
 4 -3.84105
 5 -3.86654
 6 -4.27557
 7 -4.55522
 8 -3.96599
 9 -3.33944
 10 -3.40032
 11 -3.90327
 12 -3.43947
 13 -3.67866
 14 -3.83324
 15 -3.54576
 16 -3.24416
 17 -3.82813
 18 -3.91712
 19 -3.43504
 20 -3.71072
 21 -3.90491
 22 -3.77619
 23 -3.46237
 24 -3.49406
 25 -3.41343
 26 -3.87072
 27 -3.79338
 28 -4.04594
 29 -3.53736
 30 -3.56483
 31 -3.53372
 32 -3.39882
 33 -3.87464
 34 -3.83258
 35 -3.6816
 36 -3.37256
 37 -3.42482
 38 -3.55731
 39 -3.36853
 40 -3.07425
 41 -3.40692
 42 -3.39812
 43 -3.49232
 44 -3.97537
 45 -3.77281
 46 -3.55036
 47 -3.31982
 48 -3.4289
 49 -3.60531
 50 -3.42671
 51 -3.07953
 52 -3.58057
 53 -3.90254
 54 -3.09957
 55 -3.57175
 56 -3.85701
 57 -3.28978
 58 -3.42261
 59 -3.44215
 60 -3.28351
 61 -2.7846
 62 -2.96778
 63 -2.82554
 64 -2.87823
 65 -3.21824
 66 -3.30603
 67 -3.37684
 68 -3.33375
 69 -3.25563
 70 -3.18161
 71 -3.36579
 72 -3.58026
 73 -3.4841
 74 -3.80234
 75 -3.35189
 76 -3.13363
 77 -3.29545
 78 -3.31954
 79 -3.1865
 80 -2.97478
 81 -2.90892
 82 -2.98497
 83 -3.05074
 84 -3.1843
 85 -2.95842
 86 -3.15346
 87 -3.10016
 88 -2.87993
 89 -2.84696
 90 -2.95517
 91 -3.05118
 92 -3.12695
 93 -3.00409
 94 -3.2705
 95 -3.21672
 96 -2.89919
 97 -3.02475
 98 -3.05655
 99 -3.15473
 100 -3.12647
 101 -2.99163
 102 -2.91093
 103 -3.05664
 104 -3.06777
 105 -3.25903
 106 -3.11153
 107 -3.34757
 108 -2.74927
 109 -3.08499
 110 -2.91947
 111 -2.85983
 112 -2.97954
 113 -2.81129
 114 -3.12433
 115 -3.54768
 116 -3.25985
 117 -3.00741
 118 -3.02107
 119 -3.1552
 120 -2.77054
 121 -2.9979
 122 -3.09849
 123 -3.25043
 124 -2.84582
 125 -3.13421
 126 -3.23846
 127 -3.99847
 128 -3.17278
 129 -3.13735
 130 -2.64118
 131 -3.14181
 132 -2.90509
 133 -3.03911
 134 -2.9206
 135 -2.67653
 136 -2.71684
 137 -2.93798
 138 -3.00798
 139 -3.00263
 140 -2.87218
 141 -2.79621
 142 -3.01993
 143 -3.69027
 144 -2.9011
 145 -2.98263
 146 -2.47117
 147 -2.47367
 148 -2.62571
 149 -2.6661
 150 -2.65637
 151 -2.55955
 152 -2.60163
