 1 -4.66259
 2 -4.74115
 3 -5.1034
 4 -5.16817
 5 -5.27592
 6 -5.16106
 7 -4.99231
 8 -4.66163
 9 -4.74653
 10 -4.44928
 11 -4.84055
 12 -4.98516
 13 -5.1098
 14 -5.31432
 15 -5.06393
 16 -4.97634
 17 -4.70547
 18 -4.55644
 19 -4.79429
 20 -4.75953
 21 -4.99384
 22 -4.77358
 23 -5.119
 24 -4.71453
 25 -4.87836
 26 -4.90876
 27 -4.90202
 28 -4.63834
 29 -5.11561
 30 -5.02221
 31 -5.68079
 32 -4.94429
 33 -5.5866
 34 -5.33929
 35 -5.08896
 36 -4.88422
 37 -5.12402
 38 -5.20455
 39 -4.74023
 40 -4.83992
 41 -5.14433
 42 -5.06771
 43 -5.31053
 44 -5.13425
 45 -5.02054
 46 -5.52225
 47 -5.02603
 48 -4.87824
 49 -4.73467
 50 -5.00607
 51 -5.1032
 52 -4.87214
 53 -5.18762
 54 -5.3004
 55 -5.13479
 56 -4.74543
 57 -4.72003
 58 -4.91765
 59 -4.95594
 60 -4.99471
 61 -5.27993
 62 -5.67585
 63 -5.78923
 64 -5.79212
 65 -5.14947
 66 -4.71395
 67 -4.81233
 68 -4.26304
 69 -3.90942
 70 -4.16272
 71 -4.60687
 72 -4.82969
 73 -4.77356
 74 -6.35319
 75 -5.61415
 76 -4.96962
 77 -4.74136
 78 -5.57607
 79 -5.06827
 80 -5.37974
 81 -5.90391
 82 -6.75204
 83 -6.02947
 84 -4.53845
 85 -4.90112
 86 -4.69555
 87 -6.29363
 88 -5.43791
 89 -4.66225
 90 -5.52745
 91 -6.92571
 92 -4.83631
 93 -4.63038
 94 -4.81764
 95 -5.62338
 96 -5.10135
 97 -5.41567
 98 -6.86291
 99 -5.56356
 100 -5.18262
 101 -4.9612
 102 -5.1615
 103 -6.017
 104 -4.99866
 105 -6.11427
 106 -5.09547
 107 -6.37477
 108 -5.43756
 109 -5.34656
 110 -4.70197
 111 -6.05303
 112 -5.54381
 113 -4.85421
 114 -5.10758
 115 -4.51723
 116 -5.31489
 117 -4.52329
 118 -5.38334
 119 -5.70421
 120 -4.99039
 121 -5.4796
 122 -4.31204
 123 -4.45792
 124 -4.38255
 125 -5.35322
 126 -5.72078
 127 -5.20675
 128 -4.65305
 129 -4.85238
 130 -4.72619
 131 -6.23117
 132 -5.21543
 133 -5.02758
 134 -5.01044
 135 -5.37261
 136 -5.30821
 137 -6.15599
 138 -5.73385
 139 -5.95566
 140 -5.98766
 141 -5.17491
 142 -4.92166
 143 -5.77388
 144 -5.06234
 145 -5.5855
 146 -5.23768
 147 -5.17782
 148 -6.4408
 149 -5.47187
 150 -4.86549
 151 -4.7781
 152 -4.9123
 153 -4.53795
 154 -6.89115
 155 -5.25439
 156 -5.49086
 157 -5.50748
 158 -5.08075
 159 -5.023
 160 -4.45227
 161 -6.24106
 162 -4.64564
 163 -5.15181
 164 -5.07826
 165 -5.39043
 166 -4.54926
 167 -5.04301
 168 -5.08848
 169 -5.68921
 170 -5.4281
 171 -5.09895
 172 -5.31761
 173 -5.23264
 174 -5.55087
 175 -5.24508
 176 -5.43442
 177 -5.65572
 178 -6.26134
 179 -5.44477
 180 -6.37483
 181 -6.0843
 182 -5.08243
 183 -5.63724
 184 -4.96016
 185 -4.44993
 186 -4.38142
