 1 -5.55115
 2 -5.10411
 3 -3.81224
 4 -5.92504
 5 -4.82612
 6 -4.61654
 7 -4.852
 8 -4.31578
 9 -4.47826
 10 -5.40624
 11 -4.71811
 12 -2.80816
 13 -5.34211
 14 -4.92561
 15 -3.91761
 16 -4.94273
 17 -5.61997
 18 -3.07161
 19 -3.94031
 20 -4.54867
 21 -6.139
 22 -3.77239
 23 -3.15099
 24 -4.58602
 25 -3.96784
 26 -4.60852
 27 -3.98136
 28 -3.99066
 29 -3.96742
 30 -4.20648
 31 -4.53568
 32 -4.47894
 33 -4.4666
 34 -4.32915
 35 -4.28316
 36 -4.34105
 37 -4.30774
 38 -4.11177
 39 -4.5752
 40 -4.65303
 41 -4.34857
 42 -4.27666
 43 -4.0559
 44 -4.37892
 45 -5.1201
 46 -4.64197
 47 -4.38214
 48 -3.64769
 49 -4.21824
 50 -4.17585
 51 -3.88661
 52 -3.71765
 53 -4.05077
 54 -3.71471
 55 -3.34074
 56 -3.06062
 57 -3.40877
 58 -3.834
 59 -4.34664
 60 -4.00628
 61 -3.61525
 62 -3.83631
 63 -4.48092
 64 -3.482
 65 -3.44589
 66 -3.6389
 67 -3.93404
 68 -4.20075
 69 -3.47589
 70 -3.77956
 71 -3.93088
 72 -3.73672
 73 -3.62056
 74 -3.43687
 75 -3.37672
 76 -3.49504
 77 -3.67288
 78 -3.7731
 79 -3.41295
 80 -2.89559
 81 -3.845
 82 -4.57964
 83 -3.70891
 84 -3.8001
 85 -2.85755
 86 -4.16293
 87 -4.0429
 88 -3.12484
 89 -2.76377
 90 -3.8801
 91 -3.72886
 92 -3.60041
 93 -3.53878
 94 -3.41114
 95 -3.849
 96 -3.40587
 97 -3.03706
 98 -3.94429
 99 -3.79867
 100 -3.82279
 101 -3.21044
 102 -3.37098
 103 -4.29096
 104 -3.10023
 105 -3.57503
 106 -3.29463
 107 -3.60439
 108 -3.30155
 109 -3.50974
 110 -3.4874
 111 -3.4722
 112 -3.02546
 113 -3.36949
 114 -3.71657
 115 -3.83572
 116 -3.92896
 117 -3.82205
 118 -3.57627
 119 -3.75857
 120 -3.45823
 121 -3.75299
 122 -3.9141
 123 -3.65814
 124 -4.16211
 125 -3.66938
 126 -3.96673
 127 -4.19632
 128 -3.53797
 129 -4.35208
 130 -3.7119
 131 -4.05329
 132 -3.42187
 133 -3.44831
 134 -3.10797
 135 -3.69665
 136 -3.52385
 137 -3.42802
 138 -3.5668
 139 -3.6971
 140 -3.46749
 141 -3.56826
 142 -3.78379
 143 -3.78371
 144 -3.58857
 145 -3.41845
 146 -3.74379
 147 -4.12298
 148 -3.73316
 149 -3.53058
 150 -3.83555
 151 -4.02171
 152 -3.78446
 153 -3.62605
 154 -3.97374
 155 -4.23294
 156 -3.59606
 157 -4.10816
 158 -4.23334
 159 -3.84342
 160 -3.56725
 161 -3.58137
 162 -3.61194
 163 -3.75116
 164 -3.6968
 165 -3.45607
 166 -3.44768
 167 -3.60112
 168 -3.41316
 169 -3.9011
 170 -3.84671
 171 -3.63475
 172 -3.11989
 173 -3.17968
 174 -3.49427
 175 -3.79462
 176 -3.20822
 177 -2.70463
 178 -2.93959
 179 -3.19211
 180 -3.45656
 181 -3.45595
 182 -3.71557
