 1 -7.73321
 2 -7.54342
 3 -2.75608
 4 -3.85309
 5 -1.30932
 6 -2.42624
 7 -2.46644
 8 -5.53174
 9 -4.02991
 10 -7.04377
 11 -4.70217
 12 -4.01395
 13 -4.16432
 14 -4.05336
 15 -3.75508
 16 -2.79544
 17 -3.92329
 18 -3.09774
 19 -3.83162
 20 -4.29638
 21 -4.51696
 22 -4.91422
 23 -6.87045
 24 -5.34266
 25 -2.70863
 26 -4.03263
 27 -4.64044
 28 -3.89388
 29 -3.99857
 30 -2.11496
 31 -3.07468
 32 -2.64589
 33 -4.28862
 34 -3.87885
 35 -4.11971
 36 -4.33121
 37 -4.64541
 38 -2.23575
 39 -4.14742
 40 -2.57866
 41 -2.85027
 42 -3.25458
 43 -3.23618
 44 -1.78847
 45 -8.83384
 46 -4.6419
 47 -7.39159
 48 -6.43604
 49 -8.48928
 50 -3.30606
 51 -4.75558
 52 -6.05083
 53 -9.06276
 54 -3.90024
 55 -5.95092
 56 -7.25855
 57 -8.50358
 58 -3.9814
 59 -8.02237
 60 -7.82373
 61 -10.2008
 62 -4.77729
 63 -10.1235
 64 -7.68539
 65 -8.69068
 66 -5.68323
 67 -6.41423
 68 -8.48456
 69 -6.95227
 70 -3.57979
 71 -6.83797
 72 -6.11259
 73 -8.8841
 74 -4.88741
 75 -7.24705
 76 -5.99241
 77 -8.86978
 78 -4.95498
 79 -8.05176
 80 -7.96201
 81 -7.95338
 82 -5.37564
 83 -5.9574
 84 -6.71108
