 1 -6.23344
 2 -5.84915
 3 -5.81531
 4 -7.13032
 5 -5.63004
 6 -6.21516
 7 -5.76294
 8 -5.89203
 9 -7.88841
 10 -6.6107
 11 -5.99688
 12 -6.95226
 13 -5.48144
 14 -5.8658
 15 -5.69962
 16 -5.89918
 17 -5.65427
 18 -6.04203
 19 -5.87969
 20 -6.54816
 21 -5.49948
 22 -5.56609
 23 -5.57048
 24 -5.69546
 25 -5.67236
 26 -5.66778
 27 -6.10956
 28 -7.17861
 29 -5.59415
 30 -5.76956
 31 -5.5356
 32 -5.84355
 33 -5.80506
 34 -5.58031
 35 -5.86307
 36 -6.35822
 37 -5.90856
 38 -5.28951
 39 -5.59359
 40 -5.96788
 41 -5.52844
 42 -5.73487
 43 -5.46432
 44 -6.12808
 45 -5.34594
 46 -5.35596
 47 -5.84189
 48 -6.28225
 49 -5.38389
 50 -6.01119
 51 -5.52245
 52 -6.33076
 53 -6.17131
 54 -5.27026
 55 -5.35943
 56 -5.66108
 57 -5.45744
 58 -5.65931
 59 -6.1202
 60 -5.69774
 61 -5.11303
 62 -5.30582
 63 -5.53057
 64 -5.69192
 65 -5.6361
 66 -5.42604
 67 -5.76947
 68 -6.24466
 69 -5.54345
 70 -5.361
 71 -5.32728
 72 -5.96592
 73 -5.99394
 74 -5.36769
 75 -5.28672
 76 -5.62139
 77 -5.22724
 78 -5.57954
 79 -5.55087
 80 -6.10531
 81 -6.85073
 82 -4.91895
 83 -4.91419
 84 -5.21118
 85 -5.04826
 86 -5.35187
 87 -5.87534
 88 -5.77868
 89 -5.48628
 90 -5.20108
 91 -4.6823
 92 -5.20132
 93 -5.16242
 94 -5.95038
 95 -5.06022
 96 -6.84579
 97 -5.66748
 98 -5.12655
 99 -4.95461
 100 -5.15082
 101 -5.24706
 102 -5.29541
 103 -4.8197
 104 -6.2245
 105 -5.25153
 106 -5.16776
 107 -6.19344
 108 -5.59921
 109 -5.1799
 110 -5.99772
 111 -5.50891
 112 -5.30727
 113 -5.51451
 114 -4.89117
 115 -5.45168
 116 -5.12116
 117 -5.43657
 118 -5.51444
 119 -5.33951
 120 -5.28042
 121 -5.77685
 122 -5.30673
 123 -5.08511
 124 -5.43302
 125 -6.91277
 126 -6.2705
 127 -6.05208
 128 -5.00955
 129 -5.41073
 130 -5.343
 131 -5.92037
 132 -5.41657
 133 -5.44772
 134 -5.34158
 135 -5.59926
 136 -5.50265
 137 -5.10679
 138 -5.21347
 139 -4.63297
 140 -5.30912
 141 -5.44871
 142 -6.29901
 143 -6.20622
 144 -6.99819
 145 -6.15484
 146 -5.12746
 147 -5.41458
 148 -6.06795
 149 -5.35015
 150 -5.41548
 151 -6.17524
 152 -8.15754
 153 -6.45459
 154 -5.78858
 155 -5.68432
 156 -5.70101
 157 -5.428
 158 -6.10402
 159 -5.53775
 160 -5.89358
 161 -5.94507
 162 -6.96015
 163 -5.42243
 164 -5.46256
 165 -4.9504
 166 -5.4919
 167 -5.3259
 168 -5.08468
 169 -5.26913
 170 -6.10253
 171 -5.48768
 172 -5.10465
 173 -5.31632
 174 -5.41148
 175 -5.7362
 176 -5.43168
 177 -5.40426
 178 -5.52976
 179 -5.24871
 180 -5.45808
 181 -5.6554
 182 -6.05374
 183 -5.27143
 184 -5.36053
 185 -5.44623
 186 -7.25543
 187 -5.46949
 188 -5.11976
 189 -5.17243
 190 -5.60187
 191 -5.70925
 192 -5.85948
