 1 -5.10665
 2 -5.30122
 3 -5.53442
 4 -5.67862
 5 -5.40811
 6 -5.39753
 7 -4.43805
 8 -4.77691
 9 -5.45986
 10 -5.07327
 11 -4.92284
 12 -5.4984
 13 -5.01495
 14 -5.88849
 15 -5.11893
 16 -4.62476
 17 -4.17758
 18 -5.16424
 19 -4.95099
 20 -4.56576
 21 -5.3646
 22 -4.97015
 23 -4.6597
 24 -4.996
 25 -5.60652
 26 -6.02372
 27 -4.12573
 28 -4.56664
 29 -5.36069
 30 -4.91092
 31 -5.03256
 32 -4.29456
 33 -4.03152
 34 -4.3672
 35 -4.22816
 36 -4.39427
 37 -4.37196
 38 -4.46672
 39 -4.13482
 40 -4.48519
 41 -4.45124
 42 -3.91112
 43 -3.64597
 44 -4.0587
 45 -4.00243
 46 -4.03763
 47 -3.84003
 48 -4.25397
 49 -4.18146
 50 -4.51433
 51 -4.27253
 52 -4.49698
 53 -4.32042
 54 -3.45683
 55 -4.24594
 56 -4.40742
 57 -4.183
 58 -4.30053
 59 -4.32906
 60 -3.20283
 61 -4.53231
 62 -4.2209
 63 -5.42795
 64 -4.30605
 65 -4.49935
 66 -4.38111
 67 -4.64344
 68 -4.77753
 69 -4.6279
 70 -4.23462
 71 -4.52409
 72 -5.04185
 73 -4.02906
 74 -4.10052
 75 -4.52582
 76 -3.85321
 77 -3.95179
 78 -4.10759
 79 -4.76737
 80 -4.29334
 81 -4.09324
 82 -4.22726
 83 -4.14018
 84 -3.78658
 85 -4.57151
 86 -4.60027
 87 -4.23528
 88 -4.39952
 89 -4.45806
 90 -4.63318
 91 -4.47374
 92 -4.81545
 93 -4.38154
 94 -4.4464
 95 -4.51089
 96 -4.71258
 97 -4.38657
 98 -4.57879
 99 -4.73132
 100 -5.13772
 101 -4.46362
 102 -4.46896
 103 -4.57367
 104 -4.42067
 105 -4.3512
 106 -4.65546
 107 -4.71789
 108 -4.28597
 109 -4.394
 110 -4.13108
 111 -4.28987
 112 -4.40267
 113 -4.64741
 114 -4.38645
 115 -4.51971
 116 -5.0722
 117 -4.96617
 118 -4.61857
 119 -4.7016
 120 -4.50462
 121 -4.46222
 122 -4.45253
 123 -4.85968
 124 -4.42961
 125 -4.43951
 126 -4.47834
 127 -4.82878
 128 -4.61663
 129 -4.61975
 130 -4.66711
 131 -4.6544
 132 -4.41013
 133 -4.59437
 134 -4.54648
 135 -4.65766
 136 -4.41396
 137 -4.33459
 138 -4.30554
 139 -4.69458
 140 -4.56287
 141 -4.28281
 142 -4.77259
 143 -4.43248
 144 -4.67409
 145 -4.51778
 146 -4.62812
 147 -4.67501
 148 -4.55626
 149 -4.14474
 150 -4.28865
 151 -4.53899
 152 -4.5338
 153 -4.1128
 154 -3.99861
 155 -4.12451
 156 -3.95746
 157 -3.84308
 158 -3.47857
 159 -4.24028
