 1 -4.59855
 2 -3.44278
 3 -3.53722
 4 -4.32724
 5 -4.03967
 6 -3.8376
 7 -3.39526
 8 -3.88755
 9 -2.81518
 10 -4.37537
 11 -3.87431
 12 -3.86779
 13 -4.1299
 14 -3.56287
 15 -3.71212
 16 -4.88845
 17 -3.59279
 18 -4.8263
 19 -3.35643
 20 -4.54744
 21 -3.46886
 22 -4.92891
 23 -3.75414
 24 -4.18856
 25 -3.89366
 26 -4.65818
 27 -3.70306
 28 -3.18548
 29 -4.04096
 30 -3.47937
 31 -3.59176
 32 -3.73846
 33 -3.71936
 34 -3.3621
 35 -3.95775
 36 -3.70618
 37 -3.00944
 38 -3.89648
 39 -3.7635
 40 -3.18575
 41 -3.68134
 42 -3.77926
 43 -2.77095
 44 -2.84895
 45 -3.96027
 46 -3.29225
 47 -3.84182
 48 -3.80331
 49 -3.39431
 50 -3.2927
 51 -4.06089
 52 -3.37204
 53 -3.68563
 54 -3.05478
 55 -2.94619
 56 -3.6187
 57 -3.24836
 58 -2.82487
 59 -3.02746
 60 -3.99472
 61 -3.06702
 62 -3.41412
 63 -2.91207
 64 -2.87924
 65 -3.2095
 66 -3.26795
 67 -3.06277
 68 -3.07734
 69 -2.88762
 70 -2.60145
 71 -2.83217
 72 -3.12073
 73 -3.03794
 74 -2.94889
 75 -2.86038
 76 -3.18265
 77 -3.46036
 78 -3.30579
 79 -3.53544
 80 -3.86483
 81 -3.5256
 82 -3.2429
 83 -2.98318
 84 -3.36177
 85 -3.20667
 86 -2.87572
 87 -3.2544
 88 -2.73711
 89 -3.06618
 90 -3.34645
 91 -3.13724
 92 -2.84992
 93 -2.6708
 94 -3.5644
 95 -3.69889
 96 -3.54663
 97 -3.98735
 98 -3.63126
 99 -3.57909
 100 -2.98656
 101 -3.37207
 102 -3.56443
 103 -3.6245
 104 -2.8932
 105 -4.06061
 106 -3.26698
 107 -3.08538
 108 -3.1914
 109 -3.92519
 110 -2.73333
 111 -3.22765
 112 -4.322
 113 -2.84284
 114 -2.96468
 115 -3.95643
 116 -2.5685
 117 -2.40412
 118 -3.25059
 119 -4.97249
 120 -2.72132
 121 -3.29672
 122 -3.79102
 123 -2.94602
 124 -3.03447
 125 -4.67874
 126 -2.86995
 127 -2.88331
 128 -6.2332
 129 -3.03488
 130 -3.39815
 131 -4.08551
 132 -2.73376
 133 -2.56962
 134 -4.20258
 135 -2.7416
 136 -3.40239
 137 -3.20972
 138 -3.18202
 139 -3.27323
 140 -4.00417
 141 -2.56942
 142 -3.64768
 143 -4.16438
 144 -2.9104
 145 -4.02227
 146 -4.20692
 147 -3.10811
 148 -4.23303
 149 -2.91541
 150 -3.03077
 151 -3.03143
 152 -3.72979
 153 -2.67106
 154 -3.04188
 155 -3.48441
 156 -2.65495
 157 -3.53113
