 1 -4.73592
 2 -5.50039
 3 -5.12312
 4 -4.97981
 5 -8.61922
 6 -7.12804
 7 -6.11851
 8 -7.48001
 9 -6.25044
 10 -5.48607
 11 -5.96467
 12 -6.75147
 13 -4.84331
 14 -5.97857
 15 -6.39568
 16 -7.94786
 17 -5.24736
 18 -5.17482
 19 -4.44222
 20 -6.87753
 21 -6.47062
 22 -5.77983
 23 -5.68177
 24 -6.55569
 25 -5.07629
 26 -5.08553
 27 -4.60248
 28 -5.78082
 29 -5.24319
 30 -5.61218
 31 -5.03527
 32 -4.78989
 33 -4.50657
 34 -4.3451
 35 -4.02055
 36 -4.70134
 37 -4.31429
 38 -5.08111
 39 -4.32754
 40 -5.63442
 41 -4.21007
 42 -4.03123
 43 -5.58469
 44 -4.94144
 45 -4.65694
 46 -3.15263
 47 -3.58015
 48 -3.78395
 49 -4.01239
 50 -3.68616
 51 -3.35993
 52 -4.22065
 53 -4.36976
 54 -4.07222
 55 -3.8819
 56 -4.05021
 57 -3.92313
 58 -2.83192
 59 -3.40273
 60 -3.31416
 61 -3.18594
 62 -3.71493
 63 -4.44586
 64 -3.20516
 65 -3.69701
 66 -3.99502
 67 -2.87067
 68 -3.85548
 69 -3.13367
 70 -4.1518
 71 -3.30034
 72 -4.88956
 73 -3.52434
 74 -3.59124
 75 -3.17117
 76 -3.84304
 77 -3.6239
 78 -3.54045
 79 -3.26944
 80 -3.16841
 81 -4.11344
 82 -2.77747
 83 -2.9883
 84 -2.53109
 85 -2.90686
 86 -2.61861
 87 -3.35199
 88 -3.33215
 89 -3.55385
 90 -2.82362
 91 -3.61435
 92 -2.99284
 93 -3.00194
 94 -3.77054
 95 -4.81131
 96 -3.35581
 97 -3.60033
 98 -2.32179
 99 -2.95555
 100 -3.02526
 101 -3.53173
 102 -2.89255
 103 -4.1205
 104 -3.09776
 105 -3.60526
 106 -3.42226
 107 -4.85027
 108 -7.50297
 109 -4.36677
 110 -4.63768
 111 -4.92169
 112 -5.17078
 113 -3.25282
 114 -3.38453
 115 -3.91864
 116 -3.94411
 117 -4.65053
