 1 -3.6763
 2 -3.60008
 3 -3.33484
 4 -3.373
 5 -3.93779
 6 -3.94069
 7 -3.62775
 8 -3.1836
 9 -3.85269
 10 -3.76779
 11 -3.71855
 12 -2.95193
 13 -3.7102
 14 -3.81135
 15 -3.69851
 16 -3.18435
 17 -3.4036
 18 -3.79534
 19 -3.91179
 20 -3.19093
 21 -3.6383
 22 -3.61867
 23 -3.65399
 24 -3.09158
 25 -3.59766
 26 -3.48748
 27 -3.84892
 28 -4.02263
 29 -3.00564
 30 -3.31796
 31 -3.50008
 32 -3.03884
 33 -2.83718
 34 -3.51051
 35 -3.60992
 36 -3.4799
 37 -3.29282
 38 -3.39715
 39 -3.83796
 40 -3.21895
 41 -3.49593
 42 -4.02937
 43 -3.70097
 44 -3.18106
 45 -3.50781
 46 -3.7054
 47 -3.8988
 48 -3.68909
 49 -3.55858
 50 -3.70533
 51 -3.59665
 52 -3.78715
 53 -3.49912
 54 -3.5671
 55 -4.06717
 56 -4.29535
 57 -3.65823
 58 -3.58857
 59 -3.98105
 60 -4.37111
 61 -3.77612
 62 -4.00267
 63 -4.10833
 64 -3.8563
 65 -3.54442
 66 -3.78841
 67 -3.80295
 68 -3.62825
 69 -3.82554
 70 -3.79218
 71 -3.84277
 72 -4.07144
 73 -3.68504
 74 -3.63088
 75 -3.76516
 76 -3.85291
 77 -3.73992
 78 -3.66238
 79 -3.52026
 80 -3.81417
 81 -3.56203
 82 -3.43651
 83 -3.7982
 84 -4.21635
 85 -3.32477
 86 -3.28526
 87 -3.45758
 88 -3.78414
 89 -3.64281
 90 -3.51006
 91 -3.65126
 92 -4.02191
 93 -3.18922
 94 -3.57645
 95 -3.77709
 96 -3.91553
 97 -3.56104
 98 -3.11668
 99 -3.62571
 100 -4.01341
 101 -3.45297
 102 -3.46766
 103 -3.83367
 104 -3.94341
 105 -3.30986
 106 -3.7121
 107 -3.76617
 108 -3.79699
 109 -3.7074
 110 -3.64634
 111 -3.53813
 112 -3.70333
 113 -3.5351
 114 -3.41944
 115 -3.69922
 116 -3.49008
 117 -3.98315
 118 -3.84637
 119 -3.97619
 120 -3.9595
 121 -3.11295
 122 -3.43676
 123 -3.67274
 124 -3.97239
 125 -2.3473
 126 -3.35141
 127 -3.70446
 128 -3.52716
 129 -3.21082
 130 -3.57427
 131 -3.5053
 132 -3.39323
 133 -3.23464
 134 -3.34704
 135 -3.88784
 136 -3.71454
 137 -3.30169
 138 -3.55778
 139 -3.89108
 140 -3.99543
 141 -3.74161
 142 -3.5682
 143 -3.74075
 144 -3.43564
 145 -3.56316
 146 -3.04154
 147 -3.27109
 148 -2.72811
 149 -2.87634
 150 -3.41451
 151 -3.34564
 152 -3.15912
 153 -3.2186
 154 -3.29457
 155 -3.51535
 156 -3.38167
 157 -3.32047
 158 -3.21999
 159 -3.76401
 160 -3.92381
 161 -3.53331
 162 -3.51023
 163 -3.67975
 164 -3.6612
 165 -3.04274
 166 -3.29056
 167 -3.72665
 168 -3.71564
 169 -3.01948
 170 -3.2187
 171 -3.77235
 172 -3.33321
 173 -2.61167
 174 -2.99852
 175 -3.61586
 176 -2.70685
 177 -3.00325
 178 -3.24863
 179 -3.67671
 180 -3.54296
 181 -3.02268
 182 -3.08312
 183 -3.43446
 184 -3.8332
 185 -3.25265
 186 -3.129
 187 -3.54414
 188 -3.30437
 189 -3.59192
 190 -3.83788
 191 -3.60246
 192 -3.94825
 193 -3.63077
 194 -3.01018
 195 -3.56501
 196 -4.12199
 197 -3.65579
 198 -3.6874
 199 -3.42584
 200 -2.79182
