 1 -4.54329
 2 -8.9067
 3 -7.92768
 4 -7.207
 5 -5.79017
 6 -5.17819
 7 -5.75547
 8 -4.96983
 9 -6.17517
 10 -5.48943
 11 -6.14036
 12 -6.2401
 13 -5.83288
 14 -6.86427
 15 -5.50748
 16 -6.52701
 17 -5.46326
 18 -6.60519
 19 -5.76417
 20 -6.00806
 21 -6.04336
 22 -5.2758
 23 -5.86728
 24 -6.07415
 25 -5.37403
 26 -7.32426
 27 -4.77553
 28 -6.73874
 29 -5.5311
 30 -5.17734
 31 -6.55781
 32 -4.81543
 33 -4.98045
 34 -3.80722
 35 -5.87408
 36 -8.91739
 37 -9.14188
 38 -9.03027
 39 -7.08341
 40 -8.5579
 41 -8.22384
 42 -10.38
 43 -9.8078
 44 -8.81125
 45 -9.52137
 46 -9.10728
 47 -9.01983
 48 -9.20782
 49 -8.54615
 50 -7.45287
 51 -8.49698
 52 -7.64482
 53 -5.86337
 54 -5.81939
 55 -9.63428
 56 -6.00698
 57 -5.73338
 58 -4.89449
 59 -4.53494
 60 -5.61118
 61 -6.08456
 62 -7.14333
 63 -10.46
 64 -8.61061
 65 -7.08554
 66 -7.72687
 67 -6.32213
 68 -8.0821
 69 -6.33457
 70 -6.01033
 71 -9.19114
 72 -7.6986
 73 -7.37675
 74 -6.93312
 75 -8.03913
 76 -8.44727
 77 -10.0965
 78 -8.78939
 79 -7.87212
 80 -10.4118
 81 -8.19255
 82 -7.36445
 83 -10.4585
 84 -9.67295
 85 -8.61582
 86 -10.7199
 87 -11.3447
 88 -9.61697
 89 -11.2336
 90 -9.14761
 91 -11.8614
 92 -10.1672
 93 -7.9076
 94 -10.7599
 95 -7.75779
 96 -11.5817
 97 -11.512
 98 -6.99378
 99 -11.4747
 100 -7.75094
 101 -11.5655
 102 -8.38047
 103 -6.85217
 104 -10.6523
 105 -8.40493
 106 -8.51611
 107 -8.13435
 108 -5.11266
 109 -11.2293
 110 -10.8489
 111 -5.76774
 112 -8.08328
 113 -4.85055
 114 -6.51553
 115 -8.26676
 116 -8.76042
 117 -7.08482
 118 -5.95177
