 1 -5.14871
 2 -5.14871
 3 -5.14871
 4 -5.14871
 5 -5.14871
 6 -5.14871
 7 -5.14871
 8 -5.14871
 9 -5.14871
 10 -5.14871
 11 -5.14871
 12 -5.14871
 13 -5.14871
 14 -5.14871
 15 -5.14871
 16 -5.14871
 17 -5.14871
 18 -5.14871
 19 -5.14871
 20 -5.14871
 21 -5.14871
 22 -5.14871
 23 -5.14871
 24 -5.14871
 25 -5.14871
 26 -5.14871
 27 -5.14871
 28 -5.14871
 29 -5.14871
 30 -5.14871
 31 -5.14871
 32 -5.14871
 33 -5.14871
 34 -5.14871
 35 -5.14871
 36 -5.14871
 37 -5.14871
 38 -5.14871
 39 -5.14871
 40 -5.14871
 41 -5.14871
 42 -5.14871
 43 -5.14871
 44 -5.14871
 45 -5.14871
 46 -5.14871
 47 -5.14871
 48 -5.14871
 49 -5.14871
 50 -5.14871
 51 -5.14871
 52 -5.14871
 53 -5.14871
 54 -5.14871
 55 -5.14871
 56 -5.14871
 57 -5.14871
 58 -5.14871
 59 -5.14871
 60 -5.14871
 61 -5.14871
 62 -5.14871
 63 -5.14871
 64 -5.14871
 65 -5.14871
 66 -5.14871
 67 -5.14871
 68 -5.14871
 69 -5.14871
 70 -5.14871
 71 -5.14871
 72 -5.14871
 73 -5.14871
 74 -5.14871
 75 -5.14871
 76 -5.14871
 77 -5.14871
 78 -5.14871
 79 -5.14871
 80 -5.14871
 81 -5.14871
 82 -5.14871
 83 -5.14871
 84 -5.14871
 85 -5.14871
 86 -5.14871
 87 -5.14871
 88 -5.14871
 89 -5.14871
 90 -5.14871
 91 -5.14871
 92 -5.14871
 93 -5.14871
 94 -5.14871
 95 -5.14871
 96 -5.14871
 97 -5.14871
 98 -5.14871
 99 -5.14871
 100 -5.14871
 101 -5.14871
 102 -5.14871
 103 -5.14871
 104 -5.14871
 105 -5.14871
 106 -5.14871
 107 -5.14871
 108 -5.14871
 109 -5.14871
 110 -5.14871
 111 -5.14871
 112 -5.14871
 113 -5.14871
 114 -5.14871
 115 -5.14871
 116 -5.14871
 117 -5.14871
 118 -5.14871
 119 -5.14871
 120 -5.14871
 121 -5.14871
 122 -5.14871
 123 -5.14871
 124 -5.14871
 125 -5.14871
 126 -5.14871
 127 -5.14871
 128 -5.14871
 129 -5.14871
 130 -5.14871
 131 -5.14871
 132 -5.14871
 133 -5.14871
 134 -5.14871
 135 -5.14871
 136 -5.14871
 137 -5.14871
 138 -5.14871
 139 -5.14871
 140 -5.14871
 141 -5.14871
 142 -5.14871
 143 -5.14871
 144 -5.14871
 145 -5.14871
 146 -5.14871
 147 -5.14871
 148 -5.14871
 149 -5.14871
 150 -5.14871
 151 -5.14871
 152 -5.14871
 153 -5.14871
 154 -5.14871
 155 -5.14871
 156 -5.14871
 157 -5.14871
 158 -5.14871
 159 -5.14871
 160 -5.14871
 161 -5.14871
 162 -5.14871
 163 -5.14871
 164 -5.14871
 165 -5.14871
 166 -5.14871
 167 -5.14871
 168 -5.14871
 169 -5.14871
 170 -5.14871
 171 -5.14871
 172 -5.14871
 173 -5.14871
 174 -5.14871
 175 -5.14871
 176 -5.14871
 177 -5.14871
 178 -5.14871
 179 -5.14871
 180 -5.14871
 181 -5.14871
 182 -5.14871
 183 -5.14871
 184 -5.14871
 185 -5.14871
 186 -5.14871
