 1 -4.57519
 2 -4.55839
 3 -4.54254
 4 -4.51347
 5 -4.50015
 6 -4.47566
 7 -4.4644
 8 -4.44362
 9 -4.43402
 10 -4.42489
 11 -4.39237
 12 -4.37126
 13 -4.36468
 14 -4.3583
 15 -4.35208
 16 -4.3342
 17 -4.31707
 18 -4.31144
 19 -4.29462
 20 -4.28899
 21 -4.28333
 22 -4.27763
 23 -4.27188
 24 -4.26608
 25 -4.26022
 26 -4.25428
 27 -4.24828
 28 -4.24219
 29 -4.23603
 30 -4.22978
 31 -4.22344
 32 -4.21701
 33 -4.20388
 34 -4.19717
 35 -4.19037
 36 -4.18349
 37 -4.17651
 38 -4.16944
 39 -4.16229
 40 -4.15506
 41 -4.14774
 42 -4.14035
 43 -4.13288
 44 -4.12534
 45 -4.11773
 46 -4.11007
 47 -4.10234
 48 -4.09457
 49 -4.08674
 50 -4.07888
 51 -4.07097
 52 -4.06304
 53 -4.05508
 54 -4.04709
 55 -4.0391
 56 -4.03109
 57 -4.02308
 58 -4.01508
 59 -4.00708
 60 -3.9991
 61 -3.99113
 62 -3.9832
 63 -3.9753
 64 -3.96743
 65 -3.95961
 66 -3.95183
 67 -3.94411
 68 -3.93645
 69 -3.92886
 70 -3.92134
 71 -3.91389
 72 -3.90652
 73 -3.89923
 74 -3.89204
 75 -3.88493
 76 -3.87793
 77 -3.87103
 78 -3.86423
 79 -3.85754
 80 -3.85096
 81 -3.84449
 82 -3.83814
 83 -3.83192
 84 -3.82581
 85 -3.81983
 86 -3.81397
 87 -3.80824
 88 -3.80264
 89 -3.79717
 90 -3.79183
 91 -3.78662
 92 -3.78154
 93 -3.77659
 94 -3.77177
 95 -3.76708
 96 -3.76252
 97 -3.75808
 98 -3.75377
 99 -3.74958
 100 -3.74552
 101 -3.74157
 102 -3.73774
 103 -3.73402
 104 -3.73041
 105 -3.72691
 106 -3.72352
 107 -3.72022
 108 -3.71701
 109 -3.7139
 110 -3.71087
 111 -3.70792
 112 -3.70505
 113 -3.70225
 114 -3.69951
 115 -3.69683
 116 -3.69421
 117 -3.69163
 118 -3.68909
 119 -3.68658
 120 -3.6841
 121 -3.68164
 122 -3.67919
 123 -3.67675
 124 -3.67431
 125 -3.67186
 126 -3.66939
 127 -3.6669
 128 -3.66438
 129 -3.66182
 130 -3.65921
 131 -3.65655
 132 -3.65383
 133 -3.65103
 134 -3.64817
 135 -3.64521
 136 -3.64217
 137 -3.63903
 138 -3.63578
 139 -3.63242
 140 -3.62893
 141 -3.62532
 142 -3.62158
 143 -3.61769
 144 -3.61366
 145 -3.60947
 146 -3.60513
 147 -3.60062
 148 -3.59594
 149 -3.59109
 150 -3.58606
 151 -3.58084
 152 -3.57544
 153 -3.56985
 154 -3.56406
 155 -3.55808
 156 -3.5519
 157 -3.54553
 158 -3.53895
 159 -3.53217
 160 -3.52519
 161 -3.51802
 162 -3.51065
 163 -3.50308
 164 -3.49532
 165 -3.48737
 166 -3.47924
 167 -3.47093
 168 -3.46245
 169 -3.4538
 170 -3.445
 171 -3.43605
 172 -3.42696
 173 -3.41775
 174 -3.40841
 175 -3.39898
 176 -3.38946
 177 -3.37987
 178 -3.37022
 179 -3.36053
 180 -3.35082
 181 -3.34111
 182 -3.33142
