 1 -3.57243
 2 -3.57243
 3 -3.57243
 4 -3.57243
 5 -3.57243
 6 -3.57243
 7 -3.57243
 8 -3.57243
 9 -3.57243
 10 -3.57243
 11 -3.57243
 12 -3.57243
 13 -3.57243
 14 -3.57243
 15 -3.57243
 16 -3.57243
 17 -3.57243
 18 -3.57243
 19 -3.57243
 20 -3.57243
 21 -3.57243
 22 -3.57243
 23 -3.57243
 24 -3.57243
 25 -3.57243
 26 -3.57243
 27 -3.57243
 28 -3.57243
 29 -3.57243
 30 -3.57243
 31 -3.57243
 32 -3.57243
 33 -3.57243
 34 -3.57243
 35 -3.57243
 36 -3.57243
 37 -3.57243
 38 -3.57243
 39 -3.57243
 40 -3.57243
 41 -3.57243
 42 -3.57243
 43 -3.57243
 44 -3.57243
 45 -3.57243
 46 -3.57243
 47 -3.57243
 48 -3.57243
 49 -3.57243
 50 -3.57243
 51 -3.57243
 52 -3.57243
 53 -3.57243
 54 -3.57243
 55 -3.57243
 56 -3.57243
 57 -3.57243
 58 -3.57243
 59 -3.57243
 60 -3.57243
 61 -3.57243
 62 -3.57243
 63 -3.57243
 64 -3.57243
 65 -3.57243
 66 -3.57243
 67 -3.57243
 68 -3.57243
 69 -3.57243
 70 -3.57243
 71 -3.57243
 72 -3.57243
 73 -3.57243
 74 -3.57243
 75 -3.57243
 76 -3.57243
 77 -3.57243
 78 -3.57243
 79 -3.57243
 80 -3.57243
 81 -3.57243
 82 -3.57243
 83 -3.57243
 84 -3.57243
 85 -3.57243
 86 -3.57243
 87 -3.57243
 88 -3.57243
 89 -3.57243
 90 -3.57243
 91 -3.57243
 92 -3.57243
 93 -3.57243
 94 -3.57243
 95 -3.57243
 96 -3.57243
 97 -3.57243
 98 -3.57243
 99 -3.57243
 100 -3.57243
 101 -3.57243
 102 -3.57243
 103 -3.57243
 104 -3.57243
 105 -3.57243
 106 -3.57243
 107 -3.57243
 108 -3.57243
 109 -3.57243
 110 -3.57243
 111 -3.57243
 112 -3.57243
 113 -3.57243
 114 -3.57243
 115 -3.57243
 116 -3.57243
 117 -3.57243
 118 -3.57243
 119 -3.57243
 120 -3.57243
 121 -3.57243
 122 -3.57243
 123 -3.57243
 124 -3.57243
 125 -3.57243
 126 -3.57243
 127 -3.57243
 128 -3.57243
 129 -3.57243
 130 -3.57243
 131 -3.57243
 132 -3.57243
 133 -3.57243
 134 -3.57243
 135 -3.57243
 136 -3.57243
 137 -3.57243
 138 -3.57243
 139 -3.57243
 140 -3.57243
 141 -3.57243
 142 -3.57243
 143 -3.57243
 144 -3.57243
 145 -3.57243
 146 -3.57243
 147 -3.57243
 148 -3.57243
 149 -3.57243
 150 -3.57243
 151 -3.57243
 152 -3.57243
 153 -3.57243
 154 -3.57243
 155 -3.57243
 156 -3.57243
 157 -3.57243
 158 -3.57243
 159 -3.57243
 160 -3.57243
 161 -3.57243
 162 -3.57243
 163 -3.57243
 164 -3.57243
 165 -3.57243
 166 -3.57243
 167 -3.57243
 168 -3.57243
 169 -3.57243
 170 -3.57243
 171 -3.57243
 172 -3.57243
 173 -3.57243
 174 -3.57243
 175 -3.57243
 176 -3.57243
 177 -3.57243
 178 -3.57243
 179 -3.57243
 180 -3.57243
 181 -3.57243
 182 -3.57243
 183 -3.57243
 184 -3.57243
 185 -3.57243
 186 -3.57243
 187 -3.57243
 188 -3.57243
 189 -3.57243
 190 -3.57243
 191 -3.57243
 192 -3.57243
 193 -3.57243
 194 -3.57243
 195 -3.57243
 196 -3.57243
 197 -3.57243
 198 -3.57243
 199 -3.57243
 200 -3.57243
