 1 -2.9247
 2 -2.9247
 3 -2.9247
 4 -2.9247
 5 -2.9247
 6 -2.9247
 7 -2.9247
 8 -2.9247
 9 -2.9247
 10 -2.9247
 11 -2.9247
 12 -2.9247
 13 -2.9247
 14 -2.9247
 15 -2.9247
 16 -2.9247
 17 -2.9247
 18 -2.9247
 19 -2.9247
 20 -2.9247
 21 -2.9247
 22 -2.9247
 23 -2.9247
 24 -2.9247
 25 -2.9247
 26 -2.9247
 27 -2.9247
 28 -2.9247
 29 -2.9247
 30 -2.9247
 31 -2.9247
 32 -2.9247
 33 -2.9247
 34 -2.9247
 35 -2.9247
 36 -2.9247
 37 -2.9247
 38 -2.9247
 39 -2.9247
 40 -2.9247
 41 -2.9247
 42 -2.9247
 43 -2.9247
 44 -2.9247
 45 -2.9247
 46 -2.9247
 47 -2.9247
 48 -2.9247
 49 -2.9247
 50 -2.9247
 51 -2.9247
 52 -2.9247
 53 -2.9247
 54 -2.9247
 55 -2.9247
 56 -2.9247
 57 -2.9247
 58 -2.9247
 59 -2.9247
 60 -2.9247
 61 -2.9247
 62 -2.9247
 63 -2.9247
 64 -2.9247
 65 -2.9247
 66 -2.9247
 67 -2.9247
 68 -2.9247
