 1 -4.88857
 2 -4.89132
 3 -4.8924
 4 -4.89195
 5 -4.89009
 6 -4.88693
 7 -4.88259
 8 -4.87717
 9 -4.87079
 10 -4.86353
 11 -4.8555
 12 -4.84677
 13 -4.83744
 14 -4.82759
 15 -4.81728
 16 -4.8066
 17 -4.7956
 18 -4.78436
 19 -4.77292
 20 -4.76136
 21 -4.74971
 22 -4.73803
 23 -4.72637
 24 -4.71476
 25 -4.70324
 26 -4.69186
 27 -4.68064
 28 -4.66961
 29 -4.6588
 30 -4.64824
 31 -4.63795
 32 -4.60885
 33 -4.5998
 34 -4.59109
 35 -4.58273
 36 -4.57473
 37 -4.5671
 38 -4.55983
 39 -4.55293
 40 -4.5464
 41 -4.54024
 42 -4.53444
 43 -4.52901
 44 -4.52393
 45 -4.51921
 46 -4.51483
 47 -4.51079
 48 -4.50708
 49 -4.50368
 50 -4.50059
 51 -4.4978
 52 -4.4953
 53 -4.49307
 54 -4.48939
 55 -4.4879
 56 -4.48664
 57 -4.48559
 58 -4.48473
 59 -4.48406
 60 -4.48355
 61 -4.4832
 62 -4.48298
 63 -4.4829
 64 -4.48292
 65 -4.48305
 66 -4.48326
 67 -4.48355
 68 -4.4839
 69 -4.4843
 70 -4.48473
 71 -4.4852
 72 -4.48568
 73 -4.48617
 74 -4.48666
 75 -4.48713
 76 -4.48758
 77 -4.48801
 78 -4.4884
 79 -4.48874
 80 -4.48904
 81 -4.48928
 82 -4.48946
 83 -4.48958
 84 -4.48963
 85 -4.48961
 86 -4.48952
 87 -4.48936
 88 -4.48912
 89 -4.4888
 90 -4.4884
 91 -4.48793
 92 -4.48739
 93 -4.48678
 94 -4.48609
 95 -4.48533
 96 -4.48452
 97 -4.48364
 98 -4.4827
 99 -4.48171
 100 -4.48068
 101 -4.4796
 102 -4.47848
 103 -4.47733
 104 -4.47615
 105 -4.47495
 106 -4.47374
 107 -4.47251
 108 -4.47127
 109 -4.47004
 110 -4.46881
 111 -4.46759
 112 -4.46638
 113 -4.46518
 114 -4.464
 115 -4.46285
 116 -4.46171
 117 -4.4606
 118 -4.45951
 119 -4.45844
 120 -4.45739
 121 -4.45635
 122 -4.45533
 123 -4.4543
 124 -4.45327
 125 -4.45222
 126 -4.45114
 127 -4.45002
 128 -4.44884
 129 -4.44759
 130 -4.44623
 131 -4.44476
 132 -4.44314
 133 -4.44135
 134 -4.43934
 135 -4.4371
 136 -4.43457
 137 -4.43173
 138 -4.42851
 139 -4.42488
 140 -4.42079
 141 -4.41616
 142 -4.41095
 143 -4.40508
 144 -4.39849
 145 -4.3911
 146 -4.38283
 147 -4.37359
 148 -4.36329
 149 -4.35183
 150 -4.33912
 151 -4.32503
 152 -4.30946
 153 -4.29228
 154 -4.27337
 155 -4.25258
 156 -4.22978
 157 -4.2048
 158 -4.1775
 159 -4.1477
