 1 -3.78988
 2 -3.78777
 3 -3.7858
 4 -3.77668
 5 -3.77268
 6 -3.76347
 7 -3.75831
 8 -3.75282
 9 -3.74704
 10 -3.74099
 11 -3.7347
 12 -3.72818
 13 -3.72147
 14 -3.71459
 15 -3.70756
 16 -3.7004
 17 -3.69314
 18 -3.68577
 19 -3.67834
 20 -3.67085
 21 -3.66331
 22 -3.65575
 23 -3.64818
 24 -3.6406
 25 -3.63304
 26 -3.62549
 27 -3.61798
 28 -3.61051
 29 -3.6031
 30 -3.59574
 31 -3.58844
 32 -3.58122
 33 -3.57408
 34 -3.56702
 35 -3.56005
 36 -3.55317
 37 -3.54639
 38 -3.5397
 39 -3.53312
 40 -3.52664
 41 -3.52026
 42 -3.51399
 43 -3.50782
 44 -3.4958
 45 -3.48995
 46 -3.48419
 47 -3.47854
 48 -3.47299
 49 -3.46754
 50 -3.46218
 51 -3.45692
 52 -3.45174
 53 -3.44665
 54 -3.43672
 55 -3.43187
 56 -3.42238
 57 -3.41774
 58 -3.41315
 59 -3.40863
 60 -3.39099
 61 -3.38668
 62 -3.37815
 63 -3.37392
 64 -3.3655
 65 -3.36132
 66 -3.35713
 67 -3.34877
 68 -3.34459
 69 -3.3149
 70 -3.30622
 71 -3.27482
 72 -3.26084
 73 -3.25611
 74 -3.25135
 75 -3.23199
 76 -3.22709
 77 -3.21721
 78 -3.20226
 79 -3.17225
 80 -3.16727
 81 -3.16232
 82 -3.15739
 83 -3.15248
 84 -3.13324
 85 -3.11932
 86 -3.11481
 87 -3.11036
 88 -3.09335
 89 -3.08931
 90 -3.08537
 91 -3.08152
 92 -3.07776
 93 -3.07411
 94 -3.07056
 95 -3.06712
 96 -3.06378
 97 -3.06055
 98 -3.05742
 99 -3.0544
 100 -3.05149
 101 -3.04868
 102 -3.04597
 103 -3.04336
 104 -3.04085
 105 -3.03843
 106 -3.0361
 107 -3.03385
 108 -3.03168
 109 -3.02956
 110 -3.02751
 111 -3.02551
 112 -3.02354
 113 -3.0216
 114 -3.01967
 115 -3.01774
 116 -3.01578
 117 -3.0138
 118 -3.01176
 119 -3.00964
 120 -3.00743
 121 -3.0051
 122 -3.00263
 123 -2.99998
 124 -2.99714
 125 -2.99407
 126 -2.99074
 127 -2.98712
 128 -2.98316
 129 -2.97884
 130 -2.97411
 131 -2.96893
 132 -2.96325
 133 -2.95702
 134 -2.95021
 135 -2.94275
 136 -2.93459
 137 -2.92567
 138 -2.91593
 139 -2.90531
 140 -2.89375
 141 -2.88117
 142 -2.86749
 143 -2.85266
 144 -2.83658
 145 -2.81918
 146 -2.80036
 147 -2.78004
 148 -2.75814
 149 -2.73454
 150 -2.70915
 151 -2.68187
 152 -2.65258
