 1 -4.86708
 2 -4.86708
 3 -4.86708
 4 -4.86708
 5 -4.86708
 6 -4.86708
 7 -4.86708
 8 -4.86708
 9 -4.86708
 10 -4.86708
 11 -4.86708
 12 -4.86708
 13 -4.86708
 14 -4.86708
 15 -4.86708
 16 -4.86708
 17 -4.86708
 18 -4.86708
 19 -4.86708
 20 -4.86708
 21 -4.86708
 22 -4.86708
 23 -4.86708
 24 -4.86708
 25 -4.86708
 26 -4.86708
 27 -4.86708
 28 -4.86708
 29 -4.86708
 30 -4.86708
 31 -4.86708
 32 -4.86708
 33 -4.86708
 34 -4.86708
 35 -4.86708
 36 -4.86708
 37 -4.86708
 38 -4.86708
 39 -4.86708
 40 -4.86708
 41 -4.86708
 42 -4.86708
 43 -4.86708
 44 -4.86708
 45 -4.86708
 46 -4.86708
 47 -4.86708
 48 -4.86708
 49 -4.86708
 50 -4.86708
 51 -4.86708
 52 -4.86708
 53 -4.86708
 54 -4.86708
 55 -4.86708
 56 -4.86708
 57 -4.86708
 58 -4.86708
 59 -4.86708
 60 -4.86708
 61 -4.86708
 62 -4.86708
 63 -4.86708
 64 -4.86708
 65 -4.86708
 66 -4.86708
 67 -4.86708
 68 -4.86708
 69 -4.86708
 70 -4.86708
 71 -4.86708
 72 -4.86708
 73 -4.86708
 74 -4.86708
 75 -4.86708
 76 -4.86708
 77 -4.86708
 78 -4.86708
 79 -4.86708
 80 -4.86708
 81 -4.86708
 82 -4.86708
 83 -4.86708
 84 -4.86708
 85 -4.86708
 86 -4.86708
 87 -4.86708
 88 -4.86708
 89 -4.86708
 90 -4.86708
 91 -4.86708
 92 -4.86708
 93 -4.86708
 94 -4.86708
 95 -4.86708
 96 -4.86708
 97 -4.86708
 98 -4.86708
 99 -4.86708
 100 -4.86708
 101 -4.86708
 102 -4.86708
 103 -4.86708
 104 -4.86708
 105 -4.86708
 106 -4.86708
 107 -4.86708
 108 -4.86708
 109 -4.86708
 110 -4.86708
 111 -4.86708
 112 -4.86708
 113 -4.86708
 114 -4.86708
 115 -4.86708
 116 -4.86708
 117 -4.86708
 118 -4.86708
 119 -4.86708
 120 -4.86708
 121 -4.86708
 122 -4.86708
 123 -4.86708
 124 -4.86708
 125 -4.86708
 126 -4.86708
 127 -4.86708
 128 -4.86708
 129 -4.86708
 130 -4.86708
 131 -4.86708
 132 -4.86708
 133 -4.86708
 134 -4.86708
 135 -4.86708
 136 -4.86708
 137 -4.86708
 138 -4.86708
 139 -4.86708
 140 -4.86708
 141 -4.86708
 142 -4.86708
 143 -4.86708
 144 -4.86708
 145 -4.86708
 146 -4.86708
 147 -4.86708
 148 -4.86708
 149 -4.86708
 150 -4.86708
 151 -4.86708
 152 -4.86708
 153 -4.86708
 154 -4.86708
 155 -4.86708
 156 -4.86708
 157 -4.86708
 158 -4.86708
 159 -4.86708
 160 -4.86708
 161 -4.86708
 162 -4.86708
 163 -4.86708
 164 -4.86708
 165 -4.86708
 166 -4.86708
 167 -4.86708
 168 -4.86708
 169 -4.86708
 170 -4.86708
 171 -4.86708
 172 -4.86708
 173 -4.86708
 174 -4.86708
 175 -4.86708
 176 -4.86708
 177 -4.86708
 178 -4.86708
 179 -4.86708
 180 -4.86708
 181 -4.86708
 182 -4.86708
 183 -4.86708
 184 -4.86708
 185 -4.86708
