 1 -3.56189
 2 -3.56189
 3 -3.56189
 4 -3.56189
 5 -3.56189
 6 -3.56189
 7 -3.56189
 8 -3.56189
 9 -3.56189
 10 -3.56189
 11 -3.56189
 12 -3.56189
 13 -3.56189
 14 -3.56189
 15 -3.56189
 16 -3.56189
 17 -3.56189
 18 -3.56189
 19 -3.56189
 20 -3.56189
 21 -3.56189
 22 -3.56189
 23 -3.56189
 24 -3.56189
 25 -3.56189
 26 -3.56189
 27 -3.56189
 28 -3.56189
 29 -3.56189
 30 -3.56189
 31 -3.56189
 32 -3.56189
 33 -3.56189
 34 -3.56189
 35 -3.56189
 36 -3.56189
 37 -3.56189
 38 -3.56189
 39 -3.56189
 40 -3.56189
 41 -3.56189
 42 -3.56189
 43 -3.56189
 44 -3.56189
 45 -3.56189
 46 -3.56189
 47 -3.56189
 48 -3.56189
 49 -3.56189
 50 -3.56189
 51 -3.56189
 52 -3.56189
 53 -3.56189
 54 -3.56189
 55 -3.56189
 56 -3.56189
 57 -3.56189
 58 -3.56189
 59 -3.56189
 60 -3.56189
 61 -3.56189
 62 -3.56189
 63 -3.56189
 64 -3.56189
 65 -3.56189
 66 -3.56189
 67 -3.56189
 68 -3.56189
 69 -3.56189
 70 -3.56189
 71 -3.56189
 72 -3.56189
 73 -3.56189
 74 -3.56189
 75 -3.56189
 76 -3.56189
 77 -3.56189
 78 -3.56189
 79 -3.56189
 80 -3.56189
 81 -3.56189
 82 -3.56189
 83 -3.56189
 84 -3.56189
 85 -3.56189
 86 -3.56189
 87 -3.56189
 88 -3.56189
 89 -3.56189
 90 -3.56189
 91 -3.56189
 92 -3.56189
 93 -3.56189
 94 -3.56189
 95 -3.56189
 96 -3.56189
 97 -3.56189
 98 -3.56189
 99 -3.56189
 100 -3.56189
 101 -3.56189
 102 -3.56189
 103 -3.56189
 104 -3.56189
 105 -3.56189
 106 -3.56189
 107 -3.56189
 108 -3.56189
 109 -3.56189
 110 -3.56189
 111 -3.56189
 112 -3.56189
 113 -3.56189
 114 -3.56189
 115 -3.56189
 116 -3.56189
 117 -3.56189
 118 -3.56189
 119 -3.56189
 120 -3.56189
 121 -3.56189
 122 -3.56189
 123 -3.56189
 124 -3.56189
 125 -3.56189
 126 -3.56189
 127 -3.56189
 128 -3.56189
 129 -3.56189
 130 -3.56189
 131 -3.56189
 132 -3.56189
 133 -3.56189
 134 -3.56189
 135 -3.56189
 136 -3.56189
 137 -3.56189
 138 -3.56189
 139 -3.56189
 140 -3.56189
 141 -3.56189
 142 -3.56189
 143 -3.56189
 144 -3.56189
 145 -3.56189
 146 -3.56189
 147 -3.56189
 148 -3.56189
 149 -3.56189
 150 -3.56189
 151 -3.56189
 152 -3.56189
 153 -3.56189
 154 -3.56189
 155 -3.56189
 156 -3.56189
 157 -3.56189
 158 -3.56189
 159 -3.56189
 160 -3.56189
 161 -3.56189
 162 -3.56189
 163 -3.56189
 164 -3.56189
 165 -3.56189
 166 -3.56189
 167 -3.56189
 168 -3.56189
 169 -3.56189
 170 -3.56189
 171 -3.56189
 172 -3.56189
 173 -3.56189
 174 -3.56189
 175 -3.56189
 176 -3.56189
 177 -3.56189
 178 -3.56189
 179 -3.56189
 180 -3.56189
 181 -3.56189
 182 -3.56189
 183 -3.56189
 184 -3.56189
 185 -3.56189
 186 -3.56189
 187 -3.56189
 188 -3.56189
 189 -3.56189
 190 -3.56189
 191 -3.56189
 192 -3.56189
 193 -3.56189
 194 -3.56189
 195 -3.56189
 196 -3.56189
 197 -3.56189
 198 -3.56189
 199 -3.56189
 200 -3.56189
