 1 -5.61969
 2 -5.61969
 3 -5.61969
 4 -5.61969
 5 -5.61969
 6 -5.61969
 7 -5.61969
 8 -5.61969
 9 -5.61969
 10 -5.61969
 11 -5.61969
 12 -5.61969
 13 -5.61969
 14 -5.61969
 15 -5.61969
 16 -5.61969
 17 -5.61969
 18 -5.61969
 19 -5.61969
 20 -5.61969
 21 -5.61969
 22 -5.61969
 23 -5.61969
 24 -5.61969
 25 -5.61969
 26 -5.61969
 27 -5.61969
 28 -5.61969
 29 -5.61969
 30 -5.61969
 31 -5.61969
 32 -5.61969
 33 -5.61969
 34 -5.61969
 35 -5.61969
 36 -5.61969
 37 -5.61969
 38 -5.61969
 39 -5.61969
 40 -5.61969
 41 -5.61969
 42 -5.61969
 43 -5.61969
 44 -5.61969
 45 -5.61969
 46 -5.61969
 47 -5.61969
 48 -5.61969
 49 -5.61969
 50 -5.61969
 51 -5.61969
 52 -5.61969
 53 -5.61969
 54 -5.61969
 55 -5.61969
 56 -5.61969
 57 -5.61969
 58 -5.61969
 59 -5.61969
 60 -5.61969
 61 -5.61969
 62 -5.61969
 63 -5.61969
 64 -5.61969
 65 -5.61969
 66 -5.61969
 67 -5.61969
 68 -5.61969
 69 -5.61969
 70 -5.61969
 71 -5.61969
 72 -5.61969
 73 -5.61969
 74 -5.61969
 75 -5.61969
 76 -5.61969
 77 -5.61969
 78 -5.61969
 79 -5.61969
 80 -5.61969
 81 -5.61969
 82 -5.61969
 83 -5.61969
 84 -5.61969
 85 -5.61969
 86 -5.61969
 87 -5.61969
 88 -5.61969
 89 -5.61969
 90 -5.61969
 91 -5.61969
 92 -5.61969
 93 -5.61969
 94 -5.61969
 95 -5.61969
 96 -5.61969
 97 -5.61969
 98 -5.61969
 99 -5.61969
 100 -5.61969
 101 -5.61969
 102 -5.61969
 103 -5.61969
 104 -5.61969
 105 -5.61969
 106 -5.61969
 107 -5.61969
 108 -5.61969
 109 -5.61969
 110 -5.61969
 111 -5.61969
 112 -5.61969
 113 -5.61969
 114 -5.61969
 115 -5.61969
 116 -5.61969
 117 -5.61969
 118 -5.61969
 119 -5.61969
 120 -5.61969
 121 -5.61969
 122 -5.61969
 123 -5.61969
 124 -5.61969
 125 -5.61969
 126 -5.61969
 127 -5.61969
 128 -5.61969
 129 -5.61969
 130 -5.61969
 131 -5.61969
 132 -5.61969
 133 -5.61969
 134 -5.61969
 135 -5.61969
 136 -5.61969
 137 -5.61969
 138 -5.61969
 139 -5.61969
 140 -5.61969
 141 -5.61969
 142 -5.61969
 143 -5.61969
 144 -5.61969
 145 -5.61969
 146 -5.61969
 147 -5.61969
 148 -5.61969
 149 -5.61969
 150 -5.61969
 151 -5.61969
 152 -5.61969
 153 -5.61969
 154 -5.61969
 155 -5.61969
 156 -5.61969
 157 -5.61969
 158 -5.61969
 159 -5.61969
 160 -5.61969
 161 -5.61969
 162 -5.61969
 163 -5.61969
 164 -5.61969
 165 -5.61969
 166 -5.61969
 167 -5.61969
 168 -5.61969
 169 -5.61969
 170 -5.61969
 171 -5.61969
 172 -5.61969
 173 -5.61969
 174 -5.61969
 175 -5.61969
 176 -5.61969
 177 -5.61969
 178 -5.61969
 179 -5.61969
 180 -5.61969
 181 -5.61969
 182 -5.61969
 183 -5.61969
 184 -5.61969
 185 -5.61969
 186 -5.61969
 187 -5.61969
 188 -5.61969
 189 -5.61969
 190 -5.61969
 191 -5.61969
 192 -5.61969
