 1 -3.42018
 2 -3.42018
 3 -3.42018
 4 -3.42018
 5 -3.42018
 6 -3.42018
 7 -3.42018
 8 -3.42018
 9 -3.42018
 10 -3.42018
 11 -3.42018
 12 -3.42018
 13 -3.42018
 14 -3.42018
 15 -3.42018
 16 -3.42018
 17 -3.42018
 18 -3.42018
 19 -3.42018
 20 -3.42018
 21 -3.42018
 22 -3.42018
 23 -3.42018
 24 -3.42018
 25 -3.42018
 26 -3.42018
 27 -3.42018
 28 -3.42018
 29 -3.42018
 30 -3.42018
 31 -3.42018
 32 -3.42018
 33 -3.42018
 34 -3.42018
 35 -3.42018
 36 -3.42018
 37 -3.42018
 38 -3.42018
 39 -3.42018
 40 -3.42018
 41 -3.42018
 42 -3.42018
 43 -3.42018
 44 -3.42018
 45 -3.42018
 46 -3.42018
 47 -3.42018
 48 -3.42018
 49 -3.42018
 50 -3.42018
 51 -3.42018
 52 -3.42018
 53 -3.42018
 54 -3.42018
 55 -3.42018
 56 -3.42018
 57 -3.42018
 58 -3.42018
 59 -3.42018
 60 -3.42018
 61 -3.42018
 62 -3.42018
 63 -3.42018
 64 -3.42018
 65 -3.42018
 66 -3.42018
 67 -3.42018
 68 -3.42018
 69 -3.42018
 70 -3.42018
 71 -3.42018
 72 -3.42018
 73 -3.42018
 74 -3.42018
 75 -3.42018
 76 -3.42018
 77 -3.42018
 78 -3.42018
 79 -3.42018
 80 -3.42018
 81 -3.42018
 82 -3.42018
 83 -3.42018
 84 -3.42018
 85 -3.42018
 86 -3.42018
 87 -3.42018
 88 -3.42018
 89 -3.42018
 90 -3.42018
 91 -3.42018
 92 -3.42018
 93 -3.42018
 94 -3.42018
 95 -3.42018
 96 -3.42018
 97 -3.42018
 98 -3.42018
 99 -3.42018
 100 -3.42018
 101 -3.42018
 102 -3.42018
 103 -3.42018
 104 -3.42018
 105 -3.42018
 106 -3.42018
 107 -3.42018
 108 -3.42018
 109 -3.42018
 110 -3.42018
 111 -3.42018
 112 -3.42018
 113 -3.42018
 114 -3.42018
 115 -3.42018
 116 -3.42018
 117 -3.42018
 118 -3.42018
 119 -3.42018
 120 -3.42018
 121 -3.42018
 122 -3.42018
 123 -3.42018
 124 -3.42018
 125 -3.42018
 126 -3.42018
 127 -3.42018
 128 -3.42018
 129 -3.42018
 130 -3.42018
 131 -3.42018
 132 -3.42018
 133 -3.42018
 134 -3.42018
 135 -3.42018
 136 -3.42018
 137 -3.42018
 138 -3.42018
 139 -3.42018
 140 -3.42018
 141 -3.42018
 142 -3.42018
 143 -3.42018
 144 -3.42018
 145 -3.42018
 146 -3.42018
 147 -3.42018
 148 -3.42018
 149 -3.42018
 150 -3.42018
 151 -3.42018
 152 -3.42018
 153 -3.42018
 154 -3.42018
 155 -3.42018
 156 -3.42018
 157 -3.42018
