 1 -4.16074
 2 -4.16074
 3 -4.16074
 4 -4.16074
 5 -4.16074
 6 -4.16074
 7 -4.16074
 8 -4.16074
 9 -4.16074
 10 -4.16074
 11 -4.16074
 12 -4.16074
 13 -4.16074
 14 -4.16074
 15 -4.16074
 16 -4.16074
 17 -4.16074
 18 -4.16074
 19 -4.16074
 20 -4.16074
 21 -4.16074
 22 -4.16074
 23 -4.16074
 24 -4.16074
 25 -4.16074
 26 -4.16074
 27 -4.16074
 28 -4.16074
 29 -4.16074
 30 -4.16074
 31 -4.16074
 32 -4.16074
 33 -4.16074
 34 -4.16074
 35 -4.16074
 36 -4.16074
 37 -4.16074
 38 -4.16074
 39 -4.16074
 40 -4.16074
 41 -4.16074
 42 -4.16074
 43 -4.16074
 44 -4.16074
 45 -4.16074
 46 -4.16074
 47 -4.16074
 48 -4.16074
 49 -4.16074
 50 -4.16074
 51 -4.16074
 52 -4.16074
 53 -4.16074
 54 -4.16074
 55 -4.16074
 56 -4.16074
 57 -4.16074
 58 -4.16074
 59 -4.16074
 60 -4.16074
 61 -4.16074
 62 -4.16074
 63 -4.16074
 64 -4.16074
 65 -4.16074
 66 -4.16074
 67 -4.16074
 68 -4.16074
 69 -4.16074
 70 -4.16074
 71 -4.16074
 72 -4.16074
 73 -4.16074
 74 -4.16074
 75 -4.16074
 76 -4.16074
 77 -4.16074
 78 -4.16074
 79 -4.16074
 80 -4.16074
 81 -4.16074
 82 -4.16074
 83 -4.16074
 84 -4.16074
 85 -4.16074
 86 -4.16074
 87 -4.16074
