 1 -4.02337
 2 -4.00281
 3 -3.98253
 4 -3.9758
 5 -3.96906
 6 -3.96231
 7 -3.95555
 8 -3.94878
 9 -3.92829
 10 -3.92139
 11 -3.91446
 12 -3.9075
 13 -3.90049
 14 -3.89344
 15 -3.88634
 16 -3.8792
 17 -3.87202
 18 -3.86479
 19 -3.85752
 20 -3.85021
 21 -3.84285
 22 -3.83545
 23 -3.828
 24 -3.82052
 25 -3.813
 26 -3.80544
 27 -3.79785
 28 -3.79022
 29 -3.78257
 30 -3.77488
 31 -3.76717
 32 -3.75944
 33 -3.75168
 34 -3.74391
 35 -3.73612
 36 -3.72832
 37 -3.72051
 38 -3.71269
 39 -3.70486
 40 -3.69704
 41 -3.68921
 42 -3.68139
 43 -3.67357
 44 -3.66577
 45 -3.65798
 46 -3.6502
 47 -3.64245
 48 -3.63471
 49 -3.627
 50 -3.61932
 51 -3.61167
 52 -3.60404
 53 -3.59646
 54 -3.58891
 55 -3.5814
 56 -3.57394
 57 -3.56652
 58 -3.55915
 59 -3.55183
 60 -3.54456
 61 -3.53735
 62 -3.53019
 63 -3.5231
 64 -3.51606
 65 -3.50909
 66 -3.50218
 67 -3.49534
 68 -3.48857
 69 -3.48187
 70 -3.47525
 71 -3.46869
 72 -3.46221
 73 -3.45581
 74 -3.44949
 75 -3.44325
 76 -3.43708
 77 -3.431
 78 -3.42501
 79 -3.4191
 80 -3.41327
 81 -3.40753
 82 -3.40188
 83 -3.39632
 84 -3.39085
 85 -3.38546
 86 -3.37497
 87 -3.36986
 88 -3.36485
 89 -3.35993
 90 -3.3551
 91 -3.35036
 92 -3.34572
 93 -3.34118
 94 -3.33673
 95 -3.33237
 96 -3.32811
 97 -3.32395
 98 -3.31988
 99 -3.31591
 100 -3.31203
 101 -3.30824
 102 -3.30456
 103 -3.30096
 104 -3.29746
 105 -3.29405
 106 -3.29074
 107 -3.28752
 108 -3.28439
 109 -3.28135
 110 -3.2784
 111 -3.27554
 112 -3.27277
 113 -3.27009
 114 -3.26749
 115 -3.26498
 116 -3.26254
 117 -3.2602
 118 -3.25793
 119 -3.25573
 120 -3.25362
 121 -3.25158
 122 -3.24961
 123 -3.24771
 124 -3.24587
 125 -3.2441
 126 -3.24239
 127 -3.24073
 128 -3.23913
 129 -3.23758
 130 -3.23608
 131 -3.23462
 132 -3.23319
 133 -3.2318
 134 -3.23043
 135 -3.22909
 136 -3.22777
 137 -3.22645
 138 -3.22514
 139 -3.22383
 140 -3.22251
 141 -3.22117
 142 -3.21981
 143 -3.21841
 144 -3.21697
 145 -3.21548
 146 -3.21393
 147 -3.21231
 148 -3.2106
 149 -3.2088
 150 -3.2069
 151 -3.20488
 152 -3.20272
 153 -3.20042
 154 -3.19796
 155 -3.19532
 156 -3.19249
 157 -3.18945
 158 -3.18619
 159 -3.18267
 160 -3.1789
 161 -3.17484
 162 -3.17047
 163 -3.16577
 164 -3.16072
 165 -3.1553
 166 -3.14947
 167 -3.14321
 168 -3.1365
 169 -3.12931
 170 -3.12159
 171 -3.11334
 172 -3.1045
 173 -3.09505
 174 -3.08495
 175 -3.07417
 176 -3.06266
 177 -3.05039
 178 -3.03732
 179 -3.02339
 180 -3.00858
 181 -2.99282
 182 -2.97608
 183 -2.9583
 184 -2.93943
 185 -2.91942
 186 -2.89821
 187 -2.87574
 188 -2.85195
 189 -2.82679
