 1 -5.1896
 2 -5.1896
 3 -5.1896
 4 -5.1896
 5 -5.1896
 6 -5.1896
 7 -5.1896
 8 -5.1896
 9 -5.1896
 10 -5.1896
 11 -5.1896
 12 -5.1896
 13 -5.1896
 14 -5.1896
 15 -5.1896
 16 -5.1896
 17 -5.1896
 18 -5.1896
 19 -5.1896
 20 -5.1896
 21 -5.1896
 22 -5.1896
 23 -5.1896
 24 -5.1896
 25 -5.1896
 26 -5.1896
 27 -5.1896
 28 -5.1896
 29 -5.1896
 30 -5.1896
 31 -5.1896
 32 -5.1896
 33 -5.1896
 34 -5.1896
 35 -5.1896
 36 -5.1896
 37 -5.1896
 38 -5.1896
 39 -5.1896
 40 -5.1896
 41 -5.1896
 42 -5.1896
 43 -5.1896
 44 -5.1896
 45 -5.1896
 46 -5.1896
 47 -5.1896
 48 -5.1896
 49 -5.1896
 50 -5.1896
 51 -5.1896
 52 -5.1896
 53 -5.1896
 54 -5.1896
 55 -5.1896
 56 -5.1896
 57 -5.1896
 58 -5.1896
 59 -5.1896
 60 -5.1896
 61 -5.1896
 62 -5.1896
 63 -5.1896
 64 -5.1896
 65 -5.1896
 66 -5.1896
 67 -5.1896
 68 -5.1896
 69 -5.1896
 70 -5.1896
 71 -5.1896
 72 -5.1896
 73 -5.1896
 74 -5.1896
 75 -5.1896
 76 -5.1896
 77 -5.1896
 78 -5.1896
 79 -5.1896
 80 -5.1896
 81 -5.1896
 82 -5.1896
 83 -5.1896
 84 -5.1896
