 1 -6.3085
 2 -6.27945
 3 -6.27177
 4 -6.25356
 5 -6.24884
 6 -6.24104
 7 -6.23783
 8 -6.23501
 9 -6.23253
 10 -6.23035
 11 -6.22841
 12 -6.22669
 13 -6.22373
 14 -6.22243
 15 -6.22121
 16 -6.22005
 17 -6.21892
 18 -6.21781
 19 -6.2167
 20 -6.21557
 21 -6.2144
 22 -6.2132
 23 -6.21193
 24 -6.21061
 25 -6.20921
 26 -6.20774
 27 -6.20619
 28 -6.20456
 29 -6.20285
 30 -6.20106
 31 -6.19919
 32 -6.19723
 33 -6.19521
 34 -6.1931
 35 -6.19093
 36 -6.1887
 37 -6.18641
 38 -6.18407
 39 -6.18168
 40 -6.17925
 41 -6.17679
 42 -6.17431
 43 -6.17182
 44 -6.16681
 45 -6.16431
 46 -6.16184
 47 -6.15938
 48 -6.15696
 49 -6.15458
 50 -6.15225
 51 -6.14998
 52 -6.14777
 53 -6.14563
 54 -6.14357
 55 -6.14159
 56 -6.13971
 57 -6.13792
 58 -6.13624
 59 -6.13466
 60 -6.13321
 61 -6.13186
 62 -6.13065
 63 -6.12955
 64 -6.12859
 65 -6.12776
 66 -6.12707
 67 -6.12651
 68 -6.1261
 69 -6.12582
 70 -6.12568
 71 -6.12568
 72 -6.12582
 73 -6.1261
 74 -6.12652
 75 -6.12708
 76 -6.12777
 77 -6.12858
 78 -6.12953
 79 -6.1306
 80 -6.1318
 81 -6.1331
 82 -6.13452
 83 -6.13605
 84 -6.13767
 85 -6.13939
 86 -6.1412
 87 -6.14309
 88 -6.14506
 89 -6.14709
 90 -6.14918
 91 -6.15133
 92 -6.15352
 93 -6.15575
 94 -6.158
 95 -6.16028
 96 -6.16256
 97 -6.16485
 98 -6.16713
 99 -6.1694
 100 -6.17165
 101 -6.17814
 102 -6.18218
 103 -6.18409
 104 -6.18592
 105 -6.18764
 106 -6.18927
 107 -6.19078
 108 -6.19217
 109 -6.19344
 110 -6.19457
 111 -6.19556
 112 -6.1964
 113 -6.19708
 114 -6.1976
 115 -6.19796
 116 -6.19814
 117 -6.19814
 118 -6.19796
 119 -6.1976
 120 -6.19704
 121 -6.19629
 122 -6.19535
 123 -6.1942
 124 -6.19286
 125 -6.19132
 126 -6.18957
 127 -6.18763
 128 -6.18549
 129 -6.18315
 130 -6.18061
 131 -6.17788
 132 -6.17496
 133 -6.17186
 134 -6.16857
 135 -6.16512
 136 -6.16149
 137 -6.15771
 138 -6.15377
 139 -6.14969
 140 -6.14547
 141 -6.12747
 142 -6.11796
 143 -6.11313
 144 -6.10826
 145 -6.09848
 146 -6.09361
 147 -6.08877
 148 -6.07927
 149 -6.07013
 150 -6.05363
 151 -6.04066
 152 -6.03277
 153 -6.03112
 154 -6.03151
 155 -6.03243
 156 -6.03388
 157 -6.0359
 158 -6.03851
 159 -6.04558
 160 -6.0501
 161 -6.0553
 162 -6.0612
 163 -6.06783
 164 -6.08333
 165 -6.10197
 166 -6.1125
 167 -6.12386
 168 -6.13607
