 1 -5.33633
 2 -5.3848
 3 -5.4742
 4 -5.49527
 5 -5.65154
 6 -5.85042
 7 -5.86837
 8 -5.92242
 9 -5.94054
 10 -5.99527
 11 -6.05065
 12 -6.06927
 13 -6.08797
 14 -6.10675
 15 -6.14457
 16 -6.1636
 17 -6.22116
 18 -6.24051
 19 -6.29897
 20 -6.61861
 21 -6.67932
 22 -6.71982
 23 -6.82102
 24 -6.86143
 25 -6.88162
 26 -6.92195
 27 -6.9622
 28 -6.9823
 29 -7.02243
 30 -7.04247
 31 -7.06248
 32 -7.10245
 33 -7.1224
 34 -7.14233
 35 -7.18214
 36 -7.20202
 37 -7.24172
 38 -7.26155
 39 -7.28136
 40 -7.30116
 41 -7.34073
 42 -7.36051
 43 -7.38027
 44 -7.41979
 45 -7.45931
 46 -7.47906
 47 -7.49882
 48 -7.51859
 49 -7.53836
 50 -7.55815
 51 -7.59774
 52 -7.61756
 53 -7.65724
 54 -7.6771
 55 -7.69699
 56 -7.71689
 57 -7.73682
 58 -7.75677
 59 -7.77674
 60 -7.79673
 61 -7.81675
 62 -7.8368
 63 -7.85687
 64 -7.87696
 65 -7.89708
 66 -7.91722
 67 -7.93739
 68 -7.95759
 69 -7.9778
 70 -7.99804
 71 -8.0183
 72 -8.03858
 73 -8.05888
 74 -8.0792
 75 -8.09953
 76 -8.11987
 77 -8.14023
 78 -8.16059
 79 -8.18095
 80 -8.20132
 81 -8.22169
 82 -8.24205
 83 -8.28273
 84 -8.30305
 85 -8.32335
 86 -8.34362
 87 -8.36385
 88 -8.38405
 89 -8.40421
 90 -8.42432
 91 -8.44437
 92 -8.46436
 93 -8.48429
 94 -8.50414
 95 -8.54359
 96 -8.56318
 97 -8.60205
 98 -8.62132
 99 -8.64045
 100 -8.65946
 101 -8.67833
 102 -8.69705
 103 -8.71561
 104 -8.73401
 105 -8.75224
 106 -8.77029
 107 -8.78814
 108 -8.80581
 109 -8.82327
 110 -8.84051
 111 -8.85754
 112 -8.89089
 113 -8.90721
 114 -8.92327
 115 -8.95462
 116 -8.9699
 117 -8.98489
 118 -9.02815
