 1 -4.44678
 2 -4.41307
 3 -4.38144
 4 -4.32398
 5 -4.29796
 6 -4.22962
 7 -4.2098
 8 -4.15813
 9 -4.14326
 10 -4.12945
 11 -4.11664
 12 -4.10477
 13 -4.09378
 14 -4.08362
 15 -4.07423
 16 -4.06557
 17 -4.05757
 18 -4.0502
 19 -4.04342
 20 -4.03718
 21 -4.03144
 22 -4.01685
 23 -4.01276
 24 -4.00553
 25 -4.00233
 26 -3.99939
 27 -3.99667
 28 -3.99414
 29 -3.9918
 30 -3.98961
 31 -3.98755
 32 -3.98562
 33 -3.98378
 34 -3.98204
 35 -3.98036
 36 -3.97874
 37 -3.97716
 38 -3.97561
 39 -3.97257
 40 -3.97105
 41 -3.96953
 42 -3.96641
 43 -3.96482
 44 -3.96318
 45 -3.9615
 46 -3.95977
 47 -3.95615
 48 -3.95425
 49 -3.95229
 50 -3.94375
 51 -3.94144
 52 -3.93405
 53 -3.93144
 54 -3.92875
 55 -3.92599
 56 -3.92315
 57 -3.92024
 58 -3.91726
 59 -3.91421
 60 -3.91109
 61 -3.9079
 62 -3.90465
 63 -3.90132
 64 -3.89794
 65 -3.8945
 66 -3.89099
 67 -3.88382
 68 -3.87643
 69 -3.87267
 70 -3.86885
 71 -3.85717
 72 -3.85321
 73 -3.84921
 74 -3.83704
 75 -3.83293
 76 -3.82881
 77 -3.82467
 78 -3.82051
 79 -3.81635
 80 -3.81217
 81 -3.80799
 82 -3.80381
 83 -3.79962
 84 -3.79126
 85 -3.78708
 86 -3.78292
 87 -3.77463
 88 -3.77051
 89 -3.76641
 90 -3.76233
 91 -3.75827
 92 -3.75424
 93 -3.74627
 94 -3.74234
 95 -3.73844
 96 -3.73457
 97 -3.73075
 98 -3.72697
 99 -3.71954
 100 -3.71589
 101 -3.7123
 102 -3.70875
 103 -3.70526
 104 -3.69511
 105 -3.69183
 106 -3.68547
 107 -3.68237
 108 -3.67933
 109 -3.67636
 110 -3.67344
 111 -3.67058
 112 -3.66779
 113 -3.66505
 114 -3.66237
 115 -3.65975
 116 -3.65718
 117 -3.65467
 118 -3.65221
 119 -3.6498
 120 -3.64743
 121 -3.64511
 122 -3.64283
 123 -3.64059
 124 -3.63838
 125 -3.6362
 126 -3.63403
 127 -3.63189
 128 -3.62976
 129 -3.62762
 130 -3.62549
 131 -3.62334
 132 -3.62117
 133 -3.61897
 134 -3.61673
 135 -3.61443
 136 -3.61208
 137 -3.60964
 138 -3.60712
 139 -3.60449
 140 -3.60175
 141 -3.59886
 142 -3.59582
 143 -3.59262
 144 -3.58921
 145 -3.5856
 146 -3.58175
 147 -3.57765
 148 -3.57326
 149 -3.56856
 150 -3.56353
 151 -3.55813
 152 -3.55234
 153 -3.54611
 154 -3.53943
 155 -3.53225
 156 -3.52454
 157 -3.51625
 158 -3.50734
 159 -3.49778
 160 -3.48751
 161 -3.4765
 162 -3.46468
 163 -3.45201
 164 -3.43844
 165 -3.4239
 166 -3.40833
 167 -3.39169
 168 -3.37389
