 1 -2.0553
 2 -2.0553
 3 -2.0553
 4 -2.0553
 5 -2.0553
 6 -2.0553
 7 -2.0553
 8 -2.0553
 9 -2.0553
 10 -2.0553
 11 -2.0553
 12 -2.0553
 13 -2.0553
 14 -2.0553
 15 -2.0553
 16 -2.0553
 17 -2.0553
 18 -2.0553
 19 -2.0553
 20 -2.0553
 21 -2.0553
 22 -2.0553
 23 -2.0553
 24 -2.0553
 25 -2.0553
 26 -2.0553
 27 -2.0553
 28 -2.0553
 29 -2.0553
 30 -2.0553
 31 -2.0553
 32 -2.0553
 33 -2.0553
 34 -2.0553
 35 -2.0553
 36 -2.0553
 37 -2.0553
 38 -2.0553
 39 -2.0553
 40 -2.0553
 41 -2.0553
 42 -2.0553
 43 -2.0553
 44 -2.0553
 45 -2.0553
 46 -2.0553
 47 -2.0553
 48 -2.0553
 49 -2.0553
 50 -2.0553
 51 -2.0553
 52 -2.0553
 53 -2.0553
 54 -2.0553
 55 -2.0553
 56 -2.0553
 57 -2.0553
 58 -2.0553
 59 -2.0553
 60 -2.0553
 61 -2.0553
 62 -2.0553
 63 -2.0553
 64 -2.0553
 65 -2.0553
 66 -2.0553
 67 -2.0553
 68 -2.0553
 69 -2.0553
 70 -2.0553
 71 -2.0553
 72 -2.0553
 73 -2.0553
 74 -2.0553
 75 -2.0553
 76 -2.0553
 77 -2.0553
 78 -2.0553
 79 -2.0553
 80 -2.0553
 81 -2.0553
 82 -2.0553
 83 -2.0553
 84 -2.0553
 85 -2.0553
 86 -2.0553
 87 -2.0553
 88 -2.0553
 89 -2.0553
 90 -2.0553
 91 -2.0553
 92 -2.0553
 93 -2.0553
 94 -2.0553
 95 -2.0553
 96 -2.0553
 97 -2.0553
 98 -2.0553
 99 -2.0553
 100 -2.0553
 101 -2.0553
 102 -2.0553
 103 -2.0553
 104 -2.0553
 105 -2.0553
 106 -2.0553
 107 -2.0553
 108 -2.0553
 109 -2.0553
 110 -2.0553
 111 -2.0553
 112 -2.0553
 113 -2.0553
 114 -2.0553
 115 -2.0553
 116 -2.0553
 117 -2.0553
 118 -2.0553
 119 -2.0553
 120 -2.0553
 121 -2.0553
 122 -2.0553
 123 -2.0553
 124 -2.0553
 125 -2.0553
 126 -2.0553
 127 -2.0553
 128 -2.0553
 129 -2.0553
 130 -2.0553
 131 -2.0553
 132 -2.0553
 133 -2.0553
 134 -2.0553
 135 -2.0553
 136 -2.0553
 137 -2.0553
 138 -2.0553
 139 -2.0553
 140 -2.0553
 141 -2.0553
 142 -2.0553
 143 -2.0553
 144 -2.0553
 145 -2.0553
 146 -2.0553
 147 -2.0553
 148 -2.0553
 149 -2.0553
 150 -2.0553
 151 -2.0553
 152 -2.0553
 153 -2.0553
 154 -2.0553
 155 -2.0553
 156 -2.0553
 157 -2.0553
 158 -2.0553
 159 -2.0553
 160 -2.0553
 161 -2.0553
 162 -2.0553
 163 -2.0553
 164 -2.0553
 165 -2.0553
 166 -2.0553
 167 -2.0553
 168 -2.0553
 169 -2.0553
 170 -2.0553
 171 -2.0553
 172 -2.0553
 173 -2.0553
 174 -2.0553
 175 -2.0553
 176 -2.0553
 177 -2.0553
 178 -2.0553
 179 -2.0553
 180 -2.0553
 181 -2.0553
 182 -2.0553
 183 -2.0553
 184 -2.0553
 185 -2.0553
 186 -2.0553
 187 -2.0553
 188 -2.0553
 189 -2.0553
 190 -2.0553
 191 -2.0553
 192 -2.0553
 193 -2.0553
 194 -2.0553
 195 -2.0553
 196 -2.0553
 197 -2.0553
 198 -2.0553
 199 -2.0553
 200 -2.0553
