 1 -4.47858
 2 -4.58285
 3 -4.62481
 4 -4.66068
 5 -4.69095
 6 -4.71607
 7 -4.73649
 8 -4.75261
 9 -4.76482
 10 -4.77348
 11 -4.77894
 12 -4.78152
 13 -4.78151
 14 -4.77921
 15 -4.77487
 16 -4.76104
 17 -4.752
 18 -4.7418
 19 -4.73064
 20 -4.71866
 21 -4.70604
 22 -4.69291
 23 -4.67941
 24 -4.65172
 25 -4.63774
 26 -4.62379
 27 -4.60995
 28 -4.58286
 29 -4.55691
 30 -4.54448
 31 -4.53245
 32 -4.52086
 33 -4.50971
 34 -4.49904
 35 -4.48884
 36 -4.47913
 37 -4.4699
 38 -4.46116
 39 -4.45291
 40 -4.44512
 41 -4.43781
 42 -4.43094
 43 -4.4245
 44 -4.41849
 45 -4.41288
 46 -4.40277
 47 -4.394
 48 -4.3864
 49 -4.38297
 50 -4.37976
 51 -4.37674
 52 -4.37388
 53 -4.37117
 54 -4.36859
 55 -4.3661
 56 -4.36368
 57 -4.36132
 58 -4.35667
 59 -4.35435
 60 -4.352
 61 -4.34716
 62 -4.34464
 63 -4.34203
 64 -4.33933
 65 -4.32733
 66 -4.32051
 67 -4.30076
 68 -4.28705
 69 -4.28219
 70 -4.27718
 71 -4.27203
 72 -4.26676
 73 -4.26136
 74 -4.25585
 75 -4.25022
 76 -4.2445
 77 -4.23279
 78 -4.22079
 79 -4.2147
 80 -4.20857
 81 -4.2024
 82 -4.1962
 83 -4.18998
 84 -4.18375
 85 -4.17753
 86 -4.1713
 87 -4.16509
 88 -4.1589
 89 -4.15274
 90 -4.1466
 91 -4.14051
 92 -4.13445
 93 -4.12843
 94 -4.12246
 95 -4.11654
 96 -4.11066
 97 -4.10483
 98 -4.09904
 99 -4.0933
 100 -4.08759
 101 -4.08191
 102 -4.07626
 103 -4.07062
 104 -4.065
 105 -4.05938
 106 -4.05374
 107 -4.04808
 108 -4.04239
 109 -4.03665
 110 -4.03084
 111 -4.02496
 112 -4.01897
 113 -4.01287
 114 -4.00664
 115 -4.00025
 116 -3.99369
 117 -3.98693
 118 -3.97996
 119 -3.97275
 120 -3.96528
 121 -3.95753
 122 -3.94947
 123 -3.94109
 124 -3.93237
 125 -3.92328
 126 -3.9138
 127 -3.90392
 128 -3.89361
 129 -3.88286
 130 -3.87165
 131 -3.85997
 132 -3.84781
 133 -3.83515
 134 -3.82199
 135 -3.80834
 136 -3.79417
 137 -3.77951
 138 -3.76434
 139 -3.74869
 140 -3.73257
 141 -3.716
