 1 -4.24101
 2 -4.24101
 3 -4.24101
 4 -4.24101
 5 -4.24101
 6 -4.24101
 7 -4.24101
 8 -4.24101
 9 -4.24101
 10 -4.24101
 11 -4.24101
 12 -4.24101
 13 -4.24101
 14 -4.24101
 15 -4.24101
 16 -4.24101
 17 -4.24101
 18 -4.24101
 19 -4.24101
 20 -4.24101
 21 -4.24101
 22 -4.24101
 23 -4.24101
 24 -4.24101
 25 -4.24101
 26 -4.24101
 27 -4.24101
 28 -4.24101
 29 -4.24101
 30 -4.24101
 31 -4.24101
 32 -4.24101
 33 -4.24101
 34 -4.24101
 35 -4.24101
 36 -4.24101
 37 -4.24101
 38 -4.24101
 39 -4.24101
 40 -4.24101
 41 -4.24101
 42 -4.24101
 43 -4.24101
 44 -4.24101
 45 -4.24101
 46 -4.24101
 47 -4.24101
 48 -4.24101
 49 -4.24101
 50 -4.24101
 51 -4.24101
 52 -4.24101
 53 -4.24101
 54 -4.24101
 55 -4.24101
 56 -4.24101
 57 -4.24101
 58 -4.24101
 59 -4.24101
 60 -4.24101
 61 -4.24101
 62 -4.24101
 63 -4.24101
 64 -4.24101
 65 -4.24101
 66 -4.24101
 67 -4.24101
 68 -4.24101
 69 -4.24101
 70 -4.24101
 71 -4.24101
 72 -4.24101
 73 -4.24101
 74 -4.24101
 75 -4.24101
 76 -4.24101
 77 -4.24101
 78 -4.24101
 79 -4.24101
 80 -4.24101
 81 -4.24101
 82 -4.24101
 83 -4.24101
 84 -4.24101
 85 -4.24101
 86 -4.24101
 87 -4.24101
 88 -4.24101
 89 -4.24101
 90 -4.24101
 91 -4.24101
 92 -4.24101
 93 -4.24101
 94 -4.24101
 95 -4.24101
 96 -4.24101
 97 -4.24101
 98 -4.24101
 99 -4.24101
 100 -4.24101
 101 -4.24101
 102 -4.24101
 103 -4.24101
 104 -4.24101
 105 -4.24101
 106 -4.24101
 107 -4.24101
 108 -4.24101
 109 -4.24101
 110 -4.24101
 111 -4.24101
 112 -4.24101
 113 -4.24101
 114 -4.24101
 115 -4.24101
 116 -4.24101
 117 -4.24101
