 1 -4.21343
 2 -4.21343
 3 -4.21343
 4 -4.21343
 5 -4.21343
 6 -4.21343
 7 -4.21343
 8 -4.21343
 9 -4.21343
 10 -4.21343
 11 -4.21343
 12 -4.21343
 13 -4.21343
 14 -4.21343
 15 -4.21343
 16 -4.21343
 17 -4.21343
 18 -4.21343
 19 -4.21343
 20 -4.21343
 21 -4.21343
 22 -4.21343
 23 -4.21343
 24 -4.21343
 25 -4.21343
 26 -4.21343
 27 -4.21343
 28 -4.21343
 29 -4.21343
 30 -4.21343
 31 -4.21343
 32 -4.21343
 33 -4.21343
 34 -4.21343
 35 -4.21343
 36 -4.21343
 37 -4.21343
 38 -4.21343
 39 -4.21343
 40 -4.21343
 41 -4.21343
 42 -4.21343
 43 -4.21343
 44 -4.21343
 45 -4.21343
 46 -4.21343
 47 -4.21343
 48 -4.21343
 49 -4.21343
 50 -4.21343
 51 -4.21343
 52 -4.21343
 53 -4.21343
 54 -4.21343
 55 -4.21343
 56 -4.21343
 57 -4.21343
 58 -4.21343
 59 -4.21343
 60 -4.21343
 61 -4.21343
 62 -4.21343
 63 -4.21343
 64 -4.21343
