 1 -6.93224
 2 -6.89841
 3 -6.8604
 4 -6.85205
 5 -6.84414
 6 -6.83665
 7 -6.81046
 8 -6.7994
 9 -6.79431
 10 -6.78949
 11 -6.78493
 12 -6.78061
 13 -6.7765
 14 -6.7726
 15 -6.76888
 16 -6.76533
 17 -6.76193
 18 -6.75867
 19 -6.75553
 20 -6.7525
 21 -6.74955
 22 -6.74668
 23 -6.74388
 24 -6.74112
 25 -6.7384
 26 -6.73571
 27 -6.73302
 28 -6.73034
 29 -6.72765
 30 -6.72493
 31 -6.71941
 32 -6.71658
 33 -6.71075
 34 -6.70773
 35 -6.70147
 36 -6.69821
 37 -6.69486
 38 -6.69141
 39 -6.68787
 40 -6.68423
 41 -6.68048
 42 -6.67663
 43 -6.67268
 44 -6.66862
 45 -6.66446
 46 -6.66019
 47 -6.65581
 48 -6.65133
 49 -6.64675
 50 -6.64207
 51 -6.6373
 52 -6.63243
 53 -6.62748
 54 -6.62243
 55 -6.61731
 56 -6.61211
 57 -6.60684
 58 -6.6015
 59 -6.5961
 60 -6.59065
 61 -6.58515
 62 -6.5796
 63 -6.57402
 64 -6.56841
 65 -6.56278
 66 -6.55713
 67 -6.55147
 68 -6.54582
 69 -6.54016
 70 -6.53452
 71 -6.5289
 72 -6.52331
 73 -6.51776
 74 -6.51225
 75 -6.50678
 76 -6.49604
 77 -6.49076
 78 -6.48557
 79 -6.48046
 80 -6.47545
 81 -6.47053
 82 -6.46571
 83 -6.461
 84 -6.45641
 85 -6.44759
 86 -6.43929
 87 -6.42437
 88 -6.42101
 89 -6.41475
 90 -6.41186
 91 -6.40911
 92 -6.40653
 93 -6.39276
 94 -6.38905
 95 -6.38808
 96 -6.38723
 97 -6.3865
 98 -6.38537
 99 -6.38495
 100 -6.38463
 101 -6.38438
 102 -6.38421
 103 -6.3841
 104 -6.38405
 105 -6.38405
 106 -6.38408
 107 -6.38413
 108 -6.3842
 109 -6.38428
 110 -6.38434
 111 -6.38441
 112 -6.38439
 113 -6.38431
 114 -6.38417
 115 -6.38395
 116 -6.38365
 117 -6.38324
 118 -6.3813
 119 -6.38038
 120 -6.37805
 121 -6.37663
 122 -6.36653
 123 -6.36386
 124 -6.36096
 125 -6.35783
 126 -6.35445
 127 -6.35084
 128 -6.34288
 129 -6.33854
 130 -6.33396
 131 -6.32411
 132 -6.31886
 133 -6.29588
 134 -6.28972
 135 -6.28343
 136 -6.27704
 137 -6.27057
 138 -6.26405
 139 -6.25751
 140 -6.25099
 141 -6.24453
 142 -6.23816
 143 -6.23194
 144 -6.2259
 145 -6.22011
 146 -6.21462
 147 -6.20055
 148 -6.1969
 149 -6.19161
