306875 306875 0.0001378 0.00199441 0.0213664 0.0215137 0.0123243 0.00891857 0.00863451 0.00925957 0.0101013 0.0109183 0.0116438 0.0122972 0.0129048 0.0133994 0.013705 0.0138092  4.76661e+07 9.45036e+07 2.7623e+06 1.08927e+06 1.02157e+06 1.41425e+06 141911 95453.6 80263.1 67192.3 14662.8 10085.2 8020.93 6486.63 2076.14 122.614
7.44714e+06 7.44714e+06 0.000754707 0.0108748 0.111238 0.112258 0.0657671 0.0479408 0.0464043 0.0496507 0.0540205 0.0582509 0.0620039 0.0653908 0.0685504 0.0711305 0.0727289 0.0732756  5.82669e+06 3.07087e+07 6.0298e+07 2.01518e+06 904349 866285 1.116e+06 135062 90717.3 73078.4 58188.2 13827.7 9853.26 8238.28 7051.05 2642.04
1.84926e+06 1.84926e+06 0.000482947 0.00697457 0.0729862 0.0737102 0.0427279 0.0310149 0.0300038 0.0321225 0.0349824 0.0377564 0.0402195 0.0424414 0.0445119 0.0462009 0.0472462 0.0476034  4.19868e+06 3.2033e+06 9.09396e+06 1.47038e+07 716537 419455 395524 428032 70360.4 47445.9 37059.1 28475.4 7624.58 5750.44 5060.5 6325.82
533021 533021 0.000463786 0.00669665 0.0699894 0.0705483 0.0409016 0.029715 0.028766 0.0308114 0.0335648 0.0362337 0.0386023 0.0407379 0.0427269 0.0443488 0.0453523 0.0456951  1.58586e+08 1.22677e+06 952728 2.60179e+06 4.39638e+06 228963 135202 123879 128184 20214.4 13325 10440.6 8278.4 2341.77 1870.83 3896.87
364208 364208 0.000282983 0.004091 0.0433116 0.0436079 0.025122 0.0182177 0.0176407 0.0189102 0.0206179 0.0222741 0.0237441 0.0250685 0.0263006 0.0273045 0.027925 0.0281367  5.00496e+07 4.4635e+07 1.11977e+06 971833 1.3217e+06 1.72246e+06 189291 137098 114120 91537.4 20006.8 13907.8 11122.8 9037.3 2917.06 7568.57
7.13295e+06 7.13295e+06 0.00144685 0.0207319 0.200539 0.202144 0.121541 0.0895006 0.086728 0.0926351 0.100539 0.108157 0.114902 0.120997 0.126701 0.13137 0.134272 0.135266  8.22466e+06 3.29569e+07 2.93455e+07 904360 832381 1.09095e+06 1.33816e+06 171931 122448 97252.2 74567.6 17514.2 12642.8 10658.3 9166.8 11442.5
2.145e+06 2.145e+06 0.000768513 0.0110694 0.112832 0.113679 0.0666842 0.0486664 0.0471363 0.05045 0.0548986 0.0592018 0.0630176 0.0664597 0.0696698 0.0722906 0.073914 0.0744692  5.74913e+06 5.35985e+06 1.02984e+07 7.12531e+06 390537 413824 476682 493281 84191.6 59331.6 45408.8 33645.1 8910.44 6833.39 6078.37 12515.4
532707 532707 0.000477861 0.00689784 0.0718977 0.0723941 0.042015 0.0305491 0.0295853 0.0316946 0.0345295 0.0372757 0.0397123 0.0419086 0.0439538 0.0456214 0.046653 0.0470054  2.16771e+08 1.67895e+06 1.58425e+06 2.76372e+06 1.98891e+06 119631 129374 145158 143504 23451.7 16123.6 12359 9439.18 2639.25 2143.32 6146.03
241961 241961 0.000141581 0.00205001 0.022041 0.0222521 0.012733 0.00920009 0.00889818 0.00953663 0.0103998 0.0112386 0.011984 0.0126558 0.0132808 0.0137899 0.0141045 0.0142118  9.14009e+06 5.93922e+07 1.86344e+06 1.86057e+06 1.61392e+06 1.08438e+06 134702 136795 126454 100840 22336.6 15872.1 12372.2 9768.2 3144.67 10454.8
1.13873e+07 1.13873e+07 0.00197513 0.0281822 0.261557 0.263478 0.161462 0.119787 0.116164 0.12391 0.134231 0.144145 0.152912 0.160842 0.168283 0.174386 0.178187 0.179492  2.03146e+07 6.9999e+06 3.87517e+07 1.50586e+06 1.65888e+06 1.40702e+06 932483 128688 123300 107616 82297.6 19609.1 14426 11841 9899.34 14869.5
1.36224e+06 1.36224e+06 0.000683558 0.00985415 0.101292 0.102167 0.0597102 0.0434961 0.042107 0.0450668 0.0490495 0.0529058 0.0563272 0.0594138 0.062292 0.0646413 0.0660963 0.0665938  2.25192e+07 6.33438e+06 3.05033e+06 8.29134e+06 589287 805813 633605 398607 64653.6 57840 47769.7 35292.1 9522 7407.53 6400.91 14318.6
753802 753802 0.000858563 0.0123595 0.12524 0.126285 0.0742992 0.0542624 0.052542 0.0562082 0.061135 0.0659003 0.0701261 0.0739397 0.0774988 0.0804059 0.0822076 0.082824  1.27656e+08 6.57754e+06 1.8761e+06 835618 2.36798e+06 183159 254589 194781 117074 18190.5 15884.7 13145 10013.6 2852.91 2350.4 6930.4
238467 238467 0.000178926 0.00259088 0.0278555 0.0281802 0.0161326 0.0116482 0.0112578 0.0120587 0.0131449 0.014201 0.01514 0.0159867 0.016775 0.0174174 0.0178146 0.0179501  6.8246e+06 3.63118e+07 2.68492e+06 1.05243e+06 809665 1.28895e+06 213358 278013 177703 96386.9 18793.8 15194.3 12813.7 10177.1 3330.38 11428.9
7.33464e+06 7.33464e+06 0.00191366 0.0273274 0.255507 0.257868 0.15756 0.116665 0.113046 0.120551 0.130588 0.140241 0.148784 0.156515 0.163769 0.16972 0.173426 0.174699  4.47486e+07 5.21371e+06 2.39677e+07 2.05368e+06 883470 746636 1.10763e+06 197346 250879 152719 80912.3 16784.2 13708.5 12191 10256.6 16072.4
1.32301e+06 1.32301e+06 0.000875501 0.0126038 0.127725 0.128916 0.0758622 0.0553859 0.0536128 0.0573402 0.0623557 0.0672083 0.0715124 0.0753978 0.079025 0.0819883 0.0838252 0.0844537  3.90368e+07 1.22192e+07 2.26138e+06 5.42964e+06 707697 383688 367150 470248 94500.3 117362 68466.1 36050.8 8298.67 6944.92 6515.5 15079.5
714928 714928 0.000580082 0.00837314 0.0871304 0.0881246 0.0512362 0.0372063 0.0359743 0.0384883 0.0418892 0.0451885 0.0481187 0.0507638 0.0532307 0.0552444 0.0564915 0.0569178  2.5578e+08 1.13997e+07 3.6075e+06 598379 1.50046e+06 216128 119690 111415 136109 26151 31647.7 18475 10022 2434.88 2157.46 7072.31
234532 234532 0.000114446 0.00165774 0.0178886 0.0180778 0.0103286 0.0074555 0.00720793 0.00772398 0.00842289 0.00910246 0.00970653 0.0102511 0.0107578 0.0111705 0.0114255 0.0115126  4.37135e+07 6.87839e+07 3.94576e+06 1.45476e+06 593405 925497 221541 122719 111535 116010 25568.9 30916.5 18537 10537.3 3122.35 11583.1
1.80881e+07 1.80881e+07 0.00283012 0.0400406 0.343736 0.342871 0.217149 0.16388 0.159679 0.170327 0.1842 0.197395 0.209003 0.219495 0.229353 0.237454 0.242508 0.244248  1.20863e+07 2.83082e+07 4.47035e+07 2.82751e+06 1.1457e+06 545940 811252 209393 109806 95992 96928.8 22101 27783.1 17626.5 10620.9 15990
2.75738e+06 2.75738e+06 0.0010971 0.0157573 0.156147 0.157068 0.0933313 0.0684869 0.0663949 0.0710203 0.0772021 0.0831661 0.0884481 0.0932142 0.0976647 0.101302 0.103558 0.10433  1.4748e+07 4.45251e+06 8.21461e+06 7.85067e+06 684607 391831 252889 337996 98352.3 48285.8 40910.2 40551.7 9909.96 13232.9 8889.99 14381.5
551197 551197 0.000637615 0.00919754 0.0950997 0.0960665 0.0560071 0.0407333 0.0394049 0.042163 0.0458855 0.0494938 0.0526969 0.0555877 0.0582838 0.0604847 0.0618477 0.0623138  8.01767e+07 4.30475e+06 1.3073e+06 2.05636e+06 2.03791e+06 200820 118719 74771.9 95325.5 26491.7 12657.2 10719.3 10938 2819.88 3985.85 7379.79
408367 408367 0.000400771 0.00579321 0.0611772 0.0618894 0.0357345 0.0258817 0.0250191 0.0267813 0.0291679 0.0314857 0.0335452 0.0354035 0.0371352 0.0385478 0.039422 0.0397206  1.12936e+07 2.32602e+07 2.21411e+06 760781 1.14332e+06 1.17438e+06 164852 113859 79811.8 89307.9 26488.5 13231.6 11342.5 12227.3 3511.06 15112.2
1.22862e+07 1.22862e+07 0.00649553 0.0892643 0.595169 0.592054 0.417815 0.330062 0.323081 0.341702 0.365223 0.387094 0.406189 0.423613 0.440281 0.454172 0.462961 0.466024  4.15824e+07 8.33861e+06 1.54199e+07 1.71589e+06 620332 965132 999978 146010 99586 68343.5 74658.6 22787.8 11792.9 10619.7 12154.2 19922.2
1.02505e+06 1.02505e+06 0.00100514 0.0144561 0.145059 0.146446 0.0865834 0.0633152 0.0612881 0.0655189 0.0712106 0.0767141 0.0815947 0.0860023 0.0901197 0.0934856 0.0955732 0.096288  1.48161e+07 1.15e+07 3.20656e+06 1.83096e+06 449231 210286 342190 350975 55386.3 37643.4 25644.9 27625.7 8964.07 4908.69 4629.43 15026.1
1.1694e+06 1.1694e+06 0.00132133 0.0189616 0.186003 0.188045 0.112402 0.0824743 0.0798064 0.0852023 0.0924687 0.099488 0.105712 0.111339 0.116607 0.120919 0.123598 0.124517  1.55964e+08 4.326e+06 3.38752e+06 828200 494241 135436 64985.7 102866 100524 15147.1 10020.1 6824.96 7569.9 2591.58 1502.32 6348.2
1.76739e+06 1.76739e+06 0.0012391 0.0177804 0.174513 0.175723 0.10491 0.0770824 0.0747051 0.0798548 0.0867442 0.093389 0.0992741 0.104588 0.109554 0.113617 0.116138 0.117001  1.39012e+07 4.32731e+07 3.5115e+06 1.20787e+06 739994 431543 188929 74939.5 105775 97867.4 15646.7 11171.5 7968.57 9415.86 3400.95 11382.7
1.99839e+07 1.99839e+07 0.00648579 0.0892809 0.602105 0.603466 0.425001 0.334175 0.326027 0.344123 0.36737 0.389101 0.408142 0.425575 0.442301 0.456265 0.465112 0.468198  7.76082e+06 1.01796e+07 2.77851e+07 2.41779e+06 785999 625435 372103 174077 63942 84698.4 77024.4 12642.3 9412.22 7099.27 8919.64 14951.6
2.30215e+06 2.30215e+06 0.00213486 0.0304255 0.279151 0.281309 0.173319 0.128819 0.124914 0.133163 0.144155 0.154707 0.164037 0.172482 0.180413 0.186923 0.19098 0.192374  6.03955e+06 3.37477e+06 3.86809e+06 3.03708e+06 766085 249202 281358 159165 80361.3 26755 33297.2 30513.1 5337.83 4261.12 3409.94 12264
1.22187e+06 1.22187e+06 0.00287771 0.0407152 0.349401 0.349264 0.221352 0.166915 0.162471 0.173162 0.18715 0.200469 0.212198 0.222808 0.232787 0.240993 0.246116 0.24788  1.07894e+08 1.76071e+06 973090 797302 652742 202563 70040.7 77184.2 41309.5 19721.3 6332.7 7824.24 7347.39 1352.35 1141.32 4430.02
1.08035e+06 1.08035e+06 0.00121871 0.0175063 0.173377 0.175471 0.104446 0.0764847 0.0739788 0.0789908 0.0857535 0.0922927 0.0980933 0.103338 0.108246 0.112263 0.114758 0.115613  3.50168e+07 2.92815e+07 1.44001e+06 537562 823077 602563 319173 80049.1 95399.5 46398.3 23480.2 7918.7 9825.96 10109 2092.95 9211.98
1.64272e+07 1.64272e+07 0.00765846 0.104617 0.662255 0.667781 0.483809 0.383922 0.37391 0.392909 0.417527 0.440513 0.460695 0.479313 0.49734 0.512486 0.522138 0.525521  8.76547e+06 2.27305e+07 1.87503e+07 987811 407364 736884 536512 292591 68482.3 79600.6 37624.8 19579.3 6818.73 8806.93 9682.41 11651.3
1.67358e+06 1.67358e+06 0.00135017 0.0193579 0.188393 0.18972 0.113719 0.0836756 0.081101 0.0866627 0.0940994 0.101268 0.107615 0.113348 0.118709 0.123096 0.12582 0.126754  7.46914e+06 2.95609e+06 6.22268e+06 1.68522e+06 274915 159179 336258 226215 126443 26993.5 31156.5 14564.7 8078.37 2974.3 3986.27 10435.5
862613 862613 0.00164435 0.0235409 0.225469 0.228105 0.137901 0.101579 0.0982907 0.104818 0.113604 0.12208 0.129593 0.136393 0.142769 0.147998 0.15125 0.152367  1.10097e+08 2.17959e+06 864373 1.48945e+06 419478 78886.2 47464.5 97790.2 62603.9 33330.7 6908.61 7956.8 3824.57 2236.36 871.312 4455.04
592741 592741 0.000615568 0.00887922 0.091811 0.0926345 0.053991 0.039283 0.0380182 0.0406928 0.0442962 0.0477875 0.050886 0.0536813 0.0562873 0.0584141 0.0597309 0.0601811  2.45684e+07 3.2245e+07 1.79278e+06 559736 768933 338214 133443 57394.9 119226 70723.4 38919.1 8107.02 10046.7 5118.02 3293.8 8489.42
1.71149e+07 1.71149e+07 0.00750474 0.10236 0.64267 0.640139 0.463148 0.369645 0.361927 0.381742 0.406674 0.429754 0.449893 0.468345 0.486104 0.500968 0.510412 0.513714  6.25963e+06 1.716e+07 2.13577e+07 1.33274e+06 457786 643923 303691 125933 51171.8 102503 59209.3 33287.4 7144.02 9420.43 5085.19 12519.4
1.33747e+06 1.33747e+06 0.00105003 0.0150814 0.149545 0.150114 0.0891268 0.0654388 0.0634842 0.0679445 0.0738891 0.0796208 0.0846948 0.0892704 0.0935398 0.0970273 0.0991891 0.099929  2.46489e+06 3.06543e+06 5.76326e+06 2.32028e+06 342218 170448 234449 121247 53877.8 20216 39283 22362.2 13258.8 2986.54 4211.33 8426.54
791391 791391 0.00164896 0.0235899 0.224604 0.226361 0.137093 0.101221 0.0980884 0.10469 0.113521 0.122024 0.129551 0.136357 0.142733 0.147958 0.151206 0.152321  7.92258e+07 719434 899993 1.44471e+06 600350 99889.6 51452.9 69167.9 34161.5 14510.9 5302.24 10303.4 6039.58 3778.29 900.946 4017
495568 495568 0.000728059 0.0104926 0.107526 0.108491 0.0635011 0.0462747 0.0447901 0.0479257 0.0521473 0.056235 0.0598617 0.0631343 0.066187 0.0686795 0.0702234 0.0707515  1.09976e+07 2.27613e+07 504599 686415 1.0948e+06 633184 172561 71592.1 76892.2 38557.1 18071.5 6358.14 12895.1 8147.55 5644.17 7856.35
7.46001e+06 7.46001e+06 0.00402078 0.0558982 0.415183 0.397887 0.265163 0.208147 0.206492 0.221846 0.240396 0.257545 0.272377 0.285629 0.297995 0.30812 0.314425 0.316593  8.60188e+06 8.40274e+06 1.50176e+07 396152 559957 950666 591162 164144 65008.4 65051.7 32477.2 15623.2 5669.87 12106 8121.23 14355.3
1.1572e+06 1.1572e+06 0.00123498 0.0177206 0.173884 0.175022 0.104494 0.0767907 0.0744343 0.0795742 0.086446 0.0930726 0.098941 0.104239 0.10919 0.113239 0.115752 0.116613  4.51259e+06 3.47687e+06 3.49351e+06 2.19327e+06 132750 225907 398914 268142 76013.7 28583.9 26706.7 13646.8 6960.67 2661.09 5986.84 11875.8
643215 643215 0.00150451 0.0215422 0.206958 0.208275 0.12557 0.0926178 0.0897939 0.0959132 0.104084 0.111951 0.118915 0.125205 0.131093 0.135913 0.138907 0.139934  8.1156e+07 1.31699e+06 1.01857e+06 853495 556531 38479.1 67855.6 116888 74845.5 20233.7 7395.04 6899.81 3627.14 1950.98 789.395 5582.61
467433 467433 0.000614834 0.00886838 0.0916772 0.0924809 0.053905 0.0392249 0.037965 0.0406378 0.0442377 0.0477253 0.0508203 0.0536123 0.0562152 0.0583393 0.0596544 0.0601039  2.49769e+07 2.52023e+07 901352 775703 719711 414619 70503.7 85521.6 133235 82596.4 24495.8 8427.02 7950.78 4635.06 2806.85 9530.98
1.23275e+07 1.23275e+07 0.00599198 0.0827087 0.571331 0.5697 0.396507 0.310994 0.303953 0.321642 0.344183 0.365237 0.383652 0.400447 0.416485 0.429832 0.438264 0.441198  8.37184e+06 1.68124e+07 1.71596e+07 674227 626671 638526 368851 70327.2 76690.8 112825 69844.4 21302.9 7499.3 7417.48 4643.41 13209.9
2.09402e+06 2.09402e+06 0.00172218 0.0246336 0.234013 0.23639 0.143404 0.105849 0.102503 0.109336 0.118501 0.127331 0.135151 0.142227 0.148861 0.154302 0.157686 0.158849  4.6241e+06 4.54989e+06 5.23292e+06 2.65644e+06 196493 245287 276668 153121 34174.6 32377.4 44884.4 28513.3 9255.5 3388.62 3505.58 9198.77
760683 760683 0.00156416 0.0223912 0.214556 0.216215 0.130558 0.0962925 0.0933089 0.0996162 0.108055 0.116184 0.123382 0.129888 0.13598 0.140971 0.144072 0.145137  5.11338e+07 1.34896e+06 1.32324e+06 1.1791e+06 627090 54975.9 71814.2 78844.3 41353.1 8753.55 8022.89 11068.2 7216.92 2467.16 955.393 3776.62
256854 256854 0.000321083 0.00464272 0.0492105 0.0496914 0.0286286 0.0207343 0.0200549 0.0214804 0.0234067 0.0252769 0.0269383 0.0284364 0.0298314 0.0309686 0.0316719 0.0319121  4.74594e+07 1.85921e+07 1.18505e+06 1.09043e+06 813508 528520 87783.4 93434.3 88352.5 43006.1 11683.3 9306.89 13182.1 9469.71 3789.75 7494.04
9.35512e+06 9.35512e+06 0.00434055 0.0607724 0.473327 0.475341 0.314964 0.241236 0.234725 0.248959 0.267559 0.285165 0.300651 0.314739 0.328107 0.339175 0.346131 0.348539  9.98349e+06 3.16656e+07 1.31493e+07 1.01192e+06 940710 726471 491587 86361.5 85039.8 77088.4 36935.6 10697.3 8517.98 12654.6 9768.13 12485.9
1.51848e+06 1.51848e+06 0.000744992 0.0107313 0.109489 0.11024 0.0646283 0.0471676 0.0456931 0.048914 0.0532351 0.0574146 0.0611202 0.0644623 0.0675784 0.0701219 0.0716972 0.0722358  5.06107e+06 5.15026e+06 9.81907e+06 2.78805e+06 367909 397373 316856 220921 41506.5 36934.5 32164 15410.9 4951.85 3979.6 6188.92 11813.5
767078 767078 0.000888927 0.012798 0.129745 0.131085 0.0771396 0.0562902 0.0544613 0.0582256 0.0633014 0.0682149 0.0725748 0.0765121 0.0801891 0.0831938 0.0850567 0.0856944  1.33069e+08 1.47801e+06 1.52253e+06 2.64093e+06 778859 112643 124178 96485.4 64292.8 11569.7 10046.6 8764 4328.95 1468.65 1249.89 5956.99
221761 221761 0.000183152 0.00264776 0.0280696 0.0281325 0.0161799 0.0117489 0.0113952 0.0122312 0.0133487 0.014431 0.0153908 0.0162542 0.0170563 0.0177091 0.0181122 0.0182496  1.00205e+07 4.15279e+07 981058 1.51228e+06 1.50444e+06 776236 139235 144092 100884 59753.2 13829.5 10719.9 9692.65 5143.72 2163.77 10139.3
1.49514e+07 1.49514e+07 0.00457652 0.0635711 0.466343 0.454583 0.306186 0.239482 0.236021 0.252118 0.271987 0.29045 0.306494 0.320934 0.334518 0.345703 0.352704 0.355121  9.28249e+06 7.57152e+06 2.80305e+07 783722 1.28617e+06 1.28065e+06 728892 134300 129917 86714.9 50741.5 12453.3 9679.27 9289.34 5250.13 13504.4
1.24825e+06 1.24825e+06 0.000957923 0.0137557 0.136345 0.136155 0.0807558 0.0594065 0.0577462 0.061897 0.0673862 0.0726687 0.0773388 0.0815429 0.0854589 0.0886538 0.0906321 0.0913085  4.58167e+07 4.40127e+06 3.10215e+06 4.4601e+06 237503 512858 499867 329148 62094.6 54913.3 34886.5 20504 5582.6 4377.2 4467.6 9751.78
788063 788063 0.00118247 0.0169373 0.163913 0.162985 0.0976467 0.0722357 0.0703451 0.075423 0.0820857 0.0884769 0.0941172 0.0991914 0.103918 0.107775 0.110164 0.110981  6.14478e+07 1.33704e+07 1.29142e+06 776467 1.13904e+06 68291 153157 146515 92436.6 16709.5 14414.4 9168.03 5552.32 1595.66 1324.7 4535.77
1.41346e+06 1.41346e+06 0.00118864 0.0170508 0.167021 0.1675 0.099997 0.0736029 0.0714436 0.0764527 0.0831117 0.0895236 0.0951962 0.100311 0.105087 0.108989 0.111408 0.112237  1.58383e+07 1.83219e+07 4.44564e+06 939218 642566 960606 79983.1 190229 145577 98822.1 17718.6 15768.9 10062.4 6538.59 2340.53 8310
9.22306e+06 9.22306e+06 0.00622639 0.0842579 0.510077 0.471054 0.335645 0.276637 0.279986 0.302627 0.327878 0.35039 0.369431 0.386225 0.401799 0.41452 0.422441 0.425168  1.15462e+07 1.09145e+07 1.22516e+07 2.54334e+06 687222 539731 841225 72777.2 163260 118024 80685.2 14652.5 13415.5 8952.75 6227.22 10913.1
1.12933e+06 1.12933e+06 0.00123609 0.0176929 0.170129 0.168908 0.101461 0.0751842 0.0732683 0.0785778 0.0855235 0.0921789 0.0980486 0.103327 0.108243 0.112255 0.114739 0.115589  4.24622e+06 8.81886e+06 3.4985e+06 1.50662e+06 365382 252472 218930 342485 31231.4 65861.5 45355.3 32517.2 6176.27 5960.35 4156.4 8655.95
710072 710072 0.00100087 0.0143527 0.140576 0.139569 0.0831235 0.0613922 0.0598044 0.0641719 0.0698987 0.0753951 0.0802463 0.0846075 0.088665 0.0919729 0.0940199 0.0947196  1.635e+08 1.2383e+06 2.56778e+06 811320 351939 99018.2 72232.2 61809.4 92728.6 8095.44 16630.4 11451.6 8452.5 1693.68 1730.14 3919.1
367544 367544 0.000271557 0.0039208 0.0410654 0.0410195 0.0237093 0.0172726 0.0167754 0.0180149 0.0196627 0.0212554 0.0226661 0.0239345 0.0251123 0.0260706 0.0266623 0.0268642  2.28153e+07 4.97845e+07 1.27336e+06 1.9269e+06 672407 504338 150411 104757 83067.5 113066 10265.9 20600.3 14501.8 12059.8 2572.56 9258.78
1.47279e+07 1.47279e+07 0.00340033 0.0477168 0.38228 0.374186 0.243028 0.186875 0.183604 0.196475 0.212646 0.227822 0.24107 0.252984 0.264145 0.273304 0.279015 0.28098  1.05959e+07 1.77202e+07 3.34381e+07 991418 1.5828e+06 600475 491542 138705 94483.5 72584.6 97669.7 9174.71 18614.9 13868.6 12437.1 12958.7
1.88488e+06 1.88488e+06 0.000843753 0.0121319 0.121747 0.121855 0.0718965 0.0527335 0.0512082 0.0548779 0.0597519 0.0644504 0.0686082 0.0723527 0.0758406 0.0786859 0.0804475 0.0810497  7.63827e+06 7.39009e+06 7.70211e+06 6.15684e+06 330400 657947 278311 247573 63816.8 42249.7 31695.1 42914.4 4293.25 8932.14 7048 13919.2
864037 864037 0.000986368 0.014161 0.140054 0.139862 0.0830385 0.0611059 0.0593954 0.0636552 0.0692893 0.0747108 0.0795037 0.0838191 0.0878393 0.0911196 0.0931511 0.0938458  8.26646e+07 2.22964e+06 2.17512e+06 1.98805e+06 1.62951e+06 97268.5 199864 82801.6 70549.6 17432.1 11264 8464.1 11813.2 1247.71 2748.83 6798.95
451054 451054 0.000350241 0.00506004 0.0532256 0.0535519 0.0309405 0.0224678 0.0217635 0.0233288 0.0254313 0.0274688 0.0292766 0.0309054 0.0324208 0.0336557 0.0344192 0.0346798  1.84012e+07 2.57612e+07 2.51529e+06 1.50268e+06 1.74182e+06 1.4063e+06 145968 198815 90119.1 76702.1 18667 11743.7 9315.1 14131 1746.85 13176.1
6.21215e+06 6.21215e+06 0.00208571 0.0296385 0.265855 0.263152 0.163056 0.12244 0.119579 0.128046 0.138997 0.149419 0.158582 0.166829 0.174533 0.180837 0.184753 0.186097  8.50935e+06 1.36826e+07 1.74683e+07 1.96509e+06 1.25421e+06 1.56717e+06 1.29829e+06 138714 174806 78109.5 66559.3 16150.3 10490.2 8841.87 14365.3 16219.9
1.69282e+06 1.69282e+06 0.00100118 0.0143823 0.142927 0.143311 0.0849796 0.0623979 0.0605624 0.0648483 0.07055 0.0760456 0.0809092 0.0852929 0.0893811 0.0927191 0.0947876 0.0954952  1.03618e+07 5.67767e+06 5.59272e+06 4.1446e+06 751668 572617 766384 637237 70301.9 80573.2 36324.5 31860.1 7891.18 5404.54 4856.44 18038.7
666533 666533 0.000884902 0.0127209 0.127362 0.127556 0.0753525 0.0552773 0.053666 0.0574951 0.0625851 0.0674923 0.0718352 0.0757474 0.0793929 0.0823677 0.0842099 0.0848398  1.17539e+08 3.02432e+06 1.6676e+06 1.40944e+06 1.0754e+06 219401 172878 226360 179937 18993 21212.6 9568.01 8644.08 2259.37 1638.25 7326.65
275103 275103 0.000191734 0.00276742 0.0289386 0.0287492 0.0166096 0.012127 0.0118021 0.0126932 0.013869 0.0150033 0.0160067 0.0169074 0.0177424 0.0184211 0.0188396 0.0189823  1.90921e+07 3.55839e+07 2.97162e+06 1.56154e+06 1.16215e+06 868643 276104 153092 224713 175822 20528.5 19718 9803.47 9725.28 2748.08 11563
7.44583e+06 7.44583e+06 0.00193329 0.0275134 0.250217 0.248054 0.152803 0.114403 0.111643 0.119553 0.129821 0.139609 0.148222 0.155975 0.163216 0.169139 0.172817 0.174078  2.83704e+07 1.36338e+07 2.37815e+07 2.2608e+06 1.2849e+06 1.00224e+06 775902 250725 130963 189617 148118 17859 17260.4 9183.84 9789.04 15292.4
1.36397e+06 1.36397e+06 0.000721014 0.0103726 0.104725 0.104558 0.0614806 0.0450858 0.0438192 0.0470036 0.05122 0.0552831 0.058877 0.0621106 0.0651191 0.0675711 0.0690879 0.0696061  8.91925e+06 9.48549e+06 5.16366e+06 5.5199e+06 855659 618006 491343 379768 122952 59102.7 85916.9 68520.3 8794.01 8648.7 4947.63 14527.5
649370 649370 0.000767807 0.0110185 0.108913 0.107465 0.06364 0.0470321 0.0459203 0.0493824 0.0538867 0.0582037 0.0620092 0.0654226 0.06859 0.0711672 0.0727592 0.0733025  4.8012e+07 2.60362e+06 2.7951e+06 1.35252e+06 1.47431e+06 252289 187945 146621 108771 33818.2 15889.3 23160.3 19052.4 2582.53 2689.99 6391.12
617319 617319 0.000620417 0.00893884 0.0915252 0.0917544 0.0536482 0.0391897 0.0380242 0.0407605 0.0444092 0.0479337 0.0510557 0.0538673 0.0564845 0.0586182 0.0599382 0.0603892  1.25454e+07 1.8823e+07 1.71916e+06 1.65501e+06 1.02752e+06 1.0213e+06 300128 202712 144162 104189 34164.7 14038.1 22797.6 20445.1 3212.11 11249.1
3.49149e+06 3.49149e+06 0.0014283 0.0204002 0.192257 0.19021 0.11522 0.0857883 0.0837397 0.089839 0.0977621 0.105332 0.111998 0.117988 0.123567 0.12812 0.130941 0.131906  6.78142e+07 9.08578e+06 1.34685e+07 1.28952e+06 1.2736e+06 884243 901360 271527 178342 120967 86823.8 28906 12039.8 20891.4 20068.4 15195.3
1.77602e+06 1.77602e+06 0.00116263 0.0166774 0.163395 0.163659 0.0976666 0.0719179 0.0698422 0.0747682 0.0813039 0.0875942 0.0931573 0.0981717 0.10285 0.106673 0.109042 0.109853  4.2999e+06 1.93263e+07 3.55962e+06 4.12305e+06 531909 590363 441811 442241 136433 87301.9 57287.2 41978 14627.2 6286.26 11720.6 21202.2
883693 883693 0.000777146 0.0111789 0.112679 0.112713 0.0663552 0.0486402 0.0472387 0.0506383 0.0551523 0.0595047 0.0633563 0.066824 0.0700528 0.0726859 0.0743154 0.0748724  3.95916e+07 1.25469e+06 5.65697e+06 865880 1.03033e+06 151750 175313 128505 122897 36232.9 22567 14802.1 11165 4104.02 1866.98 10298.5
380845 380845 0.000419367 0.00605257 0.0630557 0.0632668 0.0366975 0.0267186 0.02591 0.0277851 0.030292 0.0327175 0.0348676 0.0368035 0.0386043 0.0400714 0.0409784 0.041288  6.35427e+07 1.46104e+07 915428 2.20665e+06 706342 805796 139277 191900 132500 120462 37324.7 22897 15384.6 12498.7 5096.56 15568.5
4.3403e+06 4.3403e+06 0.00188405 0.0267845 0.241712 0.23778 0.146695 0.110272 0.107936 0.115812 0.125917 0.135518 0.143947 0.151517 0.15857 0.16433 0.167903 0.169127  5.82186e+07 4.10126e+07 1.03065e+07 736420 1.62151e+06 618539 720084 126002 169556 112521 101527 31876.4 20283.4 14369.9 12456.3 21896.5
3.32779e+06 3.32779e+06 0.00139427 0.0199646 0.192159 0.192504 0.115837 0.0855567 0.0830998 0.0888981 0.0965819 0.103968 0.110497 0.116385 0.121885 0.126383 0.129175 0.130131  8.43432e+06 1.62345e+07 1.18699e+07 2.79915e+06 297226 601315 295156 338301 59539.9 78782.6 50853.4 46619.3 15247 10282 7688.85 19632.2
899308 899308 0.000702603 0.0101196 0.103204 0.103644 0.0607366 0.0443688 0.0430204 0.0460835 0.0501782 0.0541352 0.0576415 0.0608015 0.0637455 0.0661471 0.0676337 0.0681419  4.95022e+07 2.46039e+06 4.73225e+06 2.76198e+06 669539 82744.1 175427 84362.1 92227.5 15478.5 19896 12818 12083.7 4166.55 2973.36 8330.63
743706 743706 0.000734842 0.0105707 0.10664 0.10649 0.0626429 0.0459402 0.0446452 0.0478838 0.0521737 0.0563077 0.0599646 0.0632553 0.0663172 0.068813 0.070357 0.0708845  1.98567e+07 1.89524e+07 1.7706e+06 1.87832e+06 1.29825e+06 663649 114523 166928 88432.1 85602.4 15122.3 20954.6 13849.1 14193.5 5307.75 15229.6
6.14746e+06 6.14746e+06 0.00277387 0.0392162 0.335005 0.332113 0.210443 0.159296 0.155587 0.166235 0.179968 0.192993 0.20443 0.214745 0.224417 0.232354 0.237301 0.239002  3.86787e+07 1.53496e+07 1.31093e+07 1.30322e+06 1.28435e+06 1.0091e+06 596855 108368 141156 73198.9 69419.5 12657.4 18113.4 12629 13869.5 21330.5
1.35645e+06 1.35645e+06 0.000786831 0.0113091 0.113211 0.112777 0.0665434 0.0489084 0.047578 0.0510513 0.055633 0.0600419 0.0639387 0.0674432 0.0707029 0.0733595 0.0750027 0.0755641  6.51597e+06 1.16593e+07 6.6966e+06 3.14944e+06 498633 478930 422332 296345 56172 63713 32995.3 31326.3 6104.98 9231.92 6802.31 20366.2
713443 713443 0.000795967 0.0114368 0.114175 0.113582 0.0670814 0.0493482 0.0480282 0.0515456 0.056177 0.0606313 0.0645668 0.068105 0.0713952 0.0740762 0.0757344 0.0763009  2.61781e+07 1.90169e+06 3.42813e+06 1.71726e+06 819515 144385 143752 124627 83984.3 15287.7 16945.2 8797.19 8613.73 1772.75 2839.06 8815.84
433244 433244 0.000442338 0.00638874 0.0669494 0.0675277 0.0391065 0.0283913 0.0274773 0.0294286 0.0320584 0.0346085 0.0368723 0.0389135 0.0408147 0.0423651 0.0433243 0.043652  4.7724e+07 8.88157e+06 2.24835e+06 1.55961e+06 1.51871e+06 789952 152740 143822 108891 85472.5 17168.7 17191.1 9214.45 9484.66 2267.09 15438.5
4.10846e+06 4.10846e+06 0.00239658 0.0339758 0.297964 0.295076 0.18473 0.139241 0.136005 0.145496 0.157752 0.169395 0.179626 0.188841 0.197464 0.204529 0.208924 0.210434  1.79084e+07 3.23223e+07 6.17509e+06 1.79465e+06 1.21269e+06 1.37279e+06 732052 142609 127434 91526.2 72966.6 15234.6 15314.1 8652.82 9474.66 19042.4
1.72479e+06 1.72479e+06 0.000842791 0.0121267 0.122421 0.123021 0.0724499 0.0530109 0.0513989 0.0550326 0.0598889 0.0645789 0.0687338 0.0724798 0.0759724 0.0788235 0.0805895 0.0811935  4.08133e+06 6.32533e+06 1.07073e+07 1.52619e+06 705688 478899 663794 354820 68984 58273.2 39962.7 33481 7508.1 7694.22 4587.11 16253.5
684337 684337 0.00079561 0.0114576 0.116568 0.117462 0.0689668 0.0503433 0.0487549 0.0521726 0.056763 0.0612033 0.065141 0.0686935 0.0720074 0.0747133 0.0763896 0.076963  7.12545e+07 1.19162e+06 1.86501e+06 2.80555e+06 413651 211804 147525 199620 102010 18990.5 15647.3 10744.6 9277.34 2196.2 2383.15 6814.01
201612 201612 0.000215536 0.00311293 0.0327169 0.0326565 0.0188418 0.013722 0.0133304 0.0143204 0.0156355 0.0169066 0.0180324 0.0190443 0.0199835 0.0207474 0.0212189 0.0213797  2.14162e+07 2.51094e+07 792691 1.21656e+06 1.92585e+06 350110 277272 145621 202811 102901 18699.2 15939.1 10725.9 10393.6 2886.94 11893.8
5.92112e+06 5.92112e+06 0.00229224 0.0323015 0.270745 0.258866 0.16376 0.125934 0.124764 0.134667 0.146816 0.158177 0.168051 0.176847 0.184992 0.191618 0.195717 0.197119  2.38605e+07 1.62099e+07 1.72206e+07 627379 986131 1.66019e+06 317803 256806 126858 172671 87233.7 16223.3 14257.2 10045.7 10460.8 15914.6
2.28062e+06 2.28062e+06 0.00135193 0.0193648 0.187006 0.187346 0.112561 0.0830878 0.0806976 0.0863381 0.0938152 0.101004 0.10736 0.113091 0.118444 0.122821 0.125536 0.126466  4.33793e+06 7.84518e+06 6.77143e+06 3.7155e+06 210641 395305 720062 145211 119854 54825.9 74086.7 38175.9 7472.98 6907.03 5082.27 14450.4
642202 642202 0.00089559 0.0128527 0.126854 0.125894 0.0747064 0.0551127 0.053694 0.0576421 0.0628181 0.0677877 0.0721744 0.0761164 0.0797817 0.0827683 0.0846156 0.0852467  4.30849e+07 1.26549e+06 2.28862e+06 1.58883e+06 896187 58920.3 115724 206500 39731.3 31283.2 13906.3 18760.6 9942.79 2052.18 2007.3 5987.49
116130 116130 0.0001379 0.0019934 0.0211306 0.021124 0.0121428 0.00882545 0.00856779 0.00920292 0.010049 0.0108677 0.0115933 0.0122456 0.0128511 0.0133435 0.0136475 0.0137511  2.84781e+07 1.57795e+07 1.08179e+06 1.27136e+06 1.50119e+06 817353 64787.8 135810 217337 40776.8 33170.9 14187.9 20042 11692.1 2714.88 10896.1
4.42838e+06 4.42838e+06 0.00217844 0.0309294 0.275207 0.272209 0.16925 0.127302 0.124375 0.133171 0.144527 0.155323 0.164811 0.17335 0.181329 0.187859 0.191918 0.19331  2.29739e+07 1.95222e+07 1.0938e+07 887382 1.03425e+06 1.38722e+06 752431 61645.1 123712 189433 35440.8 29146.4 12821.4 19217.8 12012.3 14958.6
1.67861e+06 1.67861e+06 0.00104394 0.0149878 0.148137 0.148325 0.0881467 0.064816 0.0629457 0.067413 0.0733417 0.079051 0.0841012 0.0886517 0.0928948 0.0963592 0.098506 0.0992405  5.4987e+06 8.83441e+06 6.65398e+06 2.73648e+06 349724 442691 705584 367022 30888.6 58888.4 86781.8 16557.4 14104.7 6498.93 10353.5 15636.3
558783 558783 0.00067065 0.00964773 0.0974463 0.0970543 0.0570241 0.0418476 0.0407047 0.04369 0.0476311 0.0514263 0.0547817 0.0577986 0.0606032 0.0628878 0.0643002 0.0647826  9.4099e+07 1.60471e+06 2.59114e+06 1.65426e+06 698295 100910 132540 206921 102936 8288.53 15396.6 22697.6 4460.08 4009.18 1955.67 8232.07
1.17905e+06 1.17905e+06 0.00106646 0.0152949 0.149805 0.149252 0.0889673 0.0656355 0.0638649 0.0684703 0.0745348 0.080361 0.085507 0.0901376 0.0944507 0.0979696 0.100149 0.100894  7.12878e+07 3.2531e+07 1.00797e+06 1.84579e+06 1.01183e+06 616346 119328 141000 218610 102719 8476.19 15738.7 23497.8 5115.89 4857.39 13195.5
5.22034e+06 5.22034e+06 0.00127252 0.0182292 0.176365 0.176167 0.105678 0.078063 0.0758994 0.0812793 0.0883809 0.0952028 0.101229 0.106659 0.111724 0.115861 0.118427 0.119305  6.64528e+07 4.62349e+07 2.19974e+07 672104 1.3245e+06 807922 527592 107491 118885 178775 81920.9 6992.19 13201.5 20705.4 4851.03 18073.4
2.52294e+06 2.52294e+06 0.000756732 0.0108905 0.110246 0.11048 0.0649384 0.0475377 0.0461372 0.0494424 0.0538431 0.0580898 0.0618499 0.0652367 0.0683911 0.070964 0.0725565 0.0731008  6.415e+06 1.7928e+07 1.38865e+07 6.25117e+06 287367 685477 413356 273713 57877.8 59646 88782.3 40756.7 3720.47 7311.66 12079.6 14393.7
1.23802e+06 1.23802e+06 0.000774582 0.0111424 0.112341 0.11238 0.066152 0.0484884 0.0470907 0.0504798 0.0549801 0.0593195 0.0631596 0.0666171 0.0698362 0.0724614 0.0740861 0.0746413  8.96711e+07 1.8729e+06 5.28801e+06 3.66234e+06 1.69494e+06 85920.7 210578 124225 78791 15977.7 16079.5 23984.6 11353.2 1094.36 2277.62 8672.9
534764 534764 0.000468007 0.00676293 0.071154 0.0720667 0.041695 0.0302062 0.0291887 0.0312305 0.0339998 0.0366896 0.03908 0.0412379 0.04325 0.044892 0.0459086 0.046256  2.25703e+07 2.53305e+07 1.09261e+06 1.92834e+06 1.86594e+06 1.25895e+06 96962.3 231401 115358 76267.4 16518.9 15776 24107.8 12157.7 1370.85 13531.7
7.61279e+06 7.61279e+06 0.00284111 0.0401731 0.34331 0.341573 0.216617 0.163755 0.159724 0.170477 0.184424 0.197669 0.209313 0.219827 0.2297 0.23781 0.242868 0.244608  2.78743e+07 1.60829e+07 1.67284e+07 827792 1.44843e+06 1.59099e+06 1.13737e+06 91579 208264 98913.7 64608.2 14541.6 14065.4 22699.9 12149 15961.2
2.06648e+06 2.06648e+06 0.001312 0.0187945 0.181717 0.181813 0.109141 0.0805836 0.0783026 0.0838111 0.0910998 0.098105 0.104296 0.109877 0.115086 0.119343 0.121984 0.122888  7.82952e+06 1.03542e+07 5.97463e+06 3.21547e+06 276360 497306 666378 512670 43903.5 94809.5 43257.2 28627.6 6929.4 6899.34 11773.5 15521.4
983921 983921 0.000999296 0.0143809 0.145057 0.146923 0.0867178 0.0632821 0.0611765 0.0653497 0.0709953 0.0764631 0.0813169 0.0857043 0.0898062 0.0931611 0.0952427 0.0959556  1.97332e+08 2.28404e+06 3.02103e+06 1.40592e+06 775547 77152.9 145383 191036 140352 11474.4 24093 10978.6 7474.67 1907.94 2010.5 8366.95
1.0866e+06 1.0866e+06 0.000710734 0.0102408 0.10479 0.105522 0.0617798 0.045064 0.043652 0.0467326 0.0508672 0.0548671 0.058414 0.0616127 0.0645948 0.0670286 0.0685358 0.069051  6.0592e+07 5.60853e+07 1.58199e+06 1.6591e+06 1.13272e+06 575295 103365 137111 182603 136360 12443.8 25229.2 11678.8 8568.97 2573.1 13635.5
1.07672e+07 1.07672e+07 0.00190471 0.027075 0.244037 0.240124 0.148231 0.111442 0.109074 0.11702 0.127217 0.136906 0.145412 0.153051 0.16017 0.165985 0.169592 0.170828  2.51103e+07 4.0527e+07 3.65363e+07 1.1611e+06 1.26966e+06 978848 507957 96294.7 116775 151285 112129 10669.6 22052.3 10795.5 8392.94 17008.5
2.23806e+06 2.23806e+06 0.000676273 0.00974571 0.0998922 0.100519 0.0587941 0.0428849 0.0415521 0.0444972 0.0484458 0.0522653 0.0556517 0.0587048 0.0615501 0.0638717 0.065309 0.0658003  6.11209e+06 7.49377e+06 1.30173e+07 7.62145e+06 441099 551433 470125 241183 49119.2 53725 69372.3 52660.8 5434.71 11690 6070.44 15235.7
870653 870653 0.000755418 0.0108808 0.110935 0.111705 0.0655103 0.0478153 0.0463188 0.0495806 0.0539573 0.0581903 0.0619437 0.0653289 0.0684855 0.0710622 0.0726581 0.0732039  5.10554e+07 1.78504e+06 2.21755e+06 3.54051e+06 2.15014e+06 135691 172921 143715 70521 13767.8 14705.4 19030.7 14897.9 1623.66 3698.75 7109.3
977170 977170 0.00096049 0.0138117 0.138488 0.139405 0.0823936 0.0603216 0.0584549 0.0625413 0.0680136 0.0732991 0.0779826 0.0822083 0.0861521 0.0893739 0.091371 0.0920544  1.95668e+07 2.35128e+07 1.52861e+06 1.07401e+06 1.90661e+06 1.23554e+06 147750 166909 142532 67817.1 14737.6 14213.9 19125.8 16043.5 2054.71 13678.8
4.95481e+06 4.95481e+06 0.00173405 0.0247225 0.228695 0.227005 0.1388 0.103564 0.100993 0.108175 0.117529 0.126463 0.134332 0.141414 0.148025 0.15343 0.156784 0.157933  5.94817e+07 1.36286e+07 1.67584e+07 1.09319e+06 769361 1.5411e+06 1.01963e+06 133753 142469 117661 55357.5 12402.1 12024.8 17133.6 15293 16140.3
1.99474e+06 1.99474e+06 0.00109521 0.015718 0.154757 0.154971 0.0922645 0.067887 0.0659289 0.0705962 0.076789 0.0827512 0.0880245 0.0927768 0.0972092 0.100829 0.103073 0.10384  1.36064e+07 1.74893e+07 4.88978e+06 5.04429e+06 451739 335631 712726 457569 68648.3 68941.4 56431 27108.7 6497.93 6455.45 9781.93 19198
1.12828e+06 1.12828e+06 0.000976474 0.0140329 0.139959 0.140495 0.0831899 0.0610181 0.0591915 0.063364 0.0689276 0.0742941 0.0790457 0.0833297 0.0873257 0.0905889 0.0926111 0.093303  3.92312e+07 3.97058e+06 5.12508e+06 1.2041e+06 1.27535e+06 129688 100121 208257 127815 18337.8 17935.9 14681.6 7262.16 1836.62 1931.54 9135.67
1.10904e+06 1.10904e+06 0.00109366 0.0157269 0.157426 0.159426 0.0944347 0.0690118 0.0667292 0.0712679 0.0774016 0.0833382 0.0886064 0.0933692 0.0978238 0.101468 0.103731 0.104506  1.31965e+07 1.4508e+07 1.75006e+06 2.38088e+06 873170 1.16312e+06 158274 101463 183714 112068 18662.1 17492.6 15124 8093.76 2339.77 13974.1
5.48641e+06 5.48641e+06 0.00339517 0.0473268 0.360981 0.342057 0.224659 0.176203 0.1755 0.189382 0.205998 0.221346 0.234595 0.246377 0.257303 0.266209 0.271732 0.273626  5.7353e+07 1.00035e+07 9.9898e+06 1.13601e+06 1.72483e+06 757194 1.05121e+06 146237 87864.4 150161 89892.8 15642.7 14931.4 13655.6 7797.72 16713.1
1.18282e+06 1.18282e+06 0.000928703 0.0133634 0.13479 0.136001 0.0802018 0.0586085 0.0567419 0.0606817 0.0659787 0.0711012 0.0756439 0.0797448 0.0835737 0.0867025 0.0886423 0.0893061  5.84784e+06 1.62049e+07 4.15383e+06 2.01213e+06 297660 627917 336874 479272 69275.6 39071.8 64089.2 38910 7417.22 7364.32 7157.72 13760.4
1.11705e+06 1.11705e+06 0.00100463 0.0144512 0.14521 0.146734 0.0867146 0.0633732 0.0613194 0.0655355 0.0712174 0.0767143 0.0815905 0.0859954 0.0901114 0.0934766 0.0955641 0.0962789  1.50677e+08 1.70757e+06 4.77888e+06 1.08654e+06 549318 90238.3 194835 101719 138000 19063.2 10472.8 17184.8 10746.3 2161.79 2272.4 6800.2
2.30777e+06 2.30777e+06 0.00173743 0.0248605 0.236795 0.23983 0.145408 0.107182 0.103692 0.110536 0.119755 0.128647 0.136528 0.143664 0.150361 0.155855 0.159275 0.160449  6.20602e+07 4.63421e+07 1.39942e+06 1.80861e+06 968518 563506 119485 229178 114408 144252 21108.9 11120.4 18027 12173.1 2874.37 12251.8
1.16857e+07 1.16857e+07 0.00245908 0.0348766 0.306629 0.30513 0.191057 0.143705 0.140101 0.149678 0.162137 0.173998 0.184435 0.193852 0.202678 0.209917 0.214425 0.215974  7.60423e+07 4.041e+07 3.03664e+07 905867 1.14478e+06 801696 495696 107010 192996 92895.9 113483 17014 9132.06 15475.4 11095.9 14877.7
3.59448e+06 3.59448e+06 0.00117136 0.0168163 0.165851 0.166951 0.0994416 0.0730128 0.070768 0.0756696 0.0822251 0.088549 0.09415 0.0992059 0.103929 0.107791 0.110187 0.111008  8.22448e+06 2.01236e+07 1.20248e+07 6.61791e+06 375002 473940 410456 254657 55736.8 95179 45519.4 55696.8 8897.6 4995.18 8882.49 15986.5
1.58946e+06 1.58946e+06 0.00104628 0.0150362 0.149825 0.150867 0.089436 0.065539 0.0635048 0.067919 0.0738318 0.0795411 0.0846 0.0891658 0.0934294 0.0969138 0.0990746 0.0998143  3.0032e+07 2.4005e+06 5.90237e+06 2.97513e+06 1.70079e+06 109499 143123 120903 71489.7 14930.7 24794.4 11846.6 14916.4 2513.32 1493.46 7830.94
658754 658754 0.000576866 0.00831972 0.0859624 0.0865069 0.0504079 0.0367157 0.0355699 0.0381011 0.0414974 0.0447846 0.0476999 0.0503277 0.0527756 0.0547721 0.0560077 0.0564299  1.8473e+07 1.50759e+07 2.41265e+06 1.96225e+06 1.48345e+06 1.28163e+06 145234 138808 128740 73551.1 16546.6 25907.5 13132.4 17079.3 3275.46 12314.8
4.48661e+06 4.48661e+06 0.00195742 0.0278753 0.254772 0.253736 0.156134 0.116608 0.113589 0.121496 0.131833 0.141708 0.15041 0.158254 0.16559 0.171595 0.175328 0.176609  1.40971e+08 1.39787e+07 1.09646e+07 1.8347e+06 1.39014e+06 1.23375e+06 1.13877e+06 135941 122200 110051 62316 14463.9 23030.5 12438.4 17038 16606.7
1.49354e+06 1.49354e+06 0.000720544 0.0103757 0.105595 0.105998 0.0621718 0.0454438 0.0440752 0.0472199 0.0514184 0.0554741 0.0590671 0.0623045 0.0653204 0.0677807 0.0693037 0.0698242  4.32683e+06 3.57794e+07 5.92649e+06 3.38016e+06 743849 510578 559255 549153 69888.7 58675.7 52336.5 30188.3 7477.4 12343.5 7133.59 20270.6
1.00004e+06 1.00004e+06 0.000499753 0.0072159 0.0753709 0.0760916 0.0441433 0.0320555 0.0310138 0.0332032 0.0361575 0.0390224 0.041566 0.0438605 0.0459986 0.0477429 0.0488225 0.0491913  1.21369e+07 1.26342e+06 1.05681e+07 1.5838e+06 932050 225083 158214 169292 159141 19420.6 15922.7 14233.5 8466.18 2214.43 3871.37 9067.53
510679 510679 0.000492485 0.0071113 0.0743169 0.0750242 0.0435133 0.0315965 0.0305712 0.0327315 0.035646 0.0384722 0.0409814 0.0432447 0.0453537 0.0470741 0.0481388 0.0485026  3.84675e+07 9.33286e+06 760983 3.27409e+06 1.51135e+06 942462 271418 140574 152392 150119 20083.6 15706.3 14495.9 9351.97 2823.21 16317.8
2.16903e+06 2.16903e+06 0.00117159 0.0168186 0.165788 0.16683 0.0993863 0.0729888 0.0707559 0.0756644 0.0822246 0.0885519 0.0941551 0.0992124 0.103937 0.107799 0.110196 0.111016  1.78602e+07 2.56228e+07 7.085e+06 577622 2.24542e+06 1.39491e+06 867470 249866 121599 127650 124879 17244.9 13857.4 13432.2 9266.04 20248.1
1.63327e+06 1.63327e+06 0.000865016 0.0124491 0.125853 0.126745 0.074631 0.0545525 0.0528512 0.0565566 0.0615247 0.0663268 0.0705835 0.0744236 0.0780062 0.0809321 0.0827451 0.0833653  3.50754e+07 5.66009e+06 8.30372e+06 2.67559e+06 244074 758424 749872 446399 127558 57963.3 60072.2 60093.5 8861.83 7476.67 7619 17997.3
925715 925715 0.00112672 0.0161811 0.160138 0.161195 0.0958568 0.0703367 0.0681689 0.0728971 0.0792234 0.0853281 0.0907358 0.0956167 0.100176 0.103903 0.106215 0.107006  1.20005e+07 1.02418e+07 1.66975e+06 2.1838e+06 731325 73840.1 234984 226423 128711 35189.3 15588.8 16171.5 16668.9 2594.61 2317.82 8372.51
936362 936362 0.000893664 0.0128579 0.129639 0.130521 0.0769457 0.0562751 0.054526 0.0583463 0.063466 0.0684132 0.0727979 0.0767536 0.0804444 0.0834588 0.0853269 0.085966  1.27656e+07 1.22802e+07 3.51693e+06 969954 1.29215e+06 740859 86018.3 154283 219524 119867 33344.3 14687.6 15357.1 17058.8 3038.6 12912.7
4.87149e+06 4.87149e+06 0.00275295 0.0389355 0.333701 0.331212 0.209633 0.158526 0.154759 0.165312 0.178952 0.191897 0.203271 0.213531 0.223154 0.231052 0.235975 0.237668  3.14202e+07 9.95208e+06 9.3909e+06 2.20397e+06 732320 1.06311e+06 663770 79406.2 123037 181606 96542.1 27205.8 12414.1 13632.9 16094.5 16183.2
1.75688e+06 1.75688e+06 0.00129762 0.0186119 0.181859 0.183131 0.109564 0.0805651 0.0780863 0.0834571 0.0906392 0.0975638 0.103696 0.109233 0.11441 0.118645 0.121275 0.122176  4.85496e+07 8.24509e+06 4.41397e+06 3.03357e+06 587021 325127 480031 323548 39814 50790.2 82269.3 43611.8 12851.3 6228.57 7190.56 18197.2
1.55112e+06 1.55112e+06 0.00191522 0.0273116 0.252504 0.2529 0.155023 0.115309 0.112055 0.119696 0.129786 0.139457 0.147994 0.155704 0.162924 0.168841 0.17252 0.173783  5.06421e+07 1.41683e+07 2.41316e+06 1.06713e+06 762537 169368 97336.3 140164 89941.9 10547.8 13070.7 21133.5 11522.1 3579.94 1836.18 7891.44
933105 933105 0.000755433 0.0108881 0.111616 0.112811 0.0660462 0.0480989 0.046528 0.0497636 0.0541305 0.0583612 0.0621164 0.0655066 0.0686707 0.0712551 0.0728565 0.0734043  1.96251e+07 1.67424e+07 4.5741e+06 723534 1.03774e+06 904986 172272 114357 137524 91229.6 11865.6 12676.3 22144.8 12998.9 4407.01 12849.2
4.64836e+06 4.64836e+06 0.00205856 0.0291889 0.257442 0.251614 0.15657 0.118435 0.116253 0.124874 0.135811 0.14616 0.155223 0.163348 0.170911 0.177084 0.180913 0.182224  6.78326e+07 1.36899e+07 1.16762e+07 2.90902e+06 531498 959748 847593 160334 103331 116290 76604.1 10383.8 11059.4 20619.6 12847.4 18208.9
2.08681e+06 2.08681e+06 0.00132315 0.0189877 0.186249 0.188306 0.112566 0.082601 0.0799372 0.0853503 0.0926363 0.0996734 0.105912 0.111553 0.116832 0.121155 0.12384 0.124761  2.20729e+07 1.99171e+07 4.87617e+06 3.02129e+06 727622 203622 494940 428782 80316.7 50809.1 54206 36635.8 5381.85 5805.92 11620.6 18637.9
1.55206e+06 1.55206e+06 0.00128354 0.0184186 0.180711 0.18235 0.10894 0.0799874 0.0774581 0.0827443 0.0898403 0.0966898 0.10276 0.108244 0.113374 0.117573 0.120179 0.121073  1.9414e+07 6.44276e+06 5.83684e+06 1.19074e+06 773940 213451 61697.6 145789 119991 21391.2 13133.7 13978.9 9713.79 1504.31 1717.29 9421.51
704197 704197 0.000604945 0.0087308 0.0907121 0.0917751 0.0534018 0.0387861 0.0374995 0.0401158 0.0436555 0.0470894 0.0501392 0.0528924 0.0554608 0.0575575 0.0588562 0.0593002  2.05577e+07 1.5776e+07 2.33187e+06 2.60774e+06 913590 731155 180423 61318.7 155055 122185 22100.5 14128.2 14648 10997.6 2006.58 14450.1
4.67613e+06 4.67613e+06 0.00199047 0.0283849 0.262186 0.263458 0.161702 0.120169 0.116648 0.124492 0.134899 0.144882 0.153704 0.161678 0.169154 0.175286 0.179102 0.180413  5.08233e+07 1.51775e+07 1.19725e+07 1.60189e+06 2.0185e+06 828252 699476 162359 54967.3 133767 103032 19114.6 12687.1 13683.9 10946.1 17509.4
1.16212e+06 1.16212e+06 0.000597528 0.00862506 0.0897387 0.0908404 0.0528298 0.0383547 0.0370753 0.0396587 0.043157 0.0465515 0.0495668 0.0522892 0.054829 0.0569025 0.0581868 0.0586259  2.52163e+07 1.37007e+07 6.16841e+06 4.09781e+06 511366 863574 421370 368527 78106.4 26761.4 63793.1 49206.4 9677.72 6834.25 7658.13 17033.2
833750 833750 0.000737395 0.0106311 0.109269 0.110529 0.0646414 0.0470399 0.0454872 0.0486425 0.0529078 0.0570422 0.060713 0.0640278 0.0671219 0.0696492 0.0712153 0.0717511  3.26228e+06 7.36754e+06 4.07044e+06 1.74076e+06 1.21481e+06 163165 278061 131612 109851 22298 7458.42 17818.1 14173.9 2944.01 2201.87 8385.96
359355 359355 0.000317153 0.00458732 0.048755 0.049312 0.0283842 0.0205369 0.0198528 0.0212577 0.0231605 0.0250091 0.0266519 0.0281339 0.0295143 0.0306399 0.0313361 0.0315739  8.47471e+06 1.07725e+07 3.08547e+06 1.54417e+06 1.4063e+06 1.19039e+06 148453 260605 128590 103737 20833.9 7236.12 17515.5 14838.9 3461.49 13000.9
2.78422e+06 2.78422e+06 0.00142276 0.0203681 0.195617 0.195973 0.118045 0.0872215 0.0847209 0.090627 0.0984515 0.105971 0.112618 0.118612 0.124213 0.128793 0.131636 0.13261  1.22444e+07 6.18628e+06 9.11022e+06 2.274e+06 1.18486e+06 1.28117e+06 1.11657e+06 139350 231837 112116 89458.3 18103.1 6550.9 16615.4 14930.8 17765
731447 731447 0.000565022 0.0081568 0.0849875 0.0859616 0.0499498 0.0362652 0.0350655 0.0375197 0.040839 0.0440593 0.0469194 0.0495009 0.0519083 0.0538733 0.0550901 0.055506  4.06468e+07 4.56742e+06 2.46712e+06 4.02887e+06 802407 460039 640900 567179 70456.8 110901 53737.2 43500.2 9118.71 3522.1 9357.53 19601.7
584812 584812 0.000871433 0.0125386 0.126505 0.127271 0.0749927 0.0548533 0.0531607 0.0568969 0.0618994 0.0667326 0.0710157 0.0748788 0.0784823 0.0814247 0.0832479 0.0838715  4.01523e+07 1.18759e+07 1.35731e+06 698580 1.19627e+06 255962 148101 200268 169246 20146.2 30970.2 15043.7 12561.3 2781.12 1137.74 9859.45
449614 449614 0.000374381 0.00541171 0.0571668 0.0577609 0.0333366 0.0241544 0.0233601 0.0250147 0.0272514 0.0294228 0.0313516 0.0330913 0.0347118 0.0360332 0.0368507 0.0371299  1.28466e+07 1.40073e+07 4.22306e+06 978249 547672 1.30719e+06 231207 123195 187856 154388 19130.5 28498.8 14595.9 12734.2 3144.19 12845.6
3.17064e+06 3.17064e+06 0.00175736 0.0247053 0.204712 0.189404 0.119315 0.0929667 0.0932955 0.10167 0.111595 0.120786 0.128713 0.1357 0.142097 0.14726 0.150432 0.15151  2.16782e+07 9.96793e+06 9.68238e+06 2.93884e+06 832181 508225 1.26751e+06 215119 108050 161778 130896 16766.8 25429.7 13848.7 12797.7 17106
1.35844e+06 1.35844e+06 0.00114577 0.0164535 0.162696 0.163841 0.0974806 0.0715303 0.0693185 0.0741182 0.0805427 0.0867424 0.0922343 0.097192 0.101824 0.10561 0.10796 0.108764  1.487e+07 6.84799e+06 4.32254e+06 2.1238e+06 656185 329081 228349 608731 98698 46905 71257.7 58449.1 8049.71 12660.6 7366.02 16834
773540 773540 0.00117878 0.0168959 0.164441 0.164106 0.0981474 0.072443 0.0704469 0.0754695 0.0820969 0.0884649 0.0940909 0.0991573 0.103881 0.107738 0.110128 0.110946  7.67414e+07 4.34038e+06 2.00985e+06 1.07643e+06 549846 192518 99720.8 67468.8 171411 26523 12259.5 18609 15709 2281.99 3798.97 7654.34
492473 492473 0.000522595 0.00754682 0.0789008 0.079806 0.0462975 0.0335926 0.0324786 0.0347547 0.0378345 0.0408234 0.0434782 0.0458743 0.0481085 0.0499317 0.0510605 0.0514463  9.10201e+06 2.51866e+07 1.5643e+06 1.13821e+06 897630 498328 198289 119770 73255.6 176977 27711.8 12554 19480.3 17244.2 2903.04 14639.2
3.16922e+06 3.16922e+06 0.00110469 0.0158437 0.155144 0.15486 0.0923624 0.0681002 0.0662195 0.0709583 0.077214 0.0832275 0.088541 0.0933253 0.0977842 0.101424 0.103679 0.10445  2.20737e+07 6.72574e+06 1.70525e+07 1.08905e+06 938456 831734 470968 186208 109706 64401 152375 24317.7 11288.6 18432.7 17268.1 18855.8
1.07649e+06 1.07649e+06 0.000817472 0.0117632 0.118863 0.119359 0.0702503 0.0514057 0.0498547 0.0533915 0.0581139 0.0626737 0.0667128 0.0703534 0.0737468 0.0765163 0.0782315 0.0788179  1.4774e+07 6.53833e+06 2.74023e+06 4.67386e+06 367262 442460 435358 245577 95990.7 55688.1 31975.4 76047.3 12762.7 6206.93 10683.7 22205.9
717998 717998 0.00113753 0.0163405 0.162049 0.163443 0.0971447 0.0712051 0.0689558 0.0737002 0.0800694 0.0862212 0.0916738 0.0965983 0.101201 0.104965 0.1073 0.1081  4.69363e+07 4.31351e+06 1.92809e+06 719608 1.26757e+06 110150 136227 130922 70637.9 26449.1 14971.5 8609.51 21105.6 3739.47 1925.77 10754.1
421378 421378 0.000551914 0.00796707 0.0829814 0.0838518 0.0487208 0.0353858 0.0342258 0.036629 0.0398753 0.0430238 0.0458196 0.0483424 0.0506944 0.0526139 0.0538022 0.0542084  5.9427e+06 1.53595e+07 1.71273e+06 938227 514150 819957 100819 140856 122539 67175.5 25339 14574.9 8469.52 21533.1 4381.63 15061.3
3.01993e+06 3.01993e+06 0.00194667 0.0273236 0.223203 0.206525 0.130886 0.102235 0.102625 0.111786 0.122618 0.132635 0.141267 0.148877 0.155848 0.161478 0.164938 0.166115  4.3029e+06 4.5744e+06 1.05617e+07 1.20108e+06 746888 462811 725751 94456.6 126864 104877 57043.2 21809.4 12962.7 7932.94 21279.6 20544.7
1.19779e+06 1.19779e+06 0.00167136 0.0238991 0.22661 0.228006 0.138304 0.10226 0.0991784 0.105905 0.114869 0.12349 0.131115 0.138007 0.14446 0.149747 0.153034 0.154162  9.38768e+06 3.24612e+06 1.95892e+06 2.23653e+06 303771 272890 201777 304068 44144.8 57782.2 46228.2 25796.2 10327.7 6498.45 4195.07 23318.1
703144 703144 0.00237854 0.0338311 0.304547 0.306736 0.190609 0.142156 0.137887 0.146893 0.158873 0.170357 0.180506 0.189698 0.198339 0.205441 0.209869 0.211393  1.44957e+07 2.73818e+06 943274 439120 520577 83817.5 79098.8 57115.6 81757.9 11275.9 14293.9 11388.6 6525.77 2752.18 1831.87 8193.71
452200 452200 0.00069111 0.00995034 0.101179 0.101342 0.0594344 0.0434803 0.042202 0.0452361 0.0492756 0.0531748 0.0566275 0.0597367 0.0626314 0.0649917 0.0664521 0.0669512  1.2571e+07 9.92758e+06 1.64543e+06 1.07705e+06 453444 492979 109420 98242 62507.5 83193.2 12862.8 16008.2 12560.9 7914.79 3645.21 13699.7
2.99008e+06 2.99008e+06 0.00212738 0.0302568 0.273118 0.272076 0.168382 0.126015 0.122756 0.131227 0.142295 0.15286 0.162166 0.170559 0.178415 0.184852 0.188856 0.190231  8.25422e+06 9.67492e+06 7.44001e+06 1.2233e+06 891269 411234 454236 103397 88311.9 53707.6 69664.8 11251.5 14328 11784.4 7932.69 18431.5
1.10454e+06 1.10454e+06 0.000956255 0.0137433 0.137189 0.137646 0.081461 0.0597523 0.0579749 0.0620736 0.0675346 0.0728015 0.0774643 0.0816675 0.0855872 0.0887875 0.0907705 0.0914488  1.78996e+07 4.13701e+06 4.23861e+06 2.45249e+06 502394 467402 222782 237274 54761.9 44307.8 26104.8 33763.2 5898.97 7853.91 6777.05 16202.7
722051 722051 0.00144798 0.0207085 0.197211 0.196694 0.11881 0.0880426 0.0856556 0.0917015 0.0996586 0.10729 0.114027 0.120097 0.125763 0.130393 0.133265 0.134249  2.8006e+07 5.2249e+06 1.21643e+06 1.08013e+06 644334 147815 141917 66128.7 67325.6 14868.9 11726 6913.41 9211.37 1698.5 2394.25 7385.9
284580 284580 0.000326897 0.00472877 0.0502986 0.0509286 0.0293104 0.0211955 0.0204806 0.0219232 0.0238807 0.0257834 0.0274748 0.029001 0.0304231 0.031583 0.0323005 0.0325456  8.68106e+06 1.51107e+07 1.97095e+06 1.07474e+06 992901 692891 185520 166253 70979.2 65253.6 15757.9 12028.2 7243.45 10082.2 2190.31 12743
3.81455e+06 3.81455e+06 0.00196118 0.0279104 0.253742 0.251849 0.155212 0.116164 0.113309 0.121291 0.131671 0.141571 0.150284 0.158131 0.165463 0.171462 0.175189 0.176468  2.60156e+06 7.13377e+06 1.11976e+07 1.45436e+06 962656 932378 665381 182028 153418 63035.7 56593.2 14117.5 11019.4 7010.33 10288.9 16419.6
1.22707e+06 1.22707e+06 0.00102754 0.0147809 0.148492 0.150215 0.0888051 0.0648818 0.0627584 0.0670568 0.0728572 0.0784704 0.0834508 0.0879512 0.0921579 0.0955981 0.0977326 0.0984636  1.3155e+07 1.55863e+06 3.43054e+06 3.56924e+06 468310 470477 469346 337665 94393.7 74586.8 29940.6 26806 7140.17 5810.96 3911.49 15827
551007 551007 0.00142341 0.0204031 0.197994 0.199771 0.119959 0.0882491 0.085472 0.0912698 0.0990452 0.106544 0.113188 0.119193 0.124813 0.129415 0.132275 0.133255  2.23998e+07 3.84131e+06 459335 888798 970738 142209 146160 141612 96965.7 25863.7 19881.7 7976.85 7351.85 2065.91 1779.78 6383.44
428534 428534 0.000552172 0.00797339 0.0832774 0.084312 0.0489453 0.0355084 0.0343199 0.0367143 0.0399585 0.0431076 0.0459054 0.0484312 0.0507872 0.0527104 0.0539014 0.0543085  1.89233e+07 9.47884e+06 2.38001e+06 577004 703709 1.02198e+06 151115 165210 146073 95473.7 26224.2 20048.7 8350.19 7962.16 2582.81 10372.3
2.70967e+06 2.70967e+06 0.00198558 0.0279614 0.234067 0.220335 0.138861 0.107377 0.10702 0.116053 0.12695 0.137095 0.145881 0.153667 0.160836 0.166646 0.170227 0.171448  8.61704e+06 1.35947e+07 6.79065e+06 1.81048e+06 549108 645252 956321 143844 149597 125608 80910.8 22859.2 17944.3 7920.56 7976.65 13905.3
1.00826e+06 1.00826e+06 0.000823817 0.011844 0.118781 0.118708 0.0700358 0.0514015 0.049943 0.0535438 0.0583156 0.0629132 0.06698 0.0706409 0.0740493 0.0768289 0.0785494 0.0791374  2.81509e+07 4.33118e+06 5.12871e+06 1.77379e+06 610721 281633 297697 450306 70012.7 69885.9 56748.6 37118.8 11185.4 9222.17 4329.99 12700
907545 907545 0.00158618 0.0227038 0.21728 0.219028 0.132346 0.0976286 0.0946028 0.100993 0.109542 0.117776 0.125067 0.131657 0.137829 0.142886 0.146029 0.147108  2.18488e+07 8.21688e+06 1.27442e+06 1.32153e+06 467095 178884 85238.2 88352.2 128118 19105.8 18621.4 15150.1 10216.6 3250.59 2838.1 5529.55
453344 453344 0.000424939 0.00614238 0.0648264 0.0656422 0.0379197 0.0274582 0.026534 0.0283947 0.0309181 0.0333696 0.0355483 0.0375148 0.039348 0.0408437 0.0417695 0.0420858  4.6684e+06 1.32865e+07 3.57632e+06 955360 1.088e+06 518444 240151 110661 86291.3 130772 20344.4 19492.5 15850 11284.1 3980.32 10776.9
4.43508e+06 4.43508e+06 0.00248193 0.0350516 0.298081 0.290395 0.183493 0.139848 0.13752 0.147674 0.160444 0.172475 0.182987 0.192408 0.201187 0.20836 0.212813 0.21434  3.07896e+07 3.65429e+06 1.01272e+07 2.58419e+06 834814 1.00201e+06 496342 229381 103947 74424.5 111693 18017.6 17687.8 15057.7 11385.9 15941.9
1.28631e+06 1.28631e+06 0.00135879 0.0194854 0.189933 0.191566 0.114785 0.0843926 0.0817499 0.0873251 0.0947975 0.102005 0.10839 0.114159 0.119556 0.123974 0.126718 0.127659  7.9786e+06 7.91656e+06 1.61719e+06 3.16841e+06 740239 377454 472402 243418 112211 50513.4 33246.8 50854.2 8821.82 9055.27 8062.85 15624.7
755164 755164 0.00136347 0.0195618 0.191419 0.193628 0.115889 0.085055 0.0822918 0.0878365 0.0953075 0.102524 0.108924 0.114711 0.12013 0.124568 0.127325 0.128271  3.24779e+07 2.32842e+06 2.31604e+06 388675 794601 213803 113089 137874 67555 29648.7 12954.8 8506.58 13377.5 2446.36 2657.19 7322.2
240512 240512 0.000394001 0.00569642 0.0602571 0.0610067 0.0352025 0.0254819 0.024625 0.0263551 0.0287014 0.030981 0.033007 0.0348355 0.0365397 0.0379299 0.0387903 0.0390842  7.71029e+06 1.11945e+07 1.21389e+06 707592 405169 968512 228049 126702 148371 71046 30821.1 13640.2 8813.33 15200.1 3203.32 13304.4
2.61879e+06 2.61879e+06 0.00187315 0.0265802 0.236406 0.230192 0.142563 0.10782 0.105969 0.113985 0.124116 0.133698 0.142084 0.149591 0.156567 0.162253 0.165774 0.166979  3.32405e+07 6.5537e+06 7.92376e+06 926801 533316 401086 936377 211312 115448 129285 61301.3 26867.6 12401.5 8360.27 15342 17901.2
998797 998797 0.000947975 0.0136465 0.138104 0.139809 0.0823822 0.0600966 0.0581086 0.0620919 0.0674763 0.0726911 0.0773199 0.0815026 0.0854115 0.0886076 0.0905901 0.0912689  9.9409e+06 1.01388e+07 3.30141e+06 2.11359e+06 312733 178509 211723 470187 100345 54751.8 59637.6 28802.4 13126.2 6480.52 4551.67 19372.8
845906 845906 0.00124256 0.0178458 0.17644 0.17859 0.106388 0.0779231 0.075363 0.0804556 0.08733 0.0939773 0.0998741 0.105207 0.110198 0.114283 0.116821 0.117691  8.90168e+06 2.90319e+06 2.99322e+06 870927 586161 96117.1 55940.6 64391.5 136125 27733.3 14729.2 16042.4 7978.12 3836.41 2005.16 7817.48
169347 169347 0.000249446 0.00361071 0.0386601 0.0391533 0.0224638 0.0162245 0.0156745 0.0167815 0.0182848 0.0197467 0.0210467 0.0222196 0.0233121 0.0242029 0.0247539 0.024942  8.2976e+06 9.06094e+06 1.06087e+06 1.3892e+06 964185 553130 118342 53004.2 68054.5 133254 26721.5 14694.2 16490.5 8784.41 4472.44 12228.6
2.41375e+06 2.41375e+06 0.00179064 0.0255494 0.237669 0.237503 0.145094 0.1079 0.104946 0.11221 0.121773 0.130932 0.139014 0.146304 0.153124 0.158706 0.162175 0.163365  3.50509e+06 6.58897e+06 7.04086e+06 774246 1.14451e+06 963262 539486 115727 48540 60895.5 115068 23297.6 13387.6 15806.4 8965.38 18057.8
535350 535350 0.000537738 0.00776633 0.0812538 0.0822947 0.0477395 0.0346189 0.0334549 0.0357876 0.0389502 0.0420209 0.0447494 0.0472128 0.0495107 0.0513864 0.052548 0.0529451  3.28623e+06 1.75358e+06 3.03356e+06 2.53315e+06 240236 476872 526595 279616 59939.2 23394.6 29227.2 54255.4 11395.8 7016.01 8718.57 15860.5
470173 470173 0.00129519 0.018593 0.182985 0.185151 0.110526 0.0810295 0.0783831 0.0836752 0.090812 0.0977097 0.103827 0.109359 0.114538 0.118778 0.121412 0.122315  5.0477e+07 960250 521665 867677 761907 77339.1 154535 165444 83849.6 17220.9 6564.32 8221.49 15742.9 3492.55 2277.44 8404.88
242450 242450 0.00039838 0.00575964 0.0609143 0.061679 0.0355945 0.0257652 0.0248976 0.0266456 0.0290166 0.0313203 0.0333678 0.0352158 0.0369383 0.0383434 0.0392131 0.0395102  1.14753e+07 1.56088e+07 820057 537089 826614 787973 76111.2 139751 163116 78224.4 17556 6672.45 8015.11 15818.8 3859.65 12540.2
1.5452e+06 1.5452e+06 0.00078269 0.0112712 0.114665 0.115459 0.0677821 0.0494943 0.0479492 0.0513244 0.0558513 0.0602287 0.0641095 0.0676098 0.070874 0.0735388 0.0751895 0.075754  3.33473e+07 8.76926e+06 1.05171e+07 683248 482295 790338 741468 72590.3 123311 142984 67129.3 15506 6095.72 7616.53 15782.6 17478
808109 808109 0.000618417 0.00892158 0.0923566 0.0932742 0.0543464 0.0395219 0.0382377 0.0409206 0.0445398 0.0480477 0.0511615 0.0539712 0.0565913 0.0587299 0.0600542 0.0605069  2.96591e+06 1.00519e+07 3.84241e+06 3.08599e+06 335815 263369 439959 391716 38873.3 60765.1 72020.8 33976.4 8353.1 3477.93 4516.69 20675.3
639516 639516 0.000824716 0.011884 0.121485 0.123012 0.0721433 0.0525285 0.0507769 0.0542707 0.059 0.0635844 0.0676553 0.0713332 0.0747686 0.0775762 0.079317 0.0799127  5.0062e+07 866430 2.98231e+06 1.07095e+06 899103 105752 83997.9 136370 115980 11027.8 16831.7 19994.5 9727.97 2525.77 1113.78 8522.22
391833 391833 0.000527811 0.00762132 0.0796015 0.0804836 0.0467082 0.0339007 0.0327812 0.0350806 0.0381903 0.0412074 0.0438871 0.0463055 0.0485602 0.0504002 0.0515393 0.0519287  2.09515e+07 1.74799e+07 474013 1.53946e+06 993671 579119 112063 92520 134219 108233 11290.8 15399.9 18984.2 9907.16 2979.2 11321.8
2.72696e+06 2.72696e+06 0.00134586 0.0191396 0.174387 0.167996 0.102642 0.0775836 0.0765287 0.0826432 0.0902958 0.0975257 0.103844 0.109478 0.114687 0.118917 0.121527 0.122417  6.96434e+06 1.39425e+07 1.21014e+07 365639 1.21178e+06 916439 507053 105594 83567.2 115473 90493.6 9875.69 13479.5 17641.9 9790.09 15083.3
912222 912222 0.000689834 0.00994867 0.102608 0.103768 0.0605857 0.0440666 0.0426151 0.0455813 0.0495899 0.0534759 0.0569263 0.0600414 0.0629482 0.0653219 0.0667926 0.0672955  2.43618e+07 3.68071e+06 4.42888e+06 3.19573e+06 139842 491956 455364 226100 53035.2 40630.1 54473.2 42559.7 5059.78 7018.74 9790.79 14731.5
734990 734990 0.00123058 0.0176664 0.174089 0.175697 0.104755 0.07685 0.0744094 0.0794948 0.0863259 0.0929224 0.0987692 0.104052 0.108992 0.113034 0.115544 0.116404  5.57305e+07 7.11668e+06 1.09126e+06 1.22351e+06 925661 43979.8 156752 140869 66736 14983.1 11198.6 15039.2 12113.5 1520.58 2233.71 8215.02
303223 303223 0.00026566 0.00384482 0.041104 0.0416221 0.023897 0.0172652 0.0166813 0.0178593 0.0194584 0.0210133 0.0223957 0.0236431 0.024805 0.0257524 0.0263384 0.0265385  1.47465e+07 1.93084e+07 3.46905e+06 1.02568e+06 732492 739375 53406.9 161977 143653 60159 14770.2 11213.1 14874.6 12668.4 1883.7 12494.4
3.8203e+06 3.8203e+06 0.00145404 0.0208097 0.199284 0.199583 0.12037 0.0889928 0.0864531 0.092477 0.100452 0.108115 0.114886 0.120994 0.1267 0.131367 0.134265 0.135257  3.95706e+07 1.11183e+07 1.36022e+07 2.726e+06 926612 653975 684997 52526 146106 126257 51325.4 13097.3 10259.1 14261.7 12848.1 15615.2
752622 752622 0.000431296 0.00623293 0.065656 0.0664181 0.0383948 0.0278212 0.0268954 0.0287876 0.0313496 0.0338373 0.0360475 0.0380419 0.0399008 0.0414172 0.0423557 0.0426764  3.965e+07 1.19712e+07 4.73207e+06 4.05915e+06 1.07759e+06 472890 311767 338199 28011.8 70769.2 60766.9 24467.6 6722.75 5554.76 8087.67 17093.1
918785 918785 0.000857447 0.0123451 0.125238 0.126375 0.0743238 0.0542547 0.0525182 0.0561721 0.0610887 0.065846 0.0700658 0.0738748 0.0774302 0.0803347 0.0821349 0.0827509  2.29531e+07 1.15867e+07 3.56636e+06 1.3757e+06 1.23755e+06 348971 153903 98448.9 102067 8110.1 20032.2 17257.7 7171.52 2081.87 1822.19 8706.65
185897 185897 0.000132384 0.00191793 0.0207255 0.020986 0.0119872 0.00864473 0.00835164 0.00894522 0.00975148 0.010536 0.0112338 0.0118631 0.0124489 0.0129263 0.0132214 0.0133222  1.64693e+07 1.05239e+07 4.62533e+06 1.81716e+06 1.21993e+06 902692 363987 160350 90058.7 90323.2 8128.8 18592.2 16407.5 7221.19 2362.84 12267
2.92347e+06 2.92347e+06 0.00145363 0.0207984 0.19876 0.198771 0.119954 0.0887636 0.0862806 0.0923251 0.100309 0.107973 0.114744 0.120848 0.126549 0.131211 0.134104 0.135095  5.66581e+06 1.27258e+07 7.73831e+06 3.43924e+06 1.53305e+06 1.13193e+06 835629 348437 146535 78047.1 77328.7 7322.4 16864.1 15756.9 7355.79 15957.3
814905 814905 0.000542596 0.00783561 0.0818948 0.082908 0.0481142 0.0349026 0.0337356 0.0360916 0.0392833 0.0423814 0.0451338 0.0476185 0.049936 0.0518277 0.0529991 0.0533995  4.00691e+06 1.60897e+06 5.65799e+06 2.56244e+06 1.10963e+06 653891 553156 399059 174981 70417.1 35971.2 36097.6 3737.08 8801.94 8722.27 13776.5
428044 428044 0.000928294 0.0133653 0.135471 0.137146 0.0807525 0.05889 0.0569387 0.0608434 0.0661229 0.0712369 0.0757766 0.0798787 0.0837121 0.0868461 0.08879 0.0894555  5.24453e+06 1.1708e+06 478516 1.61428e+06 768080 356317 211518 173546 119526 50219.2 19738.3 10108.5 10463.9 1144.21 2854.39 7682
195037 195037 0.000378619 0.0054745 0.0579651 0.0586749 0.0338403 0.0244936 0.0236717 0.0253375 0.0275958 0.0297899 0.0317399 0.0334996 0.0351395 0.0364771 0.0373049 0.0375877  5.10757e+06 2.94636e+06 1.23351e+06 222768 1.51692e+06 716666 317019 199760 166471 102003 46421.1 18459 9614.34 10397.7 1349.99 12172
871186 871186 0.00118389 0.016992 0.167207 0.168169 0.100253 0.0736604 0.071422 0.0763827 0.0830069 0.0893938 0.0950489 0.100152 0.10492 0.108817 0.111235 0.112063  1.554e+07 3.88711e+06 2.31869e+06 972344 185480 1.38613e+06 671212 286886 176155 142158 85633.2 40108.6 16484.5 9029.7 10342.6 14446.5
766721 766721 0.00106169 0.0152643 0.152625 0.154178 0.091321 0.0668082 0.0646594 0.0691038 0.0750861 0.0808703 0.0859999 0.0906335 0.0949641 0.0985052 0.100702 0.101455  2.65052e+07 1.23832e+07 1.68402e+06 942056 425550 88708.8 717312 348233 141455 85478.6 68194.5 41416.7 20671.1 8988.1 5183.52 15137.2
1.00202e+06 1.00202e+06 0.00133492 0.0191569 0.187915 0.190113 0.113659 0.0833791 0.0806639 0.0861035 0.0934356 0.10052 0.106802 0.112484 0.117803 0.122159 0.124865 0.125793  4.45896e+06 7.73868e+06 3.64491e+06 431188 252449 127887 27352.2 215072 99417.3 38535.9 22653.1 18061.9 11291.5 5945.12 2736.33 6526.31
654039 654039 0.000505167 0.00729737 0.0765106 0.0774656 0.044889 0.0325428 0.0314508 0.0336487 0.0366279 0.0395207 0.0420911 0.0444115 0.0465754 0.0483416 0.049435 0.0498088  1.37866e+07 7.23824e+06 3.54591e+06 3.53913e+06 407558 279413 141398 28968.9 208897 92473.2 35697.2 21146.9 17522.5 11378.8 6593.92 10914
1.80855e+06 1.80855e+06 0.00105043 0.0151103 0.151762 0.153686 0.0908909 0.0663843 0.0641873 0.0685627 0.0744767 0.0802018 0.0852828 0.0898757 0.0941705 0.0976837 0.099864 0.100611  8.66751e+06 1.05637e+07 5.72421e+06 2.54405e+06 3.25773e+06 384721 273343 129566 26706.4 178199 78284.7 30522.9 18709.6 16394.8 11305.1 18532.6
656827 656827 0.000465559 0.00672739 0.0707675 0.0716569 0.0414598 0.0300409 0.0290337 0.0310687 0.0338268 0.0365053 0.0388853 0.0410335 0.0430363 0.0446707 0.0456825 0.0460282  3.67448e+06 4.57653e+06 4.65809e+06 2.43535e+06 1.00173e+06 1.90777e+06 215827 154300 66844.5 14093.2 87902.5 39484.7 16026.7 10413 9678.17 18766.4
456856 456856 0.000803394 0.0115781 0.118507 0.119962 0.0703084 0.0511881 0.0494881 0.0529024 0.0575213 0.0619983 0.0659735 0.0695644 0.0729179 0.0756581 0.0773568 0.0779381  1.21005e+07 1.07378e+06 1.3631e+06 1.34985e+06 741649 324651 621310 68162.3 46548.7 19336.7 3984.47 24927.9 11554.4 4954.57 3409.92 9814.91
