 1 -4.18278
 2 -4.17759
 3 -4.26114
 4 -4.46354
 5 -4.1972
 6 -4.21305
 7 -4.31473
 8 -4.13446
 9 -3.95703
 10 -3.88222
 11 -4.40836
 12 -3.87396
 13 -4.36402
 14 -4.12208
 15 -3.89596
 16 -4.12355
 17 -5.25795
 18 -5.40275
 19 -5.80899
 20 -6.25373
 21 -5.70679
 22 -5.43915
 23 -7.38127
 24 -5.66303
 25 -5.69537
 26 -8.33031
 27 -8.77687
 28 -6.65408
 29 -4.61701
 30 -5.38103
 31 -7.08843
 32 -6.48201
 33 -4.90386
 34 -4.61987
 35 -4.8341
 36 -4.61574
 37 -4.89195
 38 -4.49112
 39 -4.50738
 40 -4.52787
 41 -4.93643
 42 -4.66443
 43 -4.93165
 44 -5.01884
 45 -4.94337
 46 -4.50027
 47 -4.50252
 48 -4.37923
 49 -4.44457
 50 -4.05397
 51 -4.16517
 52 -4.38624
 53 -4.66402
 54 -3.81857
 55 -3.85395
 56 -4.31641
 57 -4.15029
 58 -4.06651
 59 -4.11562
 60 -4.22062
 61 -4.24265
 62 -3.67837
 63 -4.04921
 64 -4.21036
 65 -4.30117
 66 -4.00912
 67 -4.51022
 68 -4.14068
 69 -4.07001
 70 -3.9702
 71 -4.92963
 72 -5.42831
 73 -5.89213
 74 -5.15029
 75 -4.86245
 76 -4.67981
 77 -5.21212
 78 -5.143
 79 -4.43832
 80 -5.00619
 81 -4.63744
 82 -3.9156
 83 -4.40822
 84 -4.64721
 85 -5.39481
 86 -4.88506
 87 -5.36373
 88 -4.91314
 89 -5.16947
 90 -4.49588
 91 -4.53326
 92 -4.37192
 93 -4.49069
 94 -4.50952
 95 -4.37878
 96 -4.36172
 97 -4.821
 98 -4.44518
 99 -4.43967
 100 -5.14633
 101 -5.26444
 102 -5.03958
 103 -4.56669
 104 -5.55938
 105 -5.11692
 106 -4.29384
 107 -6.00925
 108 -4.79833
 109 -4.82745
 110 -5.66819
 111 -5.32417
 112 -6.22433
 113 -4.72621
 114 -4.57331
 115 -4.60358
 116 -5.82406
 117 -4.81136
 118 -4.59964
 119 -5.18738
 120 -4.72786
 121 -4.88154
 122 -4.62068
 123 -4.66767
 124 -4.92793
 125 -4.38093
 126 -4.20551
 127 -3.83159
 128 -4.82967
 129 -5.2791
 130 -5.10963
 131 -6.24655
 132 -4.73945
 133 -4.88392
 134 -4.33369
 135 -3.27994
 136 -5.13429
 137 -4.69415
 138 -4.08067
 139 -4.20034
 140 -4.35311
 141 -4.22311
 142 -4.90478
 143 -4.4478
 144 -4.56263
 145 -4.66475
 146 -4.42081
 147 -5.32645
 148 -5.91058
 149 -5.09401
 150 -4.4789
 151 -4.8879
 152 -5.43337
 153 -4.87619
 154 -4.22549
 155 -3.94926
 156 -5.11047
 157 -4.89901
 158 -4.78292
 159 -6.19275
 160 -4.51566
 161 -4.56678
 162 -3.93965
 163 -4.28508
 164 -4.59303
 165 -4.5868
 166 -4.09384
 167 -5.22738
 168 -4.53156
 169 -4.51374
 170 -4.13051
 171 -4.42866
 172 -4.08704
 173 -4.34778
 174 -4.22598
 175 -4.30615
 176 -4.49214
 177 -4.48907
 178 -4.03263
 179 -4.07738
 180 -4.49034
 181 -4.45193
 182 -4.13592
 183 -4.1284
 184 -4.30698
 185 -4.15589
 186 -3.69725
 187 -3.65532
 188 -3.85836
 189 -4.07147
 190 -3.88442
 191 -3.7498
 192 -5.33309
 193 -3.98397
 194 -3.778
 195 -3.73763
 196 -3.89503
 197 -4.28919
 198 -4.15171
 199 -4.00191
 200 -3.99036
