 1 -5.6948
 2 -5.57896
 3 -5.34772
 4 -5.7485
 5 -6.43861
 6 -4.94425
 7 -4.31226
 8 -4.78111
 9 -4.4336
 10 -4.40621
 11 -5.06841
 12 -5.09687
 13 -4.63302
 14 -3.45628
 15 -4.58195
 16 -4.64179
 17 -4.93795
 18 -4.55187
 19 -5.58259
 20 -4.92419
 21 -4.82044
 22 -4.45814
 23 -3.884
 24 -4.18642
 25 -4.42254
 26 -4.87717
 27 -4.90485
 28 -4.21628
 29 -4.40639
 30 -4.89438
 31 -4.5234
 32 -4.41071
 33 -4.5134
 34 -5.05276
 35 -5.17091
 36 -4.22228
 37 -4.28013
 38 -5.02471
 39 -4.51798
 40 -4.44437
 41 -4.51143
 42 -4.62581
 43 -4.11663
 44 -4.33087
 45 -4.9529
 46 -4.54278
 47 -4.37313
 48 -4.43824
 49 -4.72137
 50 -5.36262
 51 -4.63185
 52 -4.11311
 53 -3.87042
 54 -3.97262
 55 -4.05984
 56 -4.72669
 57 -4.60149
 58 -4.55236
 59 -4.1429
 60 -4.73204
 61 -4.17448
 62 -4.65423
 63 -4.08773
 64 -4.53814
 65 -4.72023
 66 -4.76463
 67 -4.85727
 68 -4.52997
 69 -4.11569
 70 -4.62711
 71 -3.93035
 72 -4.27181
 73 -4.20562
 74 -4.54519
 75 -4.34468
 76 -4.1015
 77 -4.30497
 78 -4.55183
 79 -4.30984
 80 -4.49593
 81 -3.9285
 82 -4.43904
 83 -4.13422
 84 -3.88115
 85 -4.19971
 86 -4.24592
 87 -3.79141
 88 -4.44968
 89 -4.34139
 90 -4.52361
 91 -4.46858
 92 -4.46478
 93 -4.01168
 94 -4.21735
 95 -4.32821
 96 -4.38972
 97 -3.83836
 98 -3.8927
 99 -3.7609
 100 -3.56626
 101 -3.78165
 102 -4.18557
 103 -4.157
 104 -4.84608
 105 -4.32174
 106 -3.4381
 107 -4.29986
 108 -4.12293
 109 -3.74874
 110 -3.93398
 111 -4.34138
 112 -4.30005
 113 -4.03747
 114 -3.50057
 115 -3.98934
 116 -3.81039
 117 -3.51686
 118 -3.46937
 119 -4.41872
 120 -4.09391
 121 -4.22537
 122 -4.28726
 123 -4.73708
 124 -3.80089
 125 -4.09479
 126 -3.93956
 127 -4.27853
 128 -3.93657
 129 -3.65709
 130 -3.76054
 131 -4.53461
 132 -4.25176
 133 -4.02174
 134 -3.82037
 135 -4.40655
 136 -4.03785
 137 -4.23895
 138 -4.51365
 139 -4.5876
 140 -4.36339
 141 -4.1172
 142 -3.72288
 143 -4.10364
 144 -4.37808
 145 -4.05745
 146 -3.78596
 147 -3.9977
 148 -3.56773
 149 -3.68672
 150 -3.44323
 151 -3.73751
 152 -3.69145
 153 -3.49336
 154 -3.64657
 155 -3.81658
 156 -3.92968
 157 -3.61662
 158 -3.56815
 159 -3.54762
 160 -3.83077
 161 -3.82268
 162 -2.78086
 163 -3.71211
 164 -3.40365
 165 -3.19922
 166 -3.51776
 167 -3.62342
 168 -3.12703
