 1 -5.75069
 2 -4.55079
 3 -4.33035
 4 -4.45879
 5 -3.83769
 6 -4.10956
 7 -4.08922
 8 -3.45841
 9 -4.53857
 10 -3.58019
 11 -3.86543
 12 -3.76247
 13 -4.62183
 14 -3.48667
 15 -3.39001
 16 -3.47441
 17 -4.16415
 18 -3.61694
 19 -3.74347
 20 -4.04126
 21 -3.5553
 22 -3.23142
 23 -3.46597
 24 -3.08285
 25 -2.96568
 26 -3.26748
 27 -3.40287
 28 -3.21149
 29 -2.97321
 30 -3.10769
 31 -3.38102
 32 -3.20023
 33 -3.71037
 34 -3.07445
 35 -3.48925
 36 -3.25009
 37 -3.15288
 38 -3.5612
 39 -3.68499
 40 -3.20894
 41 -3.64638
 42 -3.29096
 43 -3.13816
 44 -3.12931
 45 -3.96729
 46 -3.09408
 47 -3.74348
 48 -3.34609
 49 -3.80281
 50 -3.01318
 51 -3.2547
 52 -3.36618
 53 -2.72695
 54 -2.93935
 55 -3.23871
 56 -2.97384
 57 -3.27835
 58 -3.35183
 59 -3.6356
 60 -3.5089
 61 -4.18067
 62 -3.41452
 63 -3.38461
 64 -3.36934
 65 -4.14205
 66 -3.65122
 67 -3.7314
 68 -3.911
 69 -3.41644
 70 -3.62625
 71 -3.07924
 72 -3.15854
 73 -3.22695
 74 -3.42705
 75 -3.06932
 76 -3.19015
 77 -3.04986
 78 -2.77403
 79 -3.04512
 80 -2.63521
 81 -3.04098
 82 -2.88274
 83 -3.05571
 84 -2.94384
 85 -3.03479
 86 -2.32869
 87 -2.44565
 88 -2.52979
 89 -3.50338
 90 -2.38676
 91 -2.58698
 92 -2.8194
 93 -1.01595
 94 -2.79717
 95 -2.85857
 96 -2.48341
 97 -2.26585
 98 -2.74191
 99 -2.7761
 100 -2.49858
 101 -1.81693
 102 -3.08961
 103 -3.18389
 104 -2.44639
 105 -2.09749
 106 -3.04339
 107 -2.60442
 108 -2.26966
 109 -2.4927
 110 -2.60074
 111 -2.06382
 112 -2.21205
 113 -1.98327
 114 -2.70772
 115 -2.76631
 116 -2.00978
 117 -2.30571
 118 -2.61762
 119 -2.75071
 120 -2.55857
 121 -1.74543
 122 -2.67664
 123 -2.42113
 124 -2.47505
 125 -1.07275
 126 -2.03225
 127 -2.08039
 128 -1.68678
 129 -1.76955
 130 -2.59763
 131 -2.07825
 132 -2.33981
 133 -2.03674
 134 -2.44813
 135 -2.51431
 136 -2.16643
 137 -2.11994
 138 -2.64203
 139 -2.20865
 140 -1.9567
 141 -2.53905
 142 -2.70335
 143 -1.984
 144 -1.91043
 145 -2.04672
 146 -2.34024
 147 -2.25955
 148 -1.59457
 149 -1.96878
 150 -2.16492
 151 -1.87298
 152 -1.31876
 153 -1.87137
 154 -2.16885
 155 -2.08171
 156 -1.2606
 157 -2.4307
 158 -2.08279
 159 -2.2471
 160 -1.90326
 161 -2.13366
 162 -2.22795
 163 -2.12118
 164 -1.62883
 165 -1.89098
 166 -1.47187
 167 -1.39344
 168 -1.75389
 169 -2.317
 170 -2.08542
 171 -1.86307
 172 -1.63226
 173 -1.94579
 174 -1.77569
 175 -2.10079
 176 -1.69298
 177 -2.13375
 178 -2.73212
 179 -2.44952
 180 -2.50039
 181 -2.36512
 182 -2.37477
 183 -2.27632
 184 -2.45442
 185 -3.01012
 186 -2.47249
 187 -2.61044
 188 -2.4875
 189 -3.60987
 190 -2.88526
 191 -2.50155
 192 -2.38241
 193 -2.78358
 194 -2.31001
 195 -1.94754
 196 -1.80874
 197 -2.56824
 198 -2.58782
 199 -2.30933
 200 -0.890882
