 1 -3.9174
 2 -3.92386
 3 -3.86502
 4 -3.78816
 5 -3.70437
 6 -3.80142
 7 -3.7501
 8 -3.6595
 9 -3.57477
 10 -3.73632
 11 -3.8276
 12 -3.79126
 13 -3.74293
 14 -3.87862
 15 -3.88404
 16 -3.8799
 17 -3.66368
 18 -3.70298
 19 -3.7577
 20 -3.68126
 21 -3.47641
 22 -3.49728
 23 -3.44148
 24 -3.3691
 25 -3.29806
 26 -3.34149
 27 -3.16405
 28 -3.01948
 29 -3.04508
 30 -3.39127
 31 -3.50885
 32 -3.51798
 33 -3.38755
 34 -3.46599
 35 -3.42863
 36 -3.29799
 37 -3.18201
 38 -3.44485
 39 -3.35064
 40 -3.14661
 41 -3.00749
 42 -3.17488
 43 -3.22022
 44 -3.1249
 45 -3.16949
 46 -3.16115
 47 -3.21545
 48 -3.12143
 49 -3.22714
 50 -3.38431
 51 -3.4733
 52 -3.34252
 53 -3.07541
 54 -3.1701
 55 -3.21605
 56 -3.17595
 57 -2.976
 58 -2.92468
 59 -2.67589
 60 -2.36669
 61 -2.45621
 62 -2.76881
 63 -2.97287
 64 -3.11326
 65 -2.8711
 66 -2.78042
 67 -2.72362
 68 -2.70727
