 1 -8.17237
 2 -8.64407
 3 -8.03815
 4 -8.29167
 5 -7.65167
 6 -8.15552
 7 -8.39525
 8 -7.86079
 9 -8.56296
 10 -7.77176
 11 -6.42919
 12 -9.11444
 13 -8.39928
 14 -8.18878
 15 -8.18514
 16 -7.6874
 17 -9.11746
 18 -8.33887
 19 -7.91256
 20 -8.24194
 21 -8.07081
 22 -7.5561
 23 -7.73945
 24 -8.64125
 25 -7.78548
 26 -8.49179
 27 -9.06775
 28 -8.38513
 29 -7.45242
 30 -7.39062
 31 -7.98568
 32 -8.09031
 33 -7.98619
 34 -7.87286
 35 -8.59612
 36 -7.98027
 37 -7.82915
 38 -7.65425
 39 -8.20493
 40 -8.35139
 41 -8.11665
 42 -8.08687
 43 -8.41562
 44 -7.27082
 45 -9.26408
 46 -7.42722
 47 -8.49325
 48 -8.0683
 49 -7.80329
 50 -7.72579
 51 -7.70984
 52 -8.60306
 53 -7.89644
 54 -8.15789
 55 -8.7343
 56 -7.71516
 57 -8.59027
 58 -8.71325
 59 -8.37078
 60 -9.5772
 61 -8.21252
 62 -8.01577
 63 -7.21876
 64 -7.75129
 65 -8.0936
 66 -6.63413
 67 -6.85288
 68 -8.02247
 69 -7.51758
 70 -8.32645
 71 -9.02432
 72 -8.13584
 73 -7.47203
 74 -8.16192
 75 -7.22129
 76 -7.56237
 77 -8.24927
 78 -7.41112
 79 -7.76104
 80 -7.32725
 81 -7.26959
 82 -7.70289
 83 -8.01282
 84 -8.06098
 85 -7.43387
 86 -7.66527
 87 -7.80502
 88 -8.30581
 89 -7.92683
 90 -7.76981
 91 -7.78363
 92 -7.11989
 93 -7.48601
 94 -7.49881
 95 -7.92571
 96 -7.748
 97 -7.21704
 98 -6.55523
 99 -7.69806
 100 -8.00612
 101 -7.82377
 102 -8.24393
 103 -7.58774
 104 -6.05183
 105 -7.62591
 106 -7.58797
 107 -7.39289
 108 -7.12086
 109 -6.92555
 110 -8.10573
 111 -6.49852
 112 -7.08533
 113 -7.32311
 114 -7.8795
 115 -7.39501
 116 -7.43169
 117 -7.25845
 118 -7.69692
 119 -8.02687
 120 -7.47392
 121 -7.12057
 122 -7.59117
 123 -7.51485
 124 -7.88588
 125 -7.27529
 126 -7.33923
 127 -7.80716
 128 -7.77387
 129 -7.42294
 130 -7.56298
 131 -7.9685
 132 -7.70536
 133 -7.06793
 134 -7.57552
 135 -7.92646
 136 -7.32836
 137 -6.84661
 138 -7.12422
 139 -7.48149
 140 -7.9018
 141 -6.86639
 142 -7.30157
 143 -7.88574
 144 -6.43973
 145 -7.00761
 146 -7.08148
 147 -7.95877
 148 -6.74959
 149 -6.94971
