 1 -5.31535
 2 -5.31307
 3 -5.23838
 4 -5.16261
 5 -5.15288
 6 -5.20901
 7 -5.15345
 8 -5.12791
 9 -5.03061
 10 -5.14785
 11 -5.13326
 12 -5.20632
 13 -5.14142
 14 -5.26135
 15 -5.27137
 16 -5.3218
 17 -5.5563
 18 -5.57804
 19 -5.61134
 20 -5.66524
 21 -5.49658
 22 -5.37727
 23 -5.35257
 24 -5.26713
 25 -5.51209
 26 -5.5203
 27 -5.35642
 28 -5.27618
 29 -4.80528
 30 -5.04481
 31 -5.13335
 32 -5.23546
 33 -5.16967
 34 -5.22224
 35 -5.10998
 36 -5.02059
 37 -4.71485
 38 -4.98492
 39 -4.98916
 40 -4.78917
 41 -5.01214
 42 -4.85093
 43 -4.8259
 44 -4.88234
 45 -4.92512
 46 -4.84711
 47 -4.8706
 48 -4.96887
 49 -4.93261
 50 -4.84326
 51 -4.8517
 52 -4.92937
 53 -4.89199
 54 -4.79267
 55 -4.42281
 56 -4.2117
 57 -4.06268
 58 -4.47745
 59 -4.68774
 60 -5.00476
 61 -4.75888
 62 -4.52483
 63 -4.29671
 64 -4.42026
