 1 -5.48521
 2 -5.04467
 3 -5.10812
 4 -5.23688
 5 -5.17605
 6 -4.7753
 7 -4.73861
 8 -4.98236
 9 -4.9196
 10 -4.67704
 11 -4.88518
 12 -5.18665
 13 -4.95677
 14 -6.0375
 15 -5.90748
 16 -5.7843
 17 -5.35286
 18 -4.66176
 19 -4.9379
 20 -4.95101
 21 -4.89443
 22 -5.22426
 23 -5.17876
 24 -5.21741
 25 -4.61623
 26 -5.10129
 27 -5.5588
 28 -5.36562
 29 -5.26178
 30 -5.11001
 31 -5.44679
 32 -5.32969
 33 -5.18309
 34 -4.72156
 35 -4.98445
 36 -4.97443
 37 -4.94342
 38 -4.76892
 39 -5.58631
 40 -5.76446
 41 -5.37945
 42 -5.09644
 43 -5.01833
 44 -5.41535
 45 -5.63984
 46 -5.24534
 47 -5.01593
 48 -4.5269
 49 -4.66437
 50 -4.70653
 51 -4.95885
 52 -4.53794
 53 -4.50793
 54 -4.31364
 55 -4.11612
 56 -4.11249
 57 -4.34602
 58 -4.43024
 59 -4.48574
 60 -4.32673
 61 -4.62671
 62 -4.83077
 63 -4.69497
 64 -4.62541
 65 -4.55388
 66 -4.40783
 67 -4.40097
 68 -4.63899
 69 -4.68744
 70 -4.6477
 71 -4.94968
 72 -5.09672
 73 -4.92572
 74 -4.69505
 75 -4.79497
 76 -5.07311
 77 -5.25375
 78 -4.88091
 79 -4.49655
 80 -4.13114
 81 -4.49021
 82 -4.7904
 83 -5.23099
 84 -5.29737
 85 -5.12385
 86 -4.73226
 87 -4.85739
