 1 -5.80191
 2 -5.46701
 3 -6.01572
 4 -5.67689
 5 -6.10953
 6 -5.77903
 7 -5.75772
 8 -5.32043
 9 -4.6188
 10 -4.54364
 11 -4.98914
 12 -4.90414
 13 -4.85507
 14 -4.48651
 15 -4.83012
 16 -5.21362
 17 -5.09713
 18 -4.72391
 19 -5.31091
 20 -5.33043
 21 -5.89642
 22 -5.4042
 23 -5.46664
 24 -5.88542
 25 -5.77539
 26 -5.19098
 27 -5.33476
 28 -5.20878
 29 -5.04357
 30 -4.93376
 31 -5.45956
 32 -5.3186
 33 -5.43197
 34 -4.94574
 35 -4.79133
 36 -4.77867
 37 -5.06032
 38 -5.24514
 39 -5.63426
 40 -4.94825
 41 -4.77759
 42 -5.23386
 43 -5.89944
 44 -5.20005
 45 -5.53237
 46 -5.50475
 47 -5.51324
 48 -4.61619
 49 -4.47261
 50 -4.71672
 51 -5.2302
 52 -5.10031
 53 -5.15111
 54 -5.0509
 55 -5.04475
 56 -4.62628
 57 -4.68687
 58 -5.2274
 59 -5.43076
 60 -5.0033
 61 -4.96422
 62 -5.08961
 63 -5.714
 64 -6.01037
 65 -5.35469
 66 -5.7058
 67 -5.68977
 68 -5.52139
 69 -5.35258
 70 -4.89531
 71 -4.70191
 72 -4.97915
 73 -5.48026
 74 -5.34929
 75 -5.54296
 76 -5.56025
 77 -4.81558
 78 -4.48661
 79 -4.5821
 80 -4.19961
 81 -5.26086
 82 -4.51603
 83 -4.50136
 84 -5.48778
 85 -5.57973
 86 -4.8465
 87 -5.2934
 88 -5.82694
 89 -4.86108
 90 -4.72416
 91 -5.41676
 92 -5.53724
 93 -5.10987
 94 -4.6954
 95 -5.04586
 96 -5.18144
 97 -5.99109
 98 -5.1258
 99 -5.08866
 100 -5.1857
 101 -5.11441
 102 -4.73318
 103 -5.09595
 104 -4.51929
 105 -5.27951
 106 -4.76891
 107 -5.28347
 108 -5.14067
 109 -5.00155
 110 -4.4801
 111 -5.10907
 112 -5.49217
 113 -5.33872
 114 -5.10086
 115 -3.86376
 116 -4.13252
 117 -3.7129
 118 -5.0504
 119 -4.92548
 120 -4.66689
 121 -5.12556
 122 -5.08122
 123 -4.52576
 124 -4.28309
 125 -4.92148
 126 -5.01998
 127 -4.67244
 128 -4.89369
 129 -4.87366
 130 -5.12539
 131 -5.558
 132 -5.37986
 133 -5.59021
 134 -5.34537
 135 -6.03048
 136 -4.87816
 137 -5.09027
 138 -4.84245
 139 -5.91253
 140 -5.25941
 141 -5.43758
 142 -5.40368
 143 -6.08416
 144 -5.20128
 145 -5.22462
 146 -5.1788
 147 -3.76563
 148 -5.20097
 149 -5.07639
 150 -5.14075
 151 -5.33777
 152 -5.62464
 153 -4.42947
 154 -4.63861
 155 -4.66168
 156 -5.23059
 157 -4.68747
 158 -4.85915
 159 -5.25927
 160 -5.04673
 161 -5.39384
 162 -5.22287
 163 -3.98236
 164 -5.76187
 165 -5.20787
 166 -5.67218
 167 -5.98957
 168 -5.10366
 169 -4.83939
 170 -5.35069
 171 -6.00657
 172 -5.47218
 173 -4.97833
 174 -5.78135
 175 -6.20197
 176 -5.41301
 177 -5.0762
 178 -5.20232
 179 -5.5918
 180 -4.11511
 181 -4.54686
 182 -5.23776
 183 -5.04579
 184 -4.55397
 185 -4.58892
