 1 -7.89944
 2 -7.66605
 3 -7.90012
 4 -8.67859
 5 -8.29001
 6 -8.2072
 7 -8.7517
 8 -8.54745
 9 -7.83901
 10 -7.982
 11 -7.72998
 12 -7.87544
 13 -8.08884
 14 -7.2752
 15 -7.84149
 16 -8.25196
 17 -8.21315
 18 -8.16625
 19 -7.72917
 20 -8.07326
 21 -8.11072
 22 -7.94727
 23 -7.65018
 24 -7.99252
 25 -7.84378
 26 -8.46006
 27 -7.50196
 28 -7.60671
 29 -7.64721
 30 -7.95885
 31 -7.94515
 32 -7.80219
 33 -7.84782
 34 -8.40834
 35 -7.74419
 36 -7.97109
 37 -8.01066
 38 -6.93986
 39 -7.36235
 40 -7.39229
 41 -8.07265
 42 -7.57699
 43 -7.7291
 44 -8.59316
 45 -7.94718
 46 -7.42139
 47 -7.52332
 48 -7.74104
 49 -7.59493
 50 -7.31885
 51 -7.60425
 52 -7.8569
 53 -7.36844
 54 -6.80109
 55 -7.2538
 56 -7.61713
 57 -8.02803
 58 -6.91044
 59 -7.39752
 60 -7.4535
 61 -7.70457
 62 -8.32079
 63 -7.79272
 64 -7.67915
 65 -8.09991
 66 -8.13506
 67 -8.37642
 68 -7.12218
 69 -7.37635
 70 -7.31104
 71 -7.53293
 72 -7.7345
 73 -7.51078
 74 -7.32996
 75 -6.57893
 76 -6.59911
 77 -7.45527
 78 -7.15958
 79 -7.81524
 80 -8.07088
 81 -7.88772
 82 -7.24049
 83 -7.56327
 84 -7.63942
 85 -7.71335
 86 -7.26189
 87 -7.63156
 88 -7.89104
 89 -7.92388
 90 -7.23253
 91 -7.01613
 92 -8.12581
 93 -8.15352
 94 -7.92866
 95 -8.25682
 96 -8.24881
 97 -8.08357
 98 -7.41671
 99 -8.03555
 100 -8.48131
 101 -8.18297
 102 -7.90904
 103 -8.19821
 104 -8.07995
 105 -7.75426
 106 -8.21943
 107 -8.16059
 108 -8.42213
 109 -8.33589
 110 -8.30282
 111 -8.31009
 112 -8.03972
 113 -8.19405
 114 -8.16352
 115 -7.35773
 116 -7.57646
 117 -8.24598
 118 -7.49659
 119 -7.52101
 120 -7.43247
 121 -7.56793
 122 -7.8738
 123 -7.53617
 124 -8.381
 125 -9.00084
 126 -8.55418
 127 -7.08572
 128 -6.99934
 129 -7.61525
 130 -7.17091
 131 -7.10712
 132 -7.97817
 133 -7.60159
 134 -7.37702
 135 -7.26953
 136 -7.22064
 137 -7.32335
 138 -8.07092
 139 -7.49823
 140 -7.60518
 141 -6.63709
 142 -7.62333
 143 -6.4101
 144 -7.41731
 145 -6.66557
 146 -6.80466
 147 -6.8742
 148 -5.92789
 149 -6.79235
 150 -6.58985
 151 -7.29194
 152 -6.94093
 153 -6.94874
 154 -7.06123
 155 -7.17795
 156 -6.6133
 157 -7.15627
 158 -6.13506
 159 -6.65968
 160 -5.52037
 161 -6.49883
 162 -6.7501
 163 -6.64355
 164 -6.43377
 165 -7.48932
 166 -7.43058
 167 -7.25838
 168 -7.16982
