 1 -5.57509
 2 -5.77025
 3 -6.04467
 4 -6.19638
 5 -6.18151
 6 -6.37388
 7 -6.12727
 8 -5.802
 9 -5.87595
 10 -5.55461
 11 -5.8422
 12 -5.92866
 13 -6.06368
 14 -6.21323
 15 -5.89779
 16 -5.83784
 17 -5.64638
 18 -5.41525
 19 -5.52833
 20 -5.61144
 21 -5.84552
 22 -5.65582
 23 -5.92616
 24 -5.72596
 25 -5.88696
 26 -5.87599
 27 -5.68776
 28 -5.44016
 29 -5.90476
 30 -5.80518
 31 -6.32906
 32 -5.72475
 33 -6.29752
 34 -6.11359
 35 -5.73658
 36 -5.64326
 37 -5.9555
 38 -6.03636
 39 -5.4639
 40 -5.57314
 41 -5.98137
 42 -5.88732
 43 -6.15151
 44 -5.96717
 45 -6.01228
 46 -6.40542
 47 -5.7261
 48 -5.67583
 49 -5.6013
 50 -5.85518
 51 -5.88179
 52 -5.7126
 53 -6.02088
 54 -6.13262
 55 -6.15811
 56 -5.79089
 57 -5.48744
 58 -5.59492
 59 -5.80732
 60 -6.02887
 61 -6.04029
 62 -6.40013
 63 -6.83351
 64 -6.6704
 65 -5.98307
 66 -5.43257
 67 -5.43607
 68 -5.0117
 69 -4.62048
 70 -4.83122
 71 -5.21391
 72 -5.52088
 73 -5.51465
 74 -7.09279
 75 -6.37484
 76 -5.89814
 77 -5.72565
 78 -6.4745
 79 -5.8533
 80 -6.17141
 81 -6.58245
 82 -7.29326
 83 -6.50869
 84 -5.22784
 85 -5.63753
 86 -5.43864
 87 -6.92299
 88 -6.1728
 89 -5.39028
 90 -6.30872
 91 -7.53373
 92 -5.60607
 93 -5.41891
 94 -5.53244
 95 -6.19228
 96 -5.7467
 97 -6.08967
 98 -7.41524
 99 -6.13078
 100 -5.87395
 101 -5.62862
 102 -5.88817
 103 -6.58463
 104 -5.62386
 105 -6.79625
 106 -5.81193
 107 -6.9567
 108 -6.10645
 109 -6.02148
 110 -5.36641
 111 -6.64026
 112 -6.23969
 113 -5.52946
 114 -5.75949
 115 -5.09925
 116 -5.94574
 117 -5.14594
 118 -5.92383
 119 -6.27319
 120 -5.61395
 121 -5.83709
 122 -4.88904
 123 -5.08202
 124 -5.00461
 125 -5.93022
 126 -6.2977
 127 -5.85988
 128 -5.27976
 129 -5.43674
 130 -5.34982
 131 -6.70917
 132 -5.78565
 133 -5.55134
 134 -5.56127
 135 -5.84154
 136 -5.83756
 137 -6.58567
 138 -6.18498
 139 -6.24688
 140 -6.29384
 141 -5.46704
 142 -5.22005
 143 -5.96735
 144 -5.34502
 145 -5.90567
 146 -5.66206
 147 -5.50185
 148 -6.95376
 149 -5.94674
 150 -5.33027
 151 -5.32816
 152 -5.35255
 153 -4.98082
 154 -7.05074
 155 -5.69874
 156 -5.90284
 157 -5.87059
 158 -5.48588
 159 -5.38046
 160 -4.83338
 161 -6.39691
 162 -5.11479
 163 -5.52576
 164 -5.43389
 165 -5.58588
 166 -4.90179
 167 -5.38173
 168 -5.43677
 169 -6.05773
 170 -5.74605
 171 -5.40854
 172 -5.43831
 173 -5.6089
 174 -5.86089
 175 -5.70883
 176 -5.82055
 177 -5.9623
 178 -6.49931
 179 -5.81032
 180 -6.63583
 181 -6.28701
 182 -5.34628
 183 -5.92804
 184 -5.38503
 185 -4.83078
 186 -4.63416
