 1 -5.95752
 2 -4.42476
 3 -5.27321
 4 -5.07482
 5 -4.44902
 6 -4.80978
 7 -3.86692
 8 -5.16086
 9 -4.20654
 10 -5.73405
 11 -5.72951
 12 -3.85906
 13 -5.03865
 14 -4.96872
 15 -4.56662
 16 -4.7114
 17 -4.53308
 18 -5.30213
 19 -3.84253
 20 -4.49959
 21 -4.52654
 22 -4.33481
 23 -4.13404
 24 -4.37659
 25 -4.55972
 26 -4.28477
 27 -4.30911
 28 -4.44776
 29 -4.69973
 30 -4.632
 31 -4.34377
 32 -4.21488
 33 -4.47621
 34 -4.55772
 35 -4.6636
 36 -4.60524
 37 -4.38166
 38 -4.38794
 39 -4.05842
 40 -4.26088
 41 -4.44034
 42 -4.40607
 43 -4.10856
 44 -4.08863
 45 -4.2677
 46 -4.38674
 47 -4.19937
 48 -4.19029
 49 -3.90414
 50 -4.78864
 51 -4.53408
 52 -4.44786
 53 -4.45866
 54 -4.899
 55 -4.41811
 56 -4.08829
 57 -4.13201
 58 -4.10212
 59 -3.86893
 60 -3.84955
 61 -3.99348
 62 -3.39292
 63 -3.80035
 64 -3.93973
 65 -3.67707
 66 -3.84199
 67 -3.93004
 68 -4.13439
 69 -4.00772
 70 -4.0717
 71 -4.32268
 72 -3.80937
 73 -3.76856
 74 -3.63258
 75 -3.83273
 76 -3.97232
 77 -3.61565
 78 -3.69612
 79 -3.49387
 80 -3.93757
 81 -3.72205
 82 -3.60462
 83 -3.30878
 84 -3.62077
 85 -3.90468
 86 -3.69622
 87 -3.77036
 88 -4.09326
 89 -3.88538
 90 -3.76474
 91 -3.99306
 92 -3.88811
 93 -4.67545
 94 -4.2409
 95 -3.53807
 96 -3.45435
 97 -4.07154
 98 -3.95383
 99 -4.11409
 100 -3.68465
 101 -3.92764
 102 -3.74554
 103 -3.46543
 104 -3.36033
 105 -4.08301
 106 -3.5919
 107 -3.48993
 108 -3.59061
 109 -3.56292
 110 -3.6543
 111 -3.67924
 112 -3.27635
 113 -3.37385
 114 -3.3318
 115 -3.56352
 116 -3.53671
 117 -3.32794
 118 -3.22775
 119 -3.24417
 120 -3.73706
 121 -3.78748
 122 -3.54277
 123 -3.50527
 124 -3.62382
 125 -3.55364
 126 -3.53828
 127 -3.46194
 128 -3.45213
 129 -3.9029
 130 -3.5261
 131 -3.71383
 132 -3.48137
 133 -3.45903
 134 -3.36417
 135 -3.47565
 136 -3.497
 137 -3.44192
 138 -3.11335
 139 -3.17006
 140 -3.34005
 141 -3.41964
 142 -3.75898
 143 -3.94011
 144 -3.55184
 145 -3.50206
 146 -3.65927
 147 -3.55809
 148 -3.66238
 149 -3.84765
 150 -3.18984
 151 -3.11898
 152 -3.32442
 153 -3.73959
 154 -3.53651
 155 -3.37764
 156 -3.29305
 157 -3.50209
 158 -3.36838
 159 -3.55513
 160 -3.4216
 161 -3.54221
 162 -3.39578
 163 -3.37816
 164 -3.83778
 165 -3.42276
 166 -3.56507
 167 -3.4287
 168 -3.4293
 169 -3.20381
 170 -3.27985
 171 -3.44026
 172 -3.37345
 173 -3.20619
 174 -3.28966
 175 -3.36304
 176 -3.03726
 177 -3.38697
 178 -3.39635
 179 -3.1821
 180 -3.19428
 181 -3.223
 182 -2.87078
 183 -2.8618
 184 -2.66034
 185 -2.66985
 186 -2.88817
 187 -3.19831
 188 -2.87542
 189 -3.20612
