 1 -3.67512
 2 -5.01951
 3 -4.9524
 4 -4.93999
 5 -5.04399
 6 -5.12725
 7 -5.45432
 8 -4.8101
 9 -4.06025
 10 -4.11708
 11 -4.74436
 12 -4.35301
 13 -4.48464
 14 -4.52483
 15 -4.36062
 16 -4.04257
 17 -4.63189
 18 -4.65761
 19 -4.46155
 20 -4.75193
 21 -4.82181
 22 -4.60146
 23 -4.3189
 24 -4.25611
 25 -4.1302
 26 -4.49303
 27 -4.51041
 28 -4.68145
 29 -4.31735
 30 -4.28488
 31 -4.33804
 32 -4.1936
 33 -4.68345
 34 -4.54737
 35 -4.40812
 36 -4.14262
 37 -4.23024
 38 -4.39495
 39 -4.22478
 40 -4.03109
 41 -4.27387
 42 -4.14242
 43 -4.34568
 44 -4.81017
 45 -4.57452
 46 -4.42906
 47 -4.12391
 48 -4.20249
 49 -4.59554
 50 -4.48476
 51 -3.86602
 52 -4.26723
 53 -4.7335
 54 -3.9027
 55 -4.31939
 56 -4.76427
 57 -4.16678
 58 -4.15971
 59 -4.07503
 60 -3.83282
 61 -3.398
 62 -3.68272
 63 -3.60951
 64 -3.88524
 65 -4.18819
 66 -4.14879
 67 -4.02001
 68 -3.83876
 69 -3.95511
 70 -3.83294
 71 -4.08989
 72 -4.26216
 73 -4.23159
 74 -4.38744
 75 -3.96735
 76 -3.82135
 77 -3.98537
 78 -3.96678
 79 -3.72212
 80 -3.55546
 81 -3.50808
 82 -3.60952
 83 -3.59775
 84 -3.73662
 85 -3.5875
 86 -3.73187
 87 -3.72799
 88 -3.45784
 89 -3.34695
 90 -3.51791
 91 -3.57533
 92 -3.64728
 93 -3.44613
 94 -3.73349
 95 -3.51741
 96 -3.19183
 97 -3.32576
 98 -3.37525
 99 -3.35122
 100 -3.37122
 101 -3.25912
 102 -3.31138
 103 -3.43646
 104 -3.57578
 105 -3.7746
 106 -3.66
 107 -3.78366
 108 -3.27125
 109 -3.5241
 110 -3.39636
 111 -3.24062
 112 -3.39304
 113 -3.15852
 114 -3.4858
 115 -3.84325
 116 -3.68504
 117 -3.38324
 118 -3.39981
 119 -3.41838
 120 -3.21985
 121 -3.36076
 122 -3.48727
 123 -3.50381
 124 -3.2284
 125 -3.48186
 126 -3.613
 127 -4.27753
 128 -3.58181
 129 -3.47853
 130 -2.98332
 131 -3.36056
 132 -3.25724
 133 -3.3615
 134 -3.26174
 135 -2.93723
 136 -3.14767
 137 -3.33209
 138 -3.42818
 139 -3.3511
 140 -3.31339
 141 -3.15807
 142 -3.36902
 143 -3.94347
 144 -3.23049
 145 -3.20847
 146 -2.71832
 147 -2.60947
 148 -3.04768
 149 -3.11909
 150 -3.11461
 151 -2.89124
 152 -3.03822
