 1 -7.29756
 2 -7.08353
 3 -7.08629
 4 -8.11383
 5 -6.74556
 6 -7.39298
 7 -7.08909
 8 -7.07966
 9 -8.87538
 10 -7.92532
 11 -7.36204
 12 -8.03944
 13 -6.62397
 14 -7.10718
 15 -6.95614
 16 -7.04577
 17 -6.78383
 18 -7.16312
 19 -6.99493
 20 -7.45948
 21 -6.25528
 22 -6.46138
 23 -6.58902
 24 -6.7988
 25 -6.68904
 26 -6.76954
 27 -7.10006
 28 -7.93165
 29 -6.42985
 30 -6.74672
 31 -6.58849
 32 -6.74377
 33 -6.76048
 34 -6.62214
 35 -6.90965
 36 -7.27732
 37 -6.83584
 38 -6.30793
 39 -6.64808
 40 -6.92232
 41 -6.49734
 42 -6.77113
 43 -6.55504
 44 -7.1138
 45 -6.33097
 46 -6.40255
 47 -6.96435
 48 -7.26232
 49 -6.37164
 50 -7.01824
 51 -6.50863
 52 -7.18138
 53 -7.0803
 54 -6.2863
 55 -6.3977
 56 -6.63526
 57 -6.40374
 58 -6.63229
 59 -7.1204
 60 -6.61244
 61 -5.99134
 62 -6.19644
 63 -6.44326
 64 -6.56607
 65 -6.54495
 66 -6.34867
 67 -6.69776
 68 -7.10879
 69 -6.47444
 70 -6.34509
 71 -6.32771
 72 -6.83305
 73 -6.89554
 74 -6.32895
 75 -6.27694
 76 -6.57237
 77 -6.28451
 78 -6.67525
 79 -6.55815
 80 -6.91476
 81 -7.66454
 82 -6.01574
 83 -5.89832
 84 -6.05862
 85 -5.93802
 86 -6.39481
 87 -6.33313
 88 -6.44743
 89 -6.19071
 90 -6.04664
 91 -5.66928
 92 -6.09027
 93 -6.01457
 94 -6.82386
 95 -5.67008
 96 -7.49765
 97 -6.46754
 98 -6.03891
 99 -5.85112
 100 -5.97183
 101 -6.08222
 102 -6.24457
 103 -5.38345
 104 -6.90968
 105 -5.98073
 106 -5.93544
 107 -6.80425
 108 -6.29861
 109 -5.90043
 110 -6.80615
 111 -6.17349
 112 -5.9983
 113 -6.35862
 114 -5.44598
 115 -6.34619
 116 -6.15343
 117 -6.42918
 118 -6.03255
 119 -5.94534
 120 -5.98201
 121 -6.18088
 122 -5.87568
 123 -5.70743
 124 -6.1736
 125 -7.54602
 126 -6.91909
 127 -6.66409
 128 -5.63312
 129 -5.94388
 130 -5.93233
 131 -6.63213
 132 -6.00962
 133 -6.07595
 134 -5.98893
 135 -6.26868
 136 -6.08336
 137 -5.69389
 138 -5.89332
 139 -5.28029
 140 -5.85306
 141 -5.97345
 142 -6.83384
 143 -6.85414
 144 -7.47802
 145 -6.67424
 146 -5.68997
 147 -5.94881
 148 -6.51029
 149 -5.88442
 150 -6.12604
 151 -6.77516
 152 -8.2728
 153 -6.98535
 154 -6.18894
 155 -6.09503
 156 -6.08981
 157 -6.01448
 158 -6.52653
 159 -6.02112
 160 -6.33558
 161 -6.15419
 162 -7.23474
 163 -5.75487
 164 -5.89869
 165 -5.46135
 166 -5.77498
 167 -5.40656
 168 -5.24625
 169 -5.64191
 170 -6.56585
 171 -5.99444
 172 -5.66741
 173 -5.95076
 174 -5.94293
 175 -6.16433
 176 -5.88601
 177 -5.96754
 178 -6.12742
 179 -5.73431
 180 -5.88192
 181 -6.25059
 182 -6.61206
 183 -5.80683
 184 -5.90909
 185 -6.13329
 186 -7.81222
 187 -6.04969
 188 -5.6535
 189 -5.85599
 190 -5.98245
 191 -6.11489
 192 -6.38585
