 1 -5.3259
 2 -5.27509
 3 -5.51508
 4 -5.61314
 5 -5.75175
 6 -5.92446
 7 -5.61176
 8 -5.71484
 9 -6.27627
 10 -5.81913
 11 -5.91952
 12 -6.38687
 13 -5.59036
 14 -6.13699
 15 -5.86259
 16 -4.99289
 17 -6.36042
 18 -6.03023
 19 -5.3419
 20 -5.62796
 21 -6.12672
 22 -5.92769
 23 -5.45363
 24 -5.82477
 25 -6.19516
 26 -5.67577
 27 -6.77747
 28 -5.85021
 29 -4.70558
 30 -5.3446
 31 -5.2674
 32 -4.83638
 33 -4.93543
 34 -5.58836
 35 -5.4564
 36 -6.14829
 37 -5.80926
 38 -5.52648
 39 -5.47077
 40 -5.14999
 41 -5.03516
 42 -5.46252
 43 -5.09066
 44 -4.9898
 45 -4.70626
 46 -5.09048
 47 -4.6508
 48 -4.94376
 49 -5.26224
 50 -5.31631
 51 -5.09384
 52 -5.44612
 53 -5.13801
 54 -5.17439
 55 -5.31428
 56 -5.28774
 57 -5.13016
 58 -5.39264
 59 -4.77296
 60 -5.12355
 61 -5.26907
 62 -5.32866
 63 -5.14614
 64 -4.80895
 65 -4.67535
 66 -4.85945
 67 -4.78625
 68 -4.84674
 69 -4.8859
 70 -4.61076
 71 -5.14946
 72 -5.06158
 73 -4.98781
 74 -5.19043
 75 -5.10569
 76 -5.20318
 77 -4.67606
 78 -4.97281
 79 -4.99131
 80 -4.77212
 81 -4.93653
 82 -4.96769
 83 -4.7855
 84 -4.67036
 85 -4.4394
 86 -4.61956
 87 -4.48415
 88 -4.52339
 89 -4.77754
 90 -4.70386
 91 -4.7786
 92 -4.72017
 93 -4.52928
 94 -4.60513
 95 -4.83319
 96 -5.14807
 97 -4.59098
 98 -4.42943
 99 -4.60668
 100 -4.6329
 101 -4.46826
 102 -4.45116
 103 -4.15935
 104 -4.60567
 105 -4.54857
 106 -4.66801
 107 -4.54506
 108 -4.40869
 109 -4.2248
 110 -4.72657
 111 -4.59584
 112 -4.23717
 113 -4.19162
 114 -4.31843
 115 -4.38172
 116 -4.46087
 117 -4.3394
 118 -4.531
 119 -4.14718
 120 -3.72332
 121 -4.13835
 122 -4.26577
 123 -4.1563
 124 -3.8343
 125 -4.07975
 126 -4.1697
 127 -4.18515
 128 -3.83513
 129 -4.1868
 130 -4.15256
 131 -4.13393
 132 -3.77346
 133 -4.25934
 134 -4.23425
 135 -3.60408
 136 -3.34408
 137 -3.79146
 138 -3.93906
 139 -3.59297
 140 -3.62116
 141 -4.14861
