 1 -5.83981
 2 -5.59665
 3 -4.2713
 4 -6.66239
 5 -5.41433
 6 -5.1763
 7 -5.26824
 8 -4.3729
 9 -4.78628
 10 -5.56802
 11 -4.92594
 12 -3.50153
 13 -5.6111
 14 -5.31331
 15 -4.1405
 16 -5.04691
 17 -5.66833
 18 -3.37634
 19 -4.34512
 20 -4.81506
 21 -6.27783
 22 -4.64831
 23 -3.75107
 24 -4.80075
 25 -4.22044
 26 -5.36367
 27 -4.49009
 28 -4.35481
 29 -4.38051
 30 -4.81835
 31 -4.87085
 32 -4.64388
 33 -5.02308
 34 -4.70084
 35 -4.45754
 36 -4.42714
 37 -4.61005
 38 -4.28353
 39 -4.73899
 40 -4.87161
 41 -4.77719
 42 -4.78693
 43 -4.3104
 44 -4.5318
 45 -5.55727
 46 -4.95873
 47 -4.44756
 48 -3.71199
 49 -4.67616
 50 -4.55976
 51 -4.11617
 52 -3.87266
 53 -4.56062
 54 -4.00738
 55 -3.51336
 56 -3.30039
 57 -4.01991
 58 -4.13356
 59 -4.48329
 60 -4.108
 61 -4.14608
 62 -4.16863
 63 -4.64708
 64 -3.674
 65 -4.07181
 66 -4.17452
 67 -4.29649
 68 -4.482
 69 -4.06933
 70 -4.06248
 71 -4.05154
 72 -3.83556
 73 -4.09424
 74 -3.66457
 75 -3.47385
 76 -3.56875
 77 -4.11031
 78 -4.05675
 79 -3.44798
 80 -2.89079
 81 -4.24756
 82 -4.88299
 83 -3.86962
 84 -4.07118
 85 -3.57434
 86 -4.51533
 87 -4.16983
 88 -3.24802
 89 -3.22041
 90 -4.21603
 91 -3.81388
 92 -3.59626
 93 -3.91377
 94 -3.58527
 95 -3.80149
 96 -3.3135
 97 -3.30269
 98 -4.06637
 99 -3.79996
 100 -3.8425
 101 -3.64796
 102 -3.57225
 103 -4.29039
 104 -3.10909
 105 -3.96663
 106 -3.45547
 107 -3.59405
 108 -3.29864
 109 -3.92544
 110 -3.7447
 111 -3.50477
 112 -3.10324
 113 -3.85997
 114 -3.98237
 115 -3.94035
 116 -4.0457
 117 -4.32509
 118 -3.8026
 119 -3.8046
 120 -3.49521
 121 -4.22157
 122 -4.07255
 123 -3.59583
 124 -4.04767
 125 -3.91333
 126 -3.99855
 127 -4.00843
 128 -3.28002
 129 -4.49012
 130 -3.66807
 131 -3.86239
 132 -3.42531
 133 -4.12709
 134 -3.54951
 135 -3.91499
 136 -3.72681
 137 -3.97801
 138 -3.83738
 139 -3.78253
 140 -3.60425
 141 -4.17932
 142 -4.03114
 143 -3.75398
 144 -3.53182
 145 -3.79047
 146 -4.0021
 147 -4.14482
 148 -3.68495
 149 -3.86998
 150 -3.9526
 151 -4.00997
 152 -3.73744
 153 -3.98645
 154 -4.23681
 155 -4.36141
 156 -3.61296
 157 -4.41283
 158 -4.36282
 159 -3.77362
 160 -3.38502
 161 -3.73072
 162 -3.5966
 163 -3.55352
 164 -3.45987
 165 -3.63328
 166 -3.4822
 167 -3.41891
 168 -3.14752
 169 -3.98175
 170 -3.79056
 171 -3.42947
 172 -2.84126
 173 -3.25738
 174 -3.38725
 175 -3.4434
 176 -2.75433
 177 -2.67355
 178 -2.88635
 179 -2.8782
 180 -3.09153
 181 -3.39626
 182 -3.45518
