 1 -8.40375
 2 -8.32098
 3 -3.55112
 4 -4.7077
 5 -2.00343
 6 -3.12373
 7 -3.1562
 8 -6.20667
 9 -4.49986
 10 -7.60012
 11 -5.40766
 12 -4.63832
 13 -4.62907
 14 -4.46009
 15 -4.23733
 16 -3.17144
 17 -4.36507
 18 -3.5378
 19 -4.22308
 20 -4.79919
 21 -4.98699
 22 -5.35569
 23 -7.32766
 24 -5.74631
 25 -3.06797
 26 -4.32772
 27 -4.95883
 28 -4.27668
 29 -4.34846
 30 -2.45785
 31 -3.51699
 32 -3.15091
 33 -4.77003
 34 -4.21015
 35 -4.64811
 36 -4.89112
 37 -5.10139
 38 -2.49323
 39 -4.53921
 40 -2.99055
 41 -3.21152
 42 -3.58591
 43 -3.63216
 44 -2.22301
 45 -9.20393
 46 -4.84983
 47 -7.65821
 48 -6.72605
 49 -8.7903
 50 -3.48594
 51 -4.97391
 52 -6.24532
 53 -9.2392
 54 -3.80714
 55 -5.93151
 56 -7.19852
 57 -8.67797
 58 -4.05027
 59 -8.22208
 60 -8.06395
 61 -10.3194
 62 -4.87008
 63 -10.205
 64 -7.81343
 65 -8.99523
 66 -5.89935
 67 -6.83138
 68 -8.86072
 69 -7.24355
 70 -3.7914
 71 -7.14662
 72 -6.45903
 73 -9.15737
 74 -5.1202
 75 -7.60447
 76 -6.32793
 77 -9.10363
 78 -5.17688
 79 -8.27372
 80 -8.12538
 81 -8.20873
 82 -5.50474
 83 -6.1481
 84 -6.89694
