 1 -5.44816
 2 -5.81526
 3 -5.89832
 4 -6.02405
 5 -6.28037
 6 -6.27778
 7 -5.37979
 8 -5.73586
 9 -6.27685
 10 -5.94382
 11 -5.86564
 12 -6.14053
 13 -5.41237
 14 -6.0249
 15 -5.93312
 16 -5.35658
 17 -4.8063
 18 -5.90354
 19 -5.80135
 20 -5.34736
 21 -6.0943
 22 -5.78257
 23 -5.59763
 24 -5.81559
 25 -6.33016
 26 -6.77547
 27 -4.95644
 28 -5.28135
 29 -5.97197
 30 -5.30577
 31 -5.60547
 32 -5.08237
 33 -4.89847
 34 -5.21391
 35 -5.08872
 36 -5.31686
 37 -5.26229
 38 -5.50679
 39 -5.24945
 40 -5.602
 41 -5.58627
 42 -4.96945
 43 -4.59925
 44 -4.98379
 45 -5.01526
 46 -5.019
 47 -4.74604
 48 -5.1262
 49 -5.03822
 50 -5.25847
 51 -4.95358
 52 -5.19286
 53 -5.09844
 54 -4.07281
 55 -4.86026
 56 -5.12269
 57 -4.82913
 58 -4.87785
 59 -4.76329
 60 -3.76978
 61 -5.10255
 62 -4.76747
 63 -6.04919
 64 -4.93129
 65 -5.03902
 66 -4.91645
 67 -5.23352
 68 -5.26733
 69 -5.2058
 70 -4.76658
 71 -5.04527
 72 -5.57703
 73 -4.53916
 74 -4.55363
 75 -5.07561
 76 -4.4809
 77 -4.54986
 78 -4.65237
 79 -5.36523
 80 -4.88831
 81 -4.60545
 82 -4.72206
 83 -4.65696
 84 -4.28235
 85 -4.72977
 86 -5.03515
 87 -4.74008
 88 -4.94057
 89 -4.89111
 90 -5.01632
 91 -4.90849
 92 -5.31746
 93 -4.85618
 94 -4.85565
 95 -4.94777
 96 -5.17526
 97 -4.7722
 98 -4.95336
 99 -5.18354
 100 -5.59811
 101 -4.85166
 102 -4.80739
 103 -4.94585
 104 -4.84669
 105 -4.74514
 106 -5.00853
 107 -5.08736
 108 -4.70713
 109 -4.81046
 110 -4.5829
 111 -4.76417
 112 -4.93738
 113 -5.11846
 114 -4.74432
 115 -4.85424
 116 -5.36857
 117 -5.16659
 118 -4.75643
 119 -4.87549
 120 -4.68867
 121 -4.5458
 122 -4.46638
 123 -4.98718
 124 -4.64231
 125 -4.61227
 126 -4.60739
 127 -4.99711
 128 -4.82072
 129 -4.79588
 130 -4.84779
 131 -4.85179
 132 -4.63159
 133 -4.7768
 134 -4.73075
 135 -4.85517
 136 -4.64752
 137 -4.4885
 138 -4.35919
 139 -4.75592
 140 -4.65361
 141 -4.3128
 142 -4.72176
 143 -4.45115
 144 -4.70059
 145 -4.47108
 146 -4.5253
 147 -4.72981
 148 -4.64265
 149 -4.13566
 150 -4.19027
 151 -4.57773
 152 -4.59568
 153 -4.08336
 154 -3.8863
 155 -4.08618
 156 -3.98514
 157 -3.84369
 158 -3.39759
 159 -4.42781
