 1 -5.67561
 2 -4.69829
 3 -4.51954
 4 -5.49569
 5 -4.76297
 6 -5.00986
 7 -4.46341
 8 -5.14643
 9 -3.94442
 10 -5.63159
 11 -4.91054
 12 -5.01943
 13 -5.17085
 14 -4.45772
 15 -4.8382
 16 -5.83363
 17 -4.34003
 18 -5.80058
 19 -4.13345
 20 -5.51817
 21 -4.33231
 22 -6.04565
 23 -4.48984
 24 -5.25195
 25 -4.71456
 26 -5.637
 27 -4.59991
 28 -4.05412
 29 -5.14967
 30 -4.56033
 31 -4.48888
 32 -4.86197
 33 -4.67121
 34 -4.25074
 35 -5.03247
 36 -4.75442
 37 -3.92041
 38 -4.99145
 39 -4.69275
 40 -4.11187
 41 -4.748
 42 -4.6997
 43 -3.55568
 44 -3.8646
 45 -4.95321
 46 -4.16576
 47 -4.88852
 48 -4.66146
 49 -4.13423
 50 -4.25819
 51 -4.96534
 52 -4.1288
 53 -4.64469
 54 -3.87537
 55 -3.70413
 56 -4.5963
 57 -4.18015
 58 -3.6386
 59 -3.98327
 60 -4.89665
 61 -3.91472
 62 -4.46939
 63 -3.83261
 64 -3.55737
 65 -4.02732
 66 -3.82506
 67 -3.40086
 68 -3.65657
 69 -3.86188
 70 -3.3196
 71 -3.61831
 72 -3.85534
 73 -3.66714
 74 -3.63264
 75 -3.60848
 76 -3.9132
 77 -4.38596
 78 -4.32296
 79 -4.27632
 80 -4.7946
 81 -4.40318
 82 -3.91667
 83 -3.83074
 84 -3.99271
 85 -3.81995
 86 -3.65353
 87 -3.98802
 88 -3.22377
 89 -3.80223
 90 -4.04163
 91 -3.75256
 92 -3.66808
 93 -3.5672
 94 -4.30897
 95 -4.21835
 96 -4.23755
 97 -4.5694
 98 -3.94202
 99 -3.99881
 100 -3.58391
 101 -3.75383
 102 -4.08492
 103 -4.06996
 104 -3.1842
 105 -4.58223
 106 -3.93812
 107 -3.59108
 108 -3.85705
 109 -4.34763
 110 -3.04378
 111 -3.70783
 112 -4.87157
 113 -3.22212
 114 -3.53743
 115 -4.57303
 116 -3.08028
 117 -3.04426
 118 -3.81076
 119 -5.5854
 120 -3.11871
 121 -3.85459
 122 -4.5386
 123 -3.5414
 124 -3.73637
 125 -5.20443
 126 -3.30009
 127 -3.49159
 128 -6.83978
 129 -3.2608
 130 -3.67938
 131 -4.13707
 132 -2.61592
 133 -2.7123
 134 -4.58366
 135 -2.99839
 136 -3.73199
 137 -3.63332
 138 -3.44053
 139 -3.6559
 140 -4.57807
 141 -3.002
 142 -4.22199
 143 -4.81008
 144 -3.36074
 145 -4.59183
 146 -5.08839
 147 -3.6304
 148 -4.79336
 149 -3.63613
 150 -3.41283
 151 -3.5841
 152 -4.02312
 153 -2.81489
 154 -3.36608
 155 -3.87983
 156 -2.72467
 157 -3.72262
