 1 -5.83564
 2 -6.41024
 3 -6.15699
 4 -5.94033
 5 -9.18158
 6 -8.20523
 7 -7.08741
 8 -8.36603
 9 -7.03875
 10 -6.31345
 11 -6.63857
 12 -7.5601
 13 -5.60972
 14 -6.90493
 15 -7.03916
 16 -8.62169
 17 -5.99821
 18 -6.11475
 19 -5.28543
 20 -7.7092
 21 -7.21789
 22 -6.68886
 23 -6.49999
 24 -7.37671
 25 -5.86863
 26 -5.81131
 27 -5.50051
 28 -6.56952
 29 -5.99368
 30 -6.26868
 31 -5.8206
 32 -5.47398
 33 -5.41997
 34 -5.04026
 35 -4.69431
 36 -5.5129
 37 -5.04234
 38 -5.86244
 39 -5.0715
 40 -6.39338
 41 -4.99695
 42 -4.65338
 43 -6.21778
 44 -5.36672
 45 -4.88643
 46 -3.64691
 47 -4.31853
 48 -4.45402
 49 -4.85627
 50 -4.2755
 51 -3.88173
 52 -4.90476
 53 -4.9884
 54 -4.68398
 55 -4.79189
 56 -4.94169
 57 -4.61693
 58 -3.59684
 59 -4.03836
 60 -3.83407
 61 -3.68677
 62 -4.48228
 63 -5.07046
 64 -3.88806
 65 -4.26447
 66 -4.52685
 67 -3.69719
 68 -4.5023
 69 -3.62172
 70 -4.71771
 71 -3.55357
 72 -5.26122
 73 -3.85605
 74 -4.14065
 75 -3.47855
 76 -4.35364
 77 -4.06611
 78 -4.22314
 79 -3.59811
 80 -3.39003
 81 -4.47045
 82 -3.20847
 83 -3.30497
 84 -3.01632
 85 -3.35287
 86 -3.11363
 87 -3.6943
 88 -3.8908
 89 -4.0672
 90 -3.20673
 91 -3.93899
 92 -3.58148
 93 -3.383
 94 -3.98171
 95 -5.03245
 96 -3.33903
 97 -3.40353
 98 -2.52492
 99 -3.11692
 100 -3.28358
 101 -3.716
 102 -3.30751
 103 -4.45588
 104 -3.57407
 105 -3.98829
 106 -4.07462
 107 -5.34661
 108 -7.93148
 109 -4.86047
 110 -4.98375
 111 -5.43751
 112 -5.40011
 113 -3.27768
 114 -3.5961
 115 -4.15181
 116 -4.01153
 117 -4.79315
