 1 -4.72168
 2 -4.44033
 3 -4.16812
 4 -4.26249
 5 -4.94674
 6 -4.82153
 7 -4.63121
 8 -4.21036
 9 -4.95185
 10 -4.62638
 11 -4.73414
 12 -3.97755
 13 -4.73363
 14 -4.59588
 15 -4.66995
 16 -4.18312
 17 -4.4385
 18 -4.67567
 19 -4.88493
 20 -4.20891
 21 -4.6498
 22 -4.53478
 23 -4.73952
 24 -4.19939
 25 -4.67725
 26 -4.47345
 27 -4.98508
 28 -5.08947
 29 -3.99204
 30 -4.13577
 31 -4.52159
 32 -4.07274
 33 -3.82234
 34 -4.2052
 35 -4.5324
 36 -4.39809
 37 -4.21505
 38 -4.17454
 39 -4.77606
 40 -4.23502
 41 -4.49563
 42 -4.71713
 43 -4.60509
 44 -4.25001
 45 -4.49027
 46 -4.51855
 47 -4.80252
 48 -4.61382
 49 -4.48886
 50 -4.45308
 51 -4.53991
 52 -4.75075
 53 -4.42559
 54 -4.26852
 55 -4.949
 56 -4.96153
 57 -4.49938
 58 -4.24495
 59 -4.79116
 60 -5.05382
 61 -4.53129
 62 -4.5319
 63 -4.68806
 64 -4.39726
 65 -4.29005
 66 -4.39136
 67 -4.61455
 68 -4.49578
 69 -4.70766
 70 -4.61651
 71 -4.85702
 72 -5.13616
 73 -4.72526
 74 -4.53161
 75 -4.76791
 76 -4.9471
 77 -4.7702
 78 -4.55823
 79 -4.49951
 80 -4.80529
 81 -4.53366
 82 -4.2213
 83 -4.67116
 84 -5.12803
 85 -4.1602
 86 -3.92568
 87 -4.24468
 88 -4.55961
 89 -4.35349
 90 -4.11017
 91 -4.49002
 92 -4.97629
 93 -4.12215
 94 -4.40322
 95 -4.71836
 96 -4.85642
 97 -4.46824
 98 -3.82963
 99 -4.50083
 100 -4.98337
 101 -4.41252
 102 -4.26248
 103 -4.6242
 104 -4.85036
 105 -4.17748
 106 -4.44393
 107 -4.70905
 108 -4.68432
 109 -4.47901
 110 -4.17949
 111 -4.2762
 112 -4.46256
 113 -4.30394
 114 -4.02488
 115 -4.35815
 116 -4.18957
 117 -4.86077
 118 -4.60542
 119 -4.76597
 120 -4.67388
 121 -3.78774
 122 -3.97306
 123 -4.40406
 124 -4.73654
 125 -2.98555
 126 -3.71084
 127 -4.34584
 128 -4.24868
 129 -3.88169
 130 -3.96331
 131 -4.06215
 132 -3.98163
 133 -3.81456
 134 -3.65785
 135 -4.40816
 136 -4.23014
 137 -3.82498
 138 -3.77769
 139 -4.36514
 140 -4.54809
 141 -4.26468
 142 -3.93393
 143 -4.25627
 144 -4.03351
 145 -4.1235
 146 -3.41896
 147 -3.82948
 148 -3.36359
 149 -3.45866
 150 -3.8064
 151 -3.97743
 152 -3.78652
 153 -3.71772
 154 -3.5564
 155 -4.05546
 156 -3.85472
 157 -3.8063
 158 -3.55002
 159 -4.2438
 160 -4.4515
 161 -3.99678
 162 -3.79278
 163 -4.18682
 164 -4.20982
 165 -3.5518
 166 -3.63907
 167 -4.25839
 168 -4.2839
 169 -3.48905
 170 -3.41418
 171 -3.9633
 172 -3.39693
 173 -2.72269
 174 -2.91781
 175 -3.89217
 176 -3.11972
 177 -3.48119
 178 -3.57139
 179 -4.06043
 180 -3.89849
 181 -3.40967
 182 -3.23669
 183 -3.79379
 184 -4.21259
 185 -3.58421
 186 -3.23716
 187 -3.87725
 188 -3.69912
 189 -4.00145
 190 -3.97814
 191 -3.94655
 192 -4.34729
 193 -4.08218
 194 -3.24782
 195 -4.17061
 196 -5.00045
 197 -4.50525
 198 -4.25262
 199 -4.18797
 200 -3.52397
