 1 -5.42964
 2 -9.20513
 3 -8.34318
 4 -7.84041
 5 -6.72646
 6 -5.67796
 7 -6.53542
 8 -5.57236
 9 -6.96152
 10 -6.04456
 11 -6.83319
 12 -6.92581
 13 -6.62672
 14 -7.48328
 15 -6.12159
 16 -7.30436
 17 -6.01365
 18 -7.3167
 19 -6.31388
 20 -6.79756
 21 -6.90548
 22 -6.16771
 23 -6.53232
 24 -6.59357
 25 -6.05264
 26 -7.5537
 27 -5.40183
 28 -7.11043
 29 -6.22876
 30 -6.014
 31 -7.27439
 32 -5.38845
 33 -5.70785
 34 -4.64794
 35 -6.56449
 36 -9.48538
 37 -9.37086
 38 -9.44957
 39 -7.82008
 40 -9.16748
 41 -8.58171
 42 -10.5289
 43 -10.1026
 44 -9.18532
 45 -9.75881
 46 -9.31728
 47 -9.55489
 48 -9.7438
 49 -8.99977
 50 -7.74527
 51 -8.66154
 52 -8.12329
 53 -6.09566
 54 -6.29292
 55 -9.65659
 56 -6.51903
 57 -6.01076
 58 -5.31951
 59 -4.99036
 60 -5.96686
 61 -6.29401
 62 -7.51923
 63 -10.5135
 64 -8.94128
 65 -7.18778
 66 -8.01844
 67 -6.71618
 68 -8.41594
 69 -6.54071
 70 -6.40118
 71 -9.45028
 72 -8.08479
 73 -7.59456
 74 -7.34484
 75 -8.43451
 76 -8.84475
 77 -10.1926
 78 -9.0674
 79 -8.00814
 80 -10.5015
 81 -8.32255
 82 -7.67748
 83 -10.7748
 84 -9.84321
 85 -8.96366
 86 -10.8437
 87 -11.5164
 88 -9.73401
 89 -11.3509
 90 -9.51711
 91 -11.9211
 92 -10.3617
 93 -8.32223
 94 -10.7984
 95 -7.79988
 96 -11.5884
 97 -11.4841
 98 -6.71674
 99 -11.4799
 100 -7.96032
 101 -11.608
 102 -8.60339
 103 -7.18938
 104 -10.7725
 105 -8.64943
 106 -8.53562
 107 -8.33401
 108 -5.35676
 109 -11.247
 110 -10.8381
 111 -5.96639
 112 -8.37859
 113 -4.89858
 114 -6.72675
 115 -8.57935
 116 -8.85327
 117 -7.49569
 118 -6.49773
