 1 -8.29399
 2 -8.27673
 3 -8.25353
 4 -8.24776
 5 -8.24202
 6 -8.23631
 7 -8.21392
 8 -8.20303
 9 -8.19767
 10 -8.19236
 11 -8.18712
 12 -8.18193
 13 -8.1768
 14 -8.17172
 15 -8.16671
 16 -8.16174
 17 -8.15682
 18 -8.15196
 19 -8.14714
 20 -8.14236
 21 -8.13763
 22 -8.13293
 23 -8.12827
 24 -8.12364
 25 -8.11904
 26 -8.11446
 27 -8.1099
 28 -8.10536
 29 -8.10083
 30 -8.09631
 31 -8.08728
 32 -8.08276
 33 -8.07371
 34 -8.06916
 35 -8.06001
 36 -8.05541
 37 -8.05077
 38 -8.0461
 39 -8.0414
 40 -8.03667
 41 -8.03189
 42 -8.02707
 43 -8.02221
 44 -8.0173
 45 -8.01235
 46 -8.00734
 47 -8.00228
 48 -7.99716
 49 -7.99199
 50 -7.98676
 51 -7.98148
 52 -7.97614
 53 -7.97073
 54 -7.96527
 55 -7.95975
 56 -7.95416
 57 -7.94852
 58 -7.94281
 59 -7.93705
 60 -7.93123
 61 -7.92535
 62 -7.91941
 63 -7.91342
 64 -7.90738
 65 -7.90128
 66 -7.89513
 67 -7.88893
 68 -7.88268
 69 -7.87639
 70 -7.87005
 71 -7.86367
 72 -7.85726
 73 -7.85081
 74 -7.84433
 75 -7.83782
 76 -7.82472
 77 -7.81814
 78 -7.81155
 79 -7.80494
 80 -7.79832
 81 -7.79169
 82 -7.78506
 83 -7.77843
 84 -7.77181
 85 -7.75859
 86 -7.74543
 87 -7.71941
 88 -7.71299
 89 -7.70027
 90 -7.69398
 91 -7.68774
 92 -7.68155
 93 -7.63996
 94 -7.62319
 95 -7.61776
 96 -7.6124
 97 -7.60712
 98 -7.59681
 99 -7.59178
 100 -7.58682
 101 -7.58195
 102 -7.57716
 103 -7.57245
 104 -7.56782
 105 -7.56326
 106 -7.55878
 107 -7.55437
 108 -7.55004
 109 -7.54577
 110 -7.54157
 111 -7.53335
 112 -7.52933
 113 -7.52536
 114 -7.52143
 115 -7.51754
 116 -7.51369
 117 -7.50987
 118 -7.49853
 119 -7.49477
 120 -7.48723
 121 -7.48344
 122 -7.46388
 123 -7.45978
 124 -7.4556
 125 -7.45133
 126 -7.44694
 127 -7.44244
 128 -7.43304
 129 -7.42811
 130 -7.42301
 131 -7.41227
 132 -7.40659
 133 -7.38153
 134 -7.37461
 135 -7.3674
 136 -7.35987
 137 -7.35203
 138 -7.34384
 139 -7.3353
 140 -7.32639
 141 -7.3171
 142 -7.30741
 143 -7.2973
 144 -7.28676
 145 -7.27577
 146 -7.26432
 147 -7.22702
 148 -7.21356
 149 -7.18499
