 1 -5.54414
 2 -5.54414
 3 -5.54414
 4 -5.54414
 5 -5.54414
 6 -5.54414
 7 -5.54414
 8 -5.54414
 9 -5.54414
 10 -5.54414
 11 -5.54414
 12 -5.54414
 13 -5.54414
 14 -5.54414
 15 -5.54414
 16 -5.54414
 17 -5.54414
 18 -5.54414
 19 -5.54414
 20 -5.54414
 21 -5.54414
 22 -5.54414
 23 -5.54414
 24 -5.54414
 25 -5.54414
 26 -5.54414
 27 -5.54414
 28 -5.54414
 29 -5.54414
 30 -5.54414
 31 -5.54414
 32 -5.54414
 33 -5.54414
 34 -5.54414
 35 -5.54414
 36 -5.54414
 37 -5.54414
 38 -5.54414
 39 -5.54414
 40 -5.54414
 41 -5.54414
 42 -5.54414
 43 -5.54414
 44 -5.54414
 45 -5.54414
 46 -5.54414
 47 -5.54414
 48 -5.54414
 49 -5.54414
 50 -5.54414
 51 -5.54414
 52 -5.54414
 53 -5.54414
 54 -5.54414
 55 -5.54414
 56 -5.54414
 57 -5.54414
 58 -5.54414
 59 -5.54414
 60 -5.54414
 61 -5.54414
 62 -5.54414
 63 -5.54414
 64 -5.54414
 65 -5.54414
 66 -5.54414
 67 -5.54414
 68 -5.54414
 69 -5.54414
 70 -5.54414
 71 -5.54414
 72 -5.54414
 73 -5.54414
 74 -5.54414
 75 -5.54414
 76 -5.54414
 77 -5.54414
 78 -5.54414
 79 -5.54414
 80 -5.54414
 81 -5.54414
 82 -5.54414
 83 -5.54414
 84 -5.54414
