 1 -4.93035
 2 -4.93035
 3 -4.93035
 4 -4.93035
 5 -4.93035
 6 -4.93035
 7 -4.93035
 8 -4.93035
 9 -4.93035
 10 -4.93035
 11 -4.93035
 12 -4.93035
 13 -4.93035
 14 -4.93035
 15 -4.93035
 16 -4.93035
 17 -4.93035
 18 -4.93035
 19 -4.93035
 20 -4.93035
 21 -4.93035
 22 -4.93035
 23 -4.93035
 24 -4.93035
 25 -4.93035
 26 -4.93035
 27 -4.93035
 28 -4.93035
 29 -4.93035
 30 -4.93035
 31 -4.93035
 32 -4.93035
 33 -4.93035
 34 -4.93035
 35 -4.93035
 36 -4.93035
 37 -4.93035
 38 -4.93035
 39 -4.93035
 40 -4.93035
 41 -4.93035
 42 -4.93035
 43 -4.93035
 44 -4.93035
 45 -4.93035
 46 -4.93035
 47 -4.93035
 48 -4.93035
 49 -4.93035
 50 -4.93035
 51 -4.93035
 52 -4.93035
 53 -4.93035
 54 -4.93035
 55 -4.93035
 56 -4.93035
 57 -4.93035
 58 -4.93035
 59 -4.93035
 60 -4.93035
 61 -4.93035
 62 -4.93035
 63 -4.93035
 64 -4.93035
 65 -4.93035
 66 -4.93035
 67 -4.93035
 68 -4.93035
 69 -4.93035
 70 -4.93035
 71 -4.93035
 72 -4.93035
 73 -4.93035
 74 -4.93035
 75 -4.93035
 76 -4.93035
 77 -4.93035
 78 -4.93035
 79 -4.93035
 80 -4.93035
 81 -4.93035
 82 -4.93035
 83 -4.93035
 84 -4.93035
 85 -4.93035
 86 -4.93035
 87 -4.93035
