 1 -5.72625
 2 -5.73273
 3 -5.73703
 4 -5.7393
 5 -5.73968
 6 -5.73834
 7 -5.73539
 8 -5.73097
 9 -5.7252
 10 -5.7182
 11 -5.71008
 12 -5.70095
 13 -5.69089
 14 -5.68001
 15 -5.6684
 16 -5.65614
 17 -5.6433
 18 -5.62996
 19 -5.6162
 20 -5.60207
 21 -5.58764
 22 -5.57297
 23 -5.5581
 24 -5.5431
 25 -5.52799
 26 -5.51283
 27 -5.49766
 28 -5.48251
 29 -5.46742
 30 -5.45241
 31 -5.43751
 32 -5.39375
 33 -5.37954
 34 -5.36555
 35 -5.35178
 36 -5.33826
 37 -5.32499
 38 -5.31198
 39 -5.29924
 40 -5.28678
 41 -5.27459
 42 -5.26268
 43 -5.25106
 44 -5.23972
 45 -5.22866
 46 -5.21788
 47 -5.20738
 48 -5.19715
 49 -5.1872
 50 -5.17751
 51 -5.16808
 52 -5.1589
 53 -5.14998
 54 -5.13283
 55 -5.12461
 56 -5.11659
 57 -5.10879
 58 -5.10119
 59 -5.09377
 60 -5.08654
 61 -5.07949
 62 -5.07259
 63 -5.06586
 64 -5.05926
 65 -5.05281
 66 -5.04648
 67 -5.04028
 68 -5.03418
 69 -5.02819
 70 -5.02228
 71 -5.01647
 72 -5.01073
 73 -5.00506
 74 -4.99945
 75 -4.9939
 76 -4.9884
 77 -4.98293
 78 -4.9775
 79 -4.9721
 80 -4.96671
 81 -4.96135
 82 -4.95599
 83 -4.95064
 84 -4.94529
 85 -4.93993
 86 -4.93457
 87 -4.92919
 88 -4.92379
 89 -4.91838
 90 -4.91293
 91 -4.90746
 92 -4.90196
 93 -4.89643
 94 -4.89085
 95 -4.88524
 96 -4.87959
 97 -4.87389
 98 -4.86814
 99 -4.86235
 100 -4.85651
 101 -4.85061
 102 -4.84466
 103 -4.83865
 104 -4.83258
 105 -4.82645
 106 -4.82025
 107 -4.81399
 108 -4.80767
 109 -4.80127
 110 -4.79479
 111 -4.78824
 112 -4.78161
 113 -4.77489
 114 -4.76809
 115 -4.76119
 116 -4.75419
 117 -4.7471
 118 -4.73989
 119 -4.73257
 120 -4.72513
 121 -4.71757
 122 -4.70987
 123 -4.70203
 124 -4.69403
 125 -4.68588
 126 -4.67755
 127 -4.66904
 128 -4.66034
 129 -4.65143
 130 -4.64231
 131 -4.63295
 132 -4.62334
 133 -4.61347
 134 -4.60333
 135 -4.59288
 136 -4.58212
 137 -4.57102
 138 -4.55956
 139 -4.54773
 140 -4.53549
 141 -4.52283
 142 -4.50972
 143 -4.49613
 144 -4.48204
 145 -4.46741
 146 -4.45222
 147 -4.43644
 148 -4.42003
 149 -4.40295
 150 -4.38518
 151 -4.36667
 152 -4.3474
 153 -4.32731
 154 -4.30636
 155 -4.28452
 156 -4.26175
 157 -4.23798
 158 -4.21319
 159 -4.18731
