 1 -4.14577
 2 -4.14577
 3 -4.14577
 4 -4.14577
 5 -4.14577
 6 -4.14577
 7 -4.14577
 8 -4.14577
 9 -4.14577
 10 -4.14577
 11 -4.14577
 12 -4.14577
 13 -4.14577
 14 -4.14577
 15 -4.14577
 16 -4.14577
 17 -4.14577
 18 -4.14577
 19 -4.14577
 20 -4.14577
 21 -4.14577
 22 -4.14577
 23 -4.14577
 24 -4.14577
 25 -4.14577
 26 -4.14577
 27 -4.14577
 28 -4.14577
 29 -4.14577
 30 -4.14577
 31 -4.14577
 32 -4.14577
 33 -4.14577
 34 -4.14577
 35 -4.14577
 36 -4.14577
 37 -4.14577
 38 -4.14577
 39 -4.14577
 40 -4.14577
 41 -4.14577
 42 -4.14577
 43 -4.14577
 44 -4.14577
 45 -4.14577
 46 -4.14577
 47 -4.14577
 48 -4.14577
 49 -4.14577
 50 -4.14577
 51 -4.14577
 52 -4.14577
 53 -4.14577
 54 -4.14577
 55 -4.14577
 56 -4.14577
 57 -4.14577
 58 -4.14577
 59 -4.14577
 60 -4.14577
 61 -4.14577
 62 -4.14577
 63 -4.14577
 64 -4.14577
 65 -4.14577
 66 -4.14577
 67 -4.14577
 68 -4.14577
 69 -4.14577
 70 -4.14577
 71 -4.14577
 72 -4.14577
 73 -4.14577
 74 -4.14577
 75 -4.14577
 76 -4.14577
 77 -4.14577
 78 -4.14577
 79 -4.14577
 80 -4.14577
 81 -4.14577
 82 -4.14577
 83 -4.14577
 84 -4.14577
 85 -4.14577
 86 -4.14577
 87 -4.14577
 88 -4.14577
 89 -4.14577
 90 -4.14577
 91 -4.14577
 92 -4.14577
 93 -4.14577
 94 -4.14577
 95 -4.14577
 96 -4.14577
 97 -4.14577
 98 -4.14577
 99 -4.14577
 100 -4.14577
 101 -4.14577
 102 -4.14577
 103 -4.14577
 104 -4.14577
 105 -4.14577
 106 -4.14577
 107 -4.14577
 108 -4.14577
 109 -4.14577
 110 -4.14577
 111 -4.14577
 112 -4.14577
 113 -4.14577
 114 -4.14577
 115 -4.14577
 116 -4.14577
 117 -4.14577
 118 -4.14577
 119 -4.14577
 120 -4.14577
 121 -4.14577
 122 -4.14577
 123 -4.14577
 124 -4.14577
 125 -4.14577
 126 -4.14577
 127 -4.14577
 128 -4.14577
 129 -4.14577
 130 -4.14577
 131 -4.14577
 132 -4.14577
 133 -4.14577
 134 -4.14577
 135 -4.14577
 136 -4.14577
 137 -4.14577
 138 -4.14577
 139 -4.14577
 140 -4.14577
 141 -4.14577
 142 -4.14577
 143 -4.14577
 144 -4.14577
 145 -4.14577
 146 -4.14577
 147 -4.14577
 148 -4.14577
 149 -4.14577
 150 -4.14577
 151 -4.14577
 152 -4.14577
 153 -4.14577
 154 -4.14577
 155 -4.14577
 156 -4.14577
 157 -4.14577
