 1 -5.13149
 2 -5.09942
 3 -5.06913
 4 -5.0136
 5 -4.98819
 6 -4.92052
 7 -4.90057
 8 -4.84764
 9 -4.83209
 10 -4.8175
 11 -4.8038
 12 -4.79095
 13 -4.77888
 14 -4.76756
 15 -4.75693
 16 -4.74696
 17 -4.73759
 18 -4.72878
 19 -4.72049
 20 -4.71269
 21 -4.70534
 22 -4.68563
 23 -4.67973
 24 -4.66876
 25 -4.66363
 26 -4.65871
 27 -4.65398
 28 -4.6494
 29 -4.64496
 30 -4.64064
 31 -4.63641
 32 -4.63227
 33 -4.62818
 34 -4.62415
 35 -4.62014
 36 -4.61616
 37 -4.61217
 38 -4.60818
 39 -4.60013
 40 -4.59605
 41 -4.59193
 42 -4.5835
 43 -4.57918
 44 -4.57479
 45 -4.57031
 46 -4.56576
 47 -4.55637
 48 -4.55153
 49 -4.54659
 50 -4.52584
 51 -4.5204
 52 -4.50346
 53 -4.49762
 54 -4.49168
 55 -4.48565
 56 -4.47952
 57 -4.47331
 58 -4.46701
 59 -4.46063
 60 -4.45416
 61 -4.44763
 62 -4.44102
 63 -4.43434
 64 -4.4276
 65 -4.4208
 66 -4.41394
 67 -4.40009
 68 -4.38606
 69 -4.379
 70 -4.37191
 71 -4.35052
 72 -4.34337
 73 -4.33621
 74 -4.31477
 75 -4.30765
 76 -4.30054
 77 -4.29346
 78 -4.28641
 79 -4.27939
 80 -4.2724
 81 -4.26545
 82 -4.25855
 83 -4.2517
 84 -4.23814
 85 -4.23145
 86 -4.22481
 87 -4.21173
 88 -4.20529
 89 -4.19892
 90 -4.19263
 91 -4.1864
 92 -4.18025
 93 -4.16818
 94 -4.16226
 95 -4.15642
 96 -4.15066
 97 -4.14498
 98 -4.13938
 99 -4.12841
 100 -4.12304
 101 -4.11775
 102 -4.11253
 103 -4.10738
 104 -4.09236
 105 -4.08749
 106 -4.07791
 107 -4.0732
 108 -4.06855
 109 -4.06393
 110 -4.05936
 111 -4.05482
 112 -4.05031
 113 -4.04583
 114 -4.04136
 115 -4.03691
 116 -4.03247
 117 -4.02802
 118 -4.02357
 119 -4.0191
 120 -4.01461
 121 -4.01009
 122 -4.00554
 123 -4.00093
 124 -3.99627
 125 -3.99155
 126 -3.98675
 127 -3.98187
 128 -3.97689
 129 -3.97181
 130 -3.96662
 131 -3.9613
 132 -3.95584
 133 -3.95023
 134 -3.94446
 135 -3.93852
 136 -3.9324
 137 -3.92607
 138 -3.91954
 139 -3.91278
 140 -3.90578
 141 -3.89852
 142 -3.891
 143 -3.8832
 144 -3.8751
 145 -3.86669
 146 -3.85795
 147 -3.84887
 148 -3.83943
 149 -3.82961
 150 -3.81939
 151 -3.80877
 152 -3.79771
 153 -3.78621
 154 -3.77425
 155 -3.7618
 156 -3.74885
 157 -3.73538
 158 -3.72137
 159 -3.7068
 160 -3.69165
 161 -3.6759
 162 -3.65953
 163 -3.64251
 164 -3.62483
 165 -3.60647
 166 -3.5874
 167 -3.5676
 168 -3.54705
