 1 -8.07912
 2 -8.07226
 3 -8.06991
 4 -8.06229
 5 -8.05947
 6 -8.05332
 7 -8.04996
 8 -8.0464
 9 -8.04262
 10 -8.03862
 11 -8.03439
 12 -8.02994
 13 -8.02037
 14 -8.01525
 15 -8.00991
 16 -8.00436
 17 -7.9986
 18 -7.99265
 19 -7.9865
 20 -7.98017
 21 -7.97368
 22 -7.96702
 23 -7.96021
 24 -7.95327
 25 -7.94621
 26 -7.93903
 27 -7.93175
 28 -7.92439
 29 -7.91696
 30 -7.90947
 31 -7.90193
 32 -7.89436
 33 -7.88678
 34 -7.87919
 35 -7.8716
 36 -7.86404
 37 -7.85652
 38 -7.84904
 39 -7.84162
 40 -7.83427
 41 -7.827
 42 -7.81983
 43 -7.81275
 44 -7.79896
 45 -7.79225
 46 -7.78568
 47 -7.77926
 48 -7.77299
 49 -7.76689
 50 -7.76095
 51 -7.75518
 52 -7.74959
 53 -7.74418
 54 -7.73895
 55 -7.73391
 56 -7.72906
 57 -7.7244
 58 -7.71993
 59 -7.71565
 60 -7.71156
 61 -7.70766
 62 -7.70394
 63 -7.70041
 64 -7.69706
 65 -7.69389
 66 -7.6909
 67 -7.68807
 68 -7.68541
 69 -7.68291
 70 -7.68056
 71 -7.67835
 72 -7.67628
 73 -7.67435
 74 -7.67253
 75 -7.67083
 76 -7.66923
 77 -7.66773
 78 -7.66631
 79 -7.66497
 80 -7.66369
 81 -7.66247
 82 -7.66129
 83 -7.66015
 84 -7.65902
 85 -7.65791
 86 -7.6568
 87 -7.65567
 88 -7.65452
 89 -7.65333
 90 -7.6521
 91 -7.65081
 92 -7.64945
 93 -7.64801
 94 -7.64647
 95 -7.64483
 96 -7.64307
 97 -7.64119
 98 -7.63917
 99 -7.637
 100 -7.63468
 101 -7.62667
 102 -7.62037
 103 -7.61691
 104 -7.61324
 105 -7.60934
 106 -7.60521
 107 -7.60084
 108 -7.59623
 109 -7.59137
 110 -7.58627
 111 -7.58091
 112 -7.5753
 113 -7.56942
 114 -7.56329
 115 -7.5569
 116 -7.55024
 117 -7.54333
 118 -7.53615
 119 -7.52873
 120 -7.52104
 121 -7.51311
 122 -7.50494
 123 -7.49652
 124 -7.48787
 125 -7.47899
 126 -7.4699
 127 -7.46059
 128 -7.45108
 129 -7.44137
 130 -7.43149
 131 -7.42143
 132 -7.41121
 133 -7.40085
 134 -7.39036
 135 -7.37975
 136 -7.36903
 137 -7.35823
 138 -7.34736
 139 -7.33642
 140 -7.32546
 141 -7.28157
 142 -7.25988
 143 -7.24917
 144 -7.23858
 145 -7.21783
 146 -7.20772
 147 -7.1978
 148 -7.17866
 149 -7.16058
 150 -7.12823
 151 -7.10199
 152 -7.08292
 153 -7.07381
 154 -7.0718
 155 -7.07031
 156 -7.06935
 157 -7.06892
 158 -7.069
 159 -7.07071
 160 -7.07232
 161 -7.07441
 162 -7.07697
 163 -7.07997
 164 -7.08723
 165 -7.09595
 166 -7.10077
 167 -7.10584
 168 -7.11112
