 1 -4.29313
 2 -4.29313
 3 -4.29313
 4 -4.29313
 5 -4.29313
 6 -4.29313
 7 -4.29313
 8 -4.29313
 9 -4.29313
 10 -4.29313
 11 -4.29313
 12 -4.29313
 13 -4.29313
 14 -4.29313
 15 -4.29313
 16 -4.29313
 17 -4.29313
 18 -4.29313
 19 -4.29313
 20 -4.29313
 21 -4.29313
 22 -4.29313
 23 -4.29313
 24 -4.29313
 25 -4.29313
 26 -4.29313
 27 -4.29313
 28 -4.29313
 29 -4.29313
 30 -4.29313
 31 -4.29313
 32 -4.29313
 33 -4.29313
 34 -4.29313
 35 -4.29313
 36 -4.29313
 37 -4.29313
 38 -4.29313
 39 -4.29313
 40 -4.29313
 41 -4.29313
 42 -4.29313
 43 -4.29313
 44 -4.29313
 45 -4.29313
 46 -4.29313
 47 -4.29313
 48 -4.29313
 49 -4.29313
 50 -4.29313
 51 -4.29313
 52 -4.29313
 53 -4.29313
 54 -4.29313
 55 -4.29313
 56 -4.29313
 57 -4.29313
 58 -4.29313
 59 -4.29313
 60 -4.29313
 61 -4.29313
 62 -4.29313
 63 -4.29313
 64 -4.29313
 65 -4.29313
 66 -4.29313
 67 -4.29313
 68 -4.29313
 69 -4.29313
 70 -4.29313
 71 -4.29313
 72 -4.29313
 73 -4.29313
 74 -4.29313
 75 -4.29313
 76 -4.29313
 77 -4.29313
 78 -4.29313
 79 -4.29313
 80 -4.29313
 81 -4.29313
 82 -4.29313
 83 -4.29313
 84 -4.29313
 85 -4.29313
 86 -4.29313
 87 -4.29313
 88 -4.29313
 89 -4.29313
 90 -4.29313
 91 -4.29313
 92 -4.29313
 93 -4.29313
 94 -4.29313
 95 -4.29313
 96 -4.29313
 97 -4.29313
 98 -4.29313
 99 -4.29313
 100 -4.29313
 101 -4.29313
 102 -4.29313
 103 -4.29313
 104 -4.29313
 105 -4.29313
 106 -4.29313
 107 -4.29313
 108 -4.29313
 109 -4.29313
 110 -4.29313
 111 -4.29313
 112 -4.29313
 113 -4.29313
 114 -4.29313
 115 -4.29313
 116 -4.29313
 117 -4.29313
 118 -4.29313
 119 -4.29313
 120 -4.29313
 121 -4.29313
 122 -4.29313
 123 -4.29313
 124 -4.29313
 125 -4.29313
 126 -4.29313
 127 -4.29313
 128 -4.29313
 129 -4.29313
 130 -4.29313
 131 -4.29313
 132 -4.29313
 133 -4.29313
 134 -4.29313
 135 -4.29313
 136 -4.29313
 137 -4.29313
 138 -4.29313
 139 -4.29313
 140 -4.29313
 141 -4.29313
 142 -4.29313
 143 -4.29313
 144 -4.29313
 145 -4.29313
 146 -4.29313
 147 -4.29313
 148 -4.29313
 149 -4.29313
 150 -4.29313
 151 -4.29313
 152 -4.29313
 153 -4.29313
 154 -4.29313
 155 -4.29313
 156 -4.29313
 157 -4.29313
 158 -4.29313
 159 -4.29313
 160 -4.29313
 161 -4.29313
 162 -4.29313
 163 -4.29313
 164 -4.29313
 165 -4.29313
 166 -4.29313
 167 -4.29313
 168 -4.29313
 169 -4.29313
 170 -4.29313
 171 -4.29313
 172 -4.29313
 173 -4.29313
 174 -4.29313
 175 -4.29313
 176 -4.29313
 177 -4.29313
 178 -4.29313
 179 -4.29313
 180 -4.29313
 181 -4.29313
 182 -4.29313
 183 -4.29313
 184 -4.29313
 185 -4.29313
 186 -4.29313
 187 -4.29313
 188 -4.29313
 189 -4.29313
 190 -4.29313
 191 -4.29313
 192 -4.29313
 193 -4.29313
 194 -4.29313
 195 -4.29313
 196 -4.29313
 197 -4.29313
 198 -4.29313
 199 -4.29313
 200 -4.29313
