 1 -5.14904
 2 -5.14904
 3 -5.14904
 4 -5.14904
 5 -5.14904
 6 -5.14904
 7 -5.14904
 8 -5.14904
 9 -5.14904
 10 -5.14904
 11 -5.14904
 12 -5.14904
 13 -5.14904
 14 -5.14904
 15 -5.14904
 16 -5.14904
 17 -5.14904
 18 -5.14904
 19 -5.14904
 20 -5.14904
 21 -5.14904
 22 -5.14904
 23 -5.14904
 24 -5.14904
 25 -5.14904
 26 -5.14904
 27 -5.14904
 28 -5.14904
 29 -5.14904
 30 -5.14904
 31 -5.14904
 32 -5.14904
 33 -5.14904
 34 -5.14904
 35 -5.14904
 36 -5.14904
 37 -5.14904
 38 -5.14904
 39 -5.14904
 40 -5.14904
 41 -5.14904
 42 -5.14904
 43 -5.14904
 44 -5.14904
 45 -5.14904
 46 -5.14904
 47 -5.14904
 48 -5.14904
 49 -5.14904
 50 -5.14904
 51 -5.14904
 52 -5.14904
 53 -5.14904
 54 -5.14904
 55 -5.14904
 56 -5.14904
 57 -5.14904
 58 -5.14904
 59 -5.14904
 60 -5.14904
 61 -5.14904
 62 -5.14904
 63 -5.14904
 64 -5.14904
 65 -5.14904
 66 -5.14904
 67 -5.14904
 68 -5.14904
 69 -5.14904
 70 -5.14904
 71 -5.14904
 72 -5.14904
 73 -5.14904
 74 -5.14904
 75 -5.14904
 76 -5.14904
 77 -5.14904
 78 -5.14904
 79 -5.14904
 80 -5.14904
 81 -5.14904
 82 -5.14904
 83 -5.14904
 84 -5.14904
 85 -5.14904
 86 -5.14904
 87 -5.14904
 88 -5.14904
 89 -5.14904
 90 -5.14904
 91 -5.14904
 92 -5.14904
 93 -5.14904
 94 -5.14904
 95 -5.14904
 96 -5.14904
 97 -5.14904
 98 -5.14904
 99 -5.14904
 100 -5.14904
 101 -5.14904
 102 -5.14904
 103 -5.14904
 104 -5.14904
 105 -5.14904
 106 -5.14904
 107 -5.14904
 108 -5.14904
 109 -5.14904
 110 -5.14904
 111 -5.14904
 112 -5.14904
 113 -5.14904
 114 -5.14904
 115 -5.14904
 116 -5.14904
 117 -5.14904
 118 -5.14904
 119 -5.14904
 120 -5.14904
 121 -5.14904
 122 -5.14904
 123 -5.14904
 124 -5.14904
 125 -5.14904
 126 -5.14904
 127 -5.14904
 128 -5.14904
 129 -5.14904
 130 -5.14904
 131 -5.14904
 132 -5.14904
 133 -5.14904
 134 -5.14904
 135 -5.14904
 136 -5.14904
 137 -5.14904
 138 -5.14904
 139 -5.14904
 140 -5.14904
 141 -5.14904
 142 -5.14904
 143 -5.14904
 144 -5.14904
 145 -5.14904
 146 -5.14904
 147 -5.14904
 148 -5.14904
 149 -5.14904
 150 -5.14904
 151 -5.14904
 152 -5.14904
 153 -5.14904
 154 -5.14904
 155 -5.14904
 156 -5.14904
 157 -5.14904
 158 -5.14904
 159 -5.14904
 160 -5.14904
 161 -5.14904
 162 -5.14904
 163 -5.14904
 164 -5.14904
 165 -5.14904
 166 -5.14904
 167 -5.14904
 168 -5.14904
 169 -5.14904
 170 -5.14904
 171 -5.14904
 172 -5.14904
 173 -5.14904
 174 -5.14904
 175 -5.14904
 176 -5.14904
 177 -5.14904
 178 -5.14904
 179 -5.14904
 180 -5.14904
 181 -5.14904
 182 -5.14904
 183 -5.14904
 184 -5.14904
 185 -5.14904
