 1 -3.34765
 2 -3.34765
 3 -3.34765
 4 -3.34765
 5 -3.34765
 6 -3.34765
 7 -3.34765
 8 -3.34765
 9 -3.34765
 10 -3.34765
 11 -3.34765
 12 -3.34765
 13 -3.34765
 14 -3.34765
 15 -3.34765
 16 -3.34765
 17 -3.34765
 18 -3.34765
 19 -3.34765
 20 -3.34765
 21 -3.34765
 22 -3.34765
 23 -3.34765
 24 -3.34765
 25 -3.34765
 26 -3.34765
 27 -3.34765
 28 -3.34765
 29 -3.34765
 30 -3.34765
 31 -3.34765
 32 -3.34765
 33 -3.34765
 34 -3.34765
 35 -3.34765
 36 -3.34765
 37 -3.34765
 38 -3.34765
 39 -3.34765
 40 -3.34765
 41 -3.34765
 42 -3.34765
 43 -3.34765
 44 -3.34765
 45 -3.34765
 46 -3.34765
 47 -3.34765
 48 -3.34765
 49 -3.34765
 50 -3.34765
 51 -3.34765
 52 -3.34765
 53 -3.34765
 54 -3.34765
 55 -3.34765
 56 -3.34765
 57 -3.34765
 58 -3.34765
 59 -3.34765
 60 -3.34765
 61 -3.34765
 62 -3.34765
 63 -3.34765
 64 -3.34765
 65 -3.34765
 66 -3.34765
 67 -3.34765
 68 -3.34765
