 1 -6.41273
 2 -6.41273
 3 -6.41273
 4 -6.41273
 5 -6.41273
 6 -6.41273
 7 -6.41273
 8 -6.41273
 9 -6.41273
 10 -6.41273
 11 -6.41273
 12 -6.41273
 13 -6.41273
 14 -6.41273
 15 -6.41273
 16 -6.41273
 17 -6.41273
 18 -6.41273
 19 -6.41273
 20 -6.41273
 21 -6.41273
 22 -6.41273
 23 -6.41273
 24 -6.41273
 25 -6.41273
 26 -6.41273
 27 -6.41273
 28 -6.41273
 29 -6.41273
 30 -6.41273
 31 -6.41273
 32 -6.41273
 33 -6.41273
 34 -6.41273
 35 -6.41273
 36 -6.41273
 37 -6.41273
 38 -6.41273
 39 -6.41273
 40 -6.41273
 41 -6.41273
 42 -6.41273
 43 -6.41273
 44 -6.41273
 45 -6.41273
 46 -6.41273
 47 -6.41273
 48 -6.41273
 49 -6.41273
 50 -6.41273
 51 -6.41273
 52 -6.41273
 53 -6.41273
 54 -6.41273
 55 -6.41273
 56 -6.41273
 57 -6.41273
 58 -6.41273
 59 -6.41273
 60 -6.41273
 61 -6.41273
 62 -6.41273
 63 -6.41273
 64 -6.41273
 65 -6.41273
 66 -6.41273
 67 -6.41273
 68 -6.41273
 69 -6.41273
 70 -6.41273
 71 -6.41273
 72 -6.41273
 73 -6.41273
 74 -6.41273
 75 -6.41273
 76 -6.41273
 77 -6.41273
 78 -6.41273
 79 -6.41273
 80 -6.41273
 81 -6.41273
 82 -6.41273
 83 -6.41273
 84 -6.41273
 85 -6.41273
 86 -6.41273
 87 -6.41273
 88 -6.41273
 89 -6.41273
 90 -6.41273
 91 -6.41273
 92 -6.41273
 93 -6.41273
 94 -6.41273
 95 -6.41273
 96 -6.41273
 97 -6.41273
 98 -6.41273
 99 -6.41273
 100 -6.41273
 101 -6.41273
 102 -6.41273
 103 -6.41273
 104 -6.41273
 105 -6.41273
 106 -6.41273
 107 -6.41273
 108 -6.41273
 109 -6.41273
 110 -6.41273
 111 -6.41273
 112 -6.41273
 113 -6.41273
 114 -6.41273
 115 -6.41273
 116 -6.41273
 117 -6.41273
 118 -6.41273
 119 -6.41273
 120 -6.41273
 121 -6.41273
 122 -6.41273
 123 -6.41273
 124 -6.41273
 125 -6.41273
 126 -6.41273
 127 -6.41273
 128 -6.41273
 129 -6.41273
 130 -6.41273
 131 -6.41273
 132 -6.41273
 133 -6.41273
 134 -6.41273
 135 -6.41273
 136 -6.41273
 137 -6.41273
 138 -6.41273
 139 -6.41273
 140 -6.41273
 141 -6.41273
 142 -6.41273
 143 -6.41273
 144 -6.41273
 145 -6.41273
 146 -6.41273
 147 -6.41273
 148 -6.41273
 149 -6.41273
 150 -6.41273
 151 -6.41273
 152 -6.41273
 153 -6.41273
 154 -6.41273
 155 -6.41273
 156 -6.41273
 157 -6.41273
 158 -6.41273
 159 -6.41273
 160 -6.41273
 161 -6.41273
 162 -6.41273
 163 -6.41273
 164 -6.41273
 165 -6.41273
 166 -6.41273
 167 -6.41273
 168 -6.41273
 169 -6.41273
 170 -6.41273
 171 -6.41273
 172 -6.41273
 173 -6.41273
 174 -6.41273
 175 -6.41273
 176 -6.41273
 177 -6.41273
 178 -6.41273
 179 -6.41273
 180 -6.41273
 181 -6.41273
 182 -6.41273
 183 -6.41273
 184 -6.41273
 185 -6.41273
 186 -6.41273
 187 -6.41273
 188 -6.41273
 189 -6.41273
 190 -6.41273
 191 -6.41273
 192 -6.41273
