 1 -4.82003
 2 -4.82003
 3 -4.82003
 4 -4.82003
 5 -4.82003
 6 -4.82003
 7 -4.82003
 8 -4.82003
 9 -4.82003
 10 -4.82003
 11 -4.82003
 12 -4.82003
 13 -4.82003
 14 -4.82003
 15 -4.82003
 16 -4.82003
 17 -4.82003
 18 -4.82003
 19 -4.82003
 20 -4.82003
 21 -4.82003
 22 -4.82003
 23 -4.82003
 24 -4.82003
 25 -4.82003
 26 -4.82003
 27 -4.82003
 28 -4.82003
 29 -4.82003
 30 -4.82003
 31 -4.82003
 32 -4.82003
 33 -4.82003
 34 -4.82003
 35 -4.82003
 36 -4.82003
 37 -4.82003
 38 -4.82003
 39 -4.82003
 40 -4.82003
 41 -4.82003
 42 -4.82003
 43 -4.82003
 44 -4.82003
 45 -4.82003
 46 -4.82003
 47 -4.82003
 48 -4.82003
 49 -4.82003
 50 -4.82003
 51 -4.82003
 52 -4.82003
 53 -4.82003
 54 -4.82003
 55 -4.82003
 56 -4.82003
 57 -4.82003
 58 -4.82003
 59 -4.82003
 60 -4.82003
 61 -4.82003
 62 -4.82003
 63 -4.82003
 64 -4.82003
 65 -4.82003
 66 -4.82003
 67 -4.82003
 68 -4.82003
 69 -4.82003
 70 -4.82003
 71 -4.82003
 72 -4.82003
 73 -4.82003
 74 -4.82003
 75 -4.82003
 76 -4.82003
 77 -4.82003
 78 -4.82003
 79 -4.82003
 80 -4.82003
 81 -4.82003
 82 -4.82003
 83 -4.82003
 84 -4.82003
 85 -4.82003
 86 -4.82003
 87 -4.82003
 88 -4.82003
 89 -4.82003
 90 -4.82003
 91 -4.82003
 92 -4.82003
 93 -4.82003
 94 -4.82003
 95 -4.82003
 96 -4.82003
 97 -4.82003
 98 -4.82003
 99 -4.82003
 100 -4.82003
 101 -4.82003
 102 -4.82003
 103 -4.82003
 104 -4.82003
 105 -4.82003
 106 -4.82003
 107 -4.82003
 108 -4.82003
 109 -4.82003
 110 -4.82003
 111 -4.82003
 112 -4.82003
 113 -4.82003
 114 -4.82003
 115 -4.82003
 116 -4.82003
 117 -4.82003
