 1 -5.04041
 2 -5.02144
 3 -5.00323
 4 -4.96898
 5 -4.95288
 6 -4.92257
 7 -4.90831
 8 -4.8814
 9 -4.86871
 10 -4.85649
 11 -4.81172
 12 -4.78178
 13 -4.77236
 14 -4.76318
 15 -4.75422
 16 -4.72847
 17 -4.70399
 18 -4.69602
 19 -4.6725
 20 -4.66474
 21 -4.65699
 22 -4.64924
 23 -4.64148
 24 -4.6337
 25 -4.62588
 26 -4.61803
 27 -4.61013
 28 -4.60217
 29 -4.59414
 30 -4.58604
 31 -4.57786
 32 -4.5696
 33 -4.5528
 34 -4.54426
 35 -4.53562
 36 -4.52687
 37 -4.51802
 38 -4.50907
 39 -4.50001
 40 -4.49084
 41 -4.48157
 42 -4.47219
 43 -4.46271
 44 -4.45313
 45 -4.44345
 46 -4.43367
 47 -4.42379
 48 -4.41383
 49 -4.40378
 50 -4.39365
 51 -4.38345
 52 -4.37317
 53 -4.36282
 54 -4.35241
 55 -4.34195
 56 -4.33144
 57 -4.32089
 58 -4.3103
 59 -4.29968
 60 -4.28904
 61 -4.27838
 62 -4.26772
 63 -4.25705
 64 -4.24639
 65 -4.23574
 66 -4.22512
 67 -4.21452
 68 -4.20396
 69 -4.19344
 70 -4.18298
 71 -4.17257
 72 -4.16222
 73 -4.15195
 74 -4.14176
 75 -4.13165
 76 -4.12164
 77 -4.11173
 78 -4.10192
 79 -4.09223
 80 -4.08265
 81 -4.07319
 82 -4.06387
 83 -4.05467
 84 -4.04562
 85 -4.03671
 86 -4.02795
 87 -4.01933
 88 -4.01087
 89 -4.00257
 90 -3.99443
 91 -3.98645
 92 -3.97864
 93 -3.97099
 94 -3.96351
 95 -3.95619
 96 -3.94905
 97 -3.94207
 98 -3.93525
 99 -3.92861
 100 -3.92212
 101 -3.9158
 102 -3.90964
 103 -3.90363
 104 -3.89778
 105 -3.89207
 106 -3.88651
 107 -3.88109
 108 -3.8758
 109 -3.87064
 110 -3.8656
 111 -3.86068
 112 -3.85586
 113 -3.85115
 114 -3.84652
 115 -3.84198
 116 -3.83751
 117 -3.83311
 118 -3.82877
 119 -3.82446
 120 -3.8202
 121 -3.81595
 122 -3.81172
 123 -3.8075
 124 -3.80326
 125 -3.79899
 126 -3.7947
 127 -3.79036
 128 -3.78595
 129 -3.78148
 130 -3.77692
 131 -3.77227
 132 -3.7675
 133 -3.76261
 134 -3.75759
 135 -3.75241
 136 -3.74707
 137 -3.74156
 138 -3.73587
 139 -3.72997
 140 -3.72386
 141 -3.71753
 142 -3.71097
 143 -3.70416
 144 -3.6971
 145 -3.68978
 146 -3.68218
 147 -3.6743
 148 -3.66613
 149 -3.65766
 150 -3.64889
 151 -3.63982
 152 -3.63043
 153 -3.62072
 154 -3.6107
 155 -3.60037
 156 -3.58971
 157 -3.57874
 158 -3.56746
 159 -3.55587
 160 -3.54397
 161 -3.53179
 162 -3.51932
 163 -3.50658
 164 -3.49358
 165 -3.48034
 166 -3.46688
 167 -3.45322
 168 -3.43937
 169 -3.42537
 170 -3.41124
 171 -3.39701
 172 -3.38272
 173 -3.3684
 174 -3.35409
 175 -3.33984
 176 -3.32568
 177 -3.31168
 178 -3.29787
 179 -3.28433
 180 -3.2711
 181 -3.25825
 182 -3.24586
