 1 -4.77134
 2 -4.74056
 3 -4.73001
 4 -4.69773
 5 -4.68681
 6 -4.66481
 7 -4.65376
 8 -4.64269
 9 -4.63162
 10 -4.62055
 11 -4.6095
 12 -4.59848
 13 -4.5875
 14 -4.57656
 15 -4.56567
 16 -4.55485
 17 -4.54409
 18 -4.53341
 19 -4.52281
 20 -4.51229
 21 -4.50187
 22 -4.49155
 23 -4.48133
 24 -4.47121
 25 -4.4612
 26 -4.4513
 27 -4.44151
 28 -4.43184
 29 -4.42228
 30 -4.41285
 31 -4.40353
 32 -4.39432
 33 -4.38524
 34 -4.37627
 35 -4.36742
 36 -4.35869
 37 -4.35007
 38 -4.34156
 39 -4.33317
 40 -4.32488
 41 -4.3167
 42 -4.30862
 43 -4.30064
 44 -4.28496
 45 -4.27726
 46 -4.26965
 47 -4.26211
 48 -4.25465
 49 -4.24727
 50 -4.23995
 51 -4.2327
 52 -4.2255
 53 -4.21836
 54 -4.20423
 55 -4.19722
 56 -4.18331
 57 -4.17639
 58 -4.16949
 59 -4.16261
 60 -4.13512
 61 -4.12823
 62 -4.11442
 63 -4.10748
 64 -4.09351
 65 -4.08647
 66 -4.0794
 67 -4.06511
 68 -4.0579
 69 -4.00575
 70 -3.99025
 71 -3.9337
 72 -3.90837
 73 -3.89978
 74 -3.89112
 75 -3.85587
 76 -3.84691
 77 -3.82884
 78 -3.80141
 79 -3.74581
 80 -3.73651
 81 -3.72721
 82 -3.71792
 83 -3.70865
 84 -3.67184
 85 -3.6447
 86 -3.63578
 87 -3.62693
 88 -3.59236
 89 -3.58396
 90 -3.57566
 91 -3.56748
 92 -3.55941
 93 -3.55147
 94 -3.54365
 95 -3.53595
 96 -3.5284
 97 -3.52097
 98 -3.51369
 99 -3.50655
 100 -3.49955
 101 -3.49269
 102 -3.48598
 103 -3.47941
 104 -3.47299
 105 -3.4667
 106 -3.46056
 107 -3.45455
 108 -3.44867
 109 -3.44292
 110 -3.43729
 111 -3.43177
 112 -3.42636
 113 -3.42105
 114 -3.41582
 115 -3.41066
 116 -3.40557
 117 -3.40052
 118 -3.39551
 119 -3.3905
 120 -3.3855
 121 -3.38047
 122 -3.37539
 123 -3.37024
 124 -3.365
 125 -3.35963
 126 -3.35411
 127 -3.34841
 128 -3.34249
 129 -3.33632
 130 -3.32985
 131 -3.32306
 132 -3.3159
 133 -3.30832
 134 -3.30027
 135 -3.29172
 136 -3.28259
 137 -3.27284
 138 -3.26242
 139 -3.25125
 140 -3.23927
 141 -3.22643
 142 -3.21264
 143 -3.19783
 144 -3.18193
 145 -3.16485
 146 -3.14651
 147 -3.12682
 148 -3.10569
 149 -3.08303
 150 -3.05873
 151 -3.03269
 152 -3.0048
