 1 -6.17193
 2 -6.21342
 3 -6.28814
 4 -6.30542
 5 -6.43044
 6 -6.58561
 7 -6.59961
 8 -6.64188
 9 -6.65609
 10 -6.69915
 11 -6.74296
 12 -6.75773
 13 -6.7726
 14 -6.78756
 15 -6.81775
 16 -6.83297
 17 -6.87917
 18 -6.89473
 19 -6.94188
 20 -7.20123
 21 -7.25055
 22 -7.28344
 23 -7.3655
 24 -7.39822
 25 -7.41455
 26 -7.44715
 27 -7.47965
 28 -7.49586
 29 -7.52821
 30 -7.54435
 31 -7.56047
 32 -7.59262
 33 -7.60866
 34 -7.62467
 35 -7.65664
 36 -7.67259
 37 -7.70445
 38 -7.72035
 39 -7.73623
 40 -7.7521
 41 -7.78382
 42 -7.79966
 43 -7.8155
 44 -7.84717
 45 -7.87884
 46 -7.89468
 47 -7.91053
 48 -7.92638
 49 -7.94225
 50 -7.95813
 51 -7.98992
 52 -8.00585
 53 -8.03776
 54 -8.05374
 55 -8.06976
 56 -8.08579
 57 -8.10185
 58 -8.11794
 59 -8.13406
 60 -8.1502
 61 -8.16638
 62 -8.18258
 63 -8.19881
 64 -8.21508
 65 -8.23137
 66 -8.24769
 67 -8.26404
 68 -8.28042
 69 -8.29683
 70 -8.31326
 71 -8.32972
 72 -8.3462
 73 -8.3627
 74 -8.37921
 75 -8.39575
 76 -8.4123
 77 -8.42885
 78 -8.44542
 79 -8.46199
 80 -8.47856
 81 -8.49513
 82 -8.51169
 83 -8.54478
 84 -8.56129
 85 -8.57778
 86 -8.59424
 87 -8.61066
 88 -8.62704
 89 -8.64337
 90 -8.65964
 91 -8.67586
 92 -8.69201
 93 -8.70808
 94 -8.72408
 95 -8.7558
 96 -8.77152
 97 -8.80261
 98 -8.81798
 99 -8.83322
 100 -8.84832
 101 -8.86327
 102 -8.87807
 103 -8.89272
 104 -8.90719
 105 -8.92149
 106 -8.93561
 107 -8.94954
 108 -8.96327
 109 -8.9768
 110 -8.99013
 111 -9.00324
 112 -9.02879
 113 -9.04122
 114 -9.05342
 115 -9.07709
 116 -9.08856
 117 -9.09978
 118 -9.13194
