 1 -2.75709
 2 -2.75709
 3 -2.75709
 4 -2.75709
 5 -2.75709
 6 -2.75709
 7 -2.75709
 8 -2.75709
 9 -2.75709
 10 -2.75709
 11 -2.75709
 12 -2.75709
 13 -2.75709
 14 -2.75709
 15 -2.75709
 16 -2.75709
 17 -2.75709
 18 -2.75709
 19 -2.75709
 20 -2.75709
 21 -2.75709
 22 -2.75709
 23 -2.75709
 24 -2.75709
 25 -2.75709
 26 -2.75709
 27 -2.75709
 28 -2.75709
 29 -2.75709
 30 -2.75709
 31 -2.75709
 32 -2.75709
 33 -2.75709
 34 -2.75709
 35 -2.75709
 36 -2.75709
 37 -2.75709
 38 -2.75709
 39 -2.75709
 40 -2.75709
 41 -2.75709
 42 -2.75709
 43 -2.75709
 44 -2.75709
 45 -2.75709
 46 -2.75709
 47 -2.75709
 48 -2.75709
 49 -2.75709
 50 -2.75709
 51 -2.75709
 52 -2.75709
 53 -2.75709
 54 -2.75709
 55 -2.75709
 56 -2.75709
 57 -2.75709
 58 -2.75709
 59 -2.75709
 60 -2.75709
 61 -2.75709
 62 -2.75709
 63 -2.75709
 64 -2.75709
 65 -2.75709
 66 -2.75709
 67 -2.75709
 68 -2.75709
 69 -2.75709
 70 -2.75709
 71 -2.75709
 72 -2.75709
 73 -2.75709
 74 -2.75709
 75 -2.75709
 76 -2.75709
 77 -2.75709
 78 -2.75709
 79 -2.75709
 80 -2.75709
 81 -2.75709
 82 -2.75709
 83 -2.75709
 84 -2.75709
 85 -2.75709
 86 -2.75709
 87 -2.75709
 88 -2.75709
 89 -2.75709
 90 -2.75709
 91 -2.75709
 92 -2.75709
 93 -2.75709
 94 -2.75709
 95 -2.75709
 96 -2.75709
 97 -2.75709
 98 -2.75709
 99 -2.75709
 100 -2.75709
 101 -2.75709
 102 -2.75709
 103 -2.75709
 104 -2.75709
 105 -2.75709
 106 -2.75709
 107 -2.75709
 108 -2.75709
 109 -2.75709
 110 -2.75709
 111 -2.75709
 112 -2.75709
 113 -2.75709
 114 -2.75709
 115 -2.75709
 116 -2.75709
 117 -2.75709
 118 -2.75709
 119 -2.75709
 120 -2.75709
 121 -2.75709
 122 -2.75709
 123 -2.75709
 124 -2.75709
 125 -2.75709
 126 -2.75709
 127 -2.75709
 128 -2.75709
 129 -2.75709
 130 -2.75709
 131 -2.75709
 132 -2.75709
 133 -2.75709
 134 -2.75709
 135 -2.75709
 136 -2.75709
 137 -2.75709
 138 -2.75709
 139 -2.75709
 140 -2.75709
 141 -2.75709
 142 -2.75709
 143 -2.75709
 144 -2.75709
 145 -2.75709
 146 -2.75709
 147 -2.75709
 148 -2.75709
 149 -2.75709
 150 -2.75709
 151 -2.75709
 152 -2.75709
 153 -2.75709
 154 -2.75709
 155 -2.75709
 156 -2.75709
 157 -2.75709
 158 -2.75709
 159 -2.75709
 160 -2.75709
 161 -2.75709
 162 -2.75709
 163 -2.75709
 164 -2.75709
 165 -2.75709
 166 -2.75709
 167 -2.75709
 168 -2.75709
 169 -2.75709
 170 -2.75709
 171 -2.75709
 172 -2.75709
 173 -2.75709
 174 -2.75709
 175 -2.75709
 176 -2.75709
 177 -2.75709
 178 -2.75709
 179 -2.75709
 180 -2.75709
 181 -2.75709
 182 -2.75709
 183 -2.75709
 184 -2.75709
 185 -2.75709
 186 -2.75709
 187 -2.75709
 188 -2.75709
 189 -2.75709
 190 -2.75709
 191 -2.75709
 192 -2.75709
 193 -2.75709
 194 -2.75709
 195 -2.75709
 196 -2.75709
 197 -2.75709
 198 -2.75709
 199 -2.75709
 200 -2.75709
