 1 -5.05396
 2 -5.05396
 3 -5.05396
 4 -5.05396
 5 -5.05396
 6 -5.05396
 7 -5.05396
 8 -5.05396
 9 -5.05396
 10 -5.05396
 11 -5.05396
 12 -5.05396
 13 -5.05396
 14 -5.05396
 15 -5.05396
 16 -5.05396
 17 -5.05396
 18 -5.05396
 19 -5.05396
 20 -5.05396
 21 -5.05396
 22 -5.05396
 23 -5.05396
 24 -5.05396
 25 -5.05396
 26 -5.05396
 27 -5.05396
 28 -5.05396
 29 -5.05396
 30 -5.05396
 31 -5.05396
 32 -5.05396
 33 -5.05396
 34 -5.05396
 35 -5.05396
 36 -5.05396
 37 -5.05396
 38 -5.05396
 39 -5.05396
 40 -5.05396
 41 -5.05396
 42 -5.05396
 43 -5.05396
 44 -5.05396
 45 -5.05396
 46 -5.05396
 47 -5.05396
 48 -5.05396
 49 -5.05396
 50 -5.05396
 51 -5.05396
 52 -5.05396
 53 -5.05396
 54 -5.05396
 55 -5.05396
 56 -5.05396
 57 -5.05396
 58 -5.05396
 59 -5.05396
 60 -5.05396
 61 -5.05396
 62 -5.05396
 63 -5.05396
 64 -5.05396
