 1 -5.81971
 2 -5.81971
 3 -5.81971
 4 -5.81971
 5 -5.81971
 6 -5.81971
 7 -5.81971
 8 -5.81971
 9 -5.81971
 10 -5.81971
 11 -5.81971
 12 -5.81971
 13 -5.81971
 14 -5.81971
 15 -5.81971
 16 -5.81971
 17 -5.81971
 18 -5.81971
 19 -5.81971
 20 -5.81971
 21 -5.81971
 22 -5.81971
 23 -5.81971
 24 -5.81971
 25 -5.81971
 26 -5.81971
 27 -5.81971
 28 -5.81971
 29 -5.81971
 30 -5.81971
 31 -5.81971
 32 -5.81971
 33 -5.81971
 34 -5.81971
 35 -5.81971
 36 -5.81971
 37 -5.81971
 38 -5.81971
 39 -5.81971
 40 -5.81971
 41 -5.81971
 42 -5.81971
 43 -5.81971
 44 -5.81971
 45 -5.81971
 46 -5.81971
 47 -5.81971
 48 -5.81971
 49 -5.81971
 50 -5.81971
 51 -5.81971
 52 -5.81971
 53 -5.81971
 54 -5.81971
 55 -5.81971
 56 -5.81971
 57 -5.81971
 58 -5.81971
 59 -5.81971
 60 -5.81971
 61 -5.81971
 62 -5.81971
 63 -5.81971
 64 -5.81971
 65 -5.81971
 66 -5.81971
 67 -5.81971
 68 -5.81971
 69 -5.81971
 70 -5.81971
 71 -5.81971
 72 -5.81971
 73 -5.81971
 74 -5.81971
 75 -5.81971
 76 -5.81971
 77 -5.81971
 78 -5.81971
 79 -5.81971
 80 -5.81971
 81 -5.81971
 82 -5.81971
 83 -5.81971
 84 -5.81971
 85 -5.81971
 86 -5.81971
 87 -5.81971
 88 -5.81971
 89 -5.81971
 90 -5.81971
 91 -5.81971
 92 -5.81971
 93 -5.81971
 94 -5.81971
 95 -5.81971
 96 -5.81971
 97 -5.81971
 98 -5.81971
 99 -5.81971
 100 -5.81971
 101 -5.81971
 102 -5.81971
 103 -5.81971
 104 -5.81971
 105 -5.81971
 106 -5.81971
 107 -5.81971
 108 -5.81971
 109 -5.81971
 110 -5.81971
 111 -5.81971
 112 -5.81971
 113 -5.81971
 114 -5.81971
 115 -5.81971
 116 -5.81971
 117 -5.81971
 118 -5.81971
 119 -5.81971
 120 -5.81971
 121 -5.81971
 122 -5.81971
 123 -5.81971
 124 -5.81971
 125 -5.81971
 126 -5.81971
 127 -5.81971
 128 -5.81971
 129 -5.81971
 130 -5.81971
 131 -5.81971
 132 -5.81971
 133 -5.81971
 134 -5.81971
 135 -5.81971
 136 -5.81971
 137 -5.81971
 138 -5.81971
 139 -5.81971
 140 -5.81971
 141 -5.81971
 142 -5.81971
 143 -5.81971
 144 -5.81971
 145 -5.81971
 146 -5.81971
 147 -5.81971
 148 -5.81971
 149 -5.81971
 150 -5.81971
 151 -5.81971
 152 -5.81971
 153 -5.81971
 154 -5.81971
 155 -5.81971
 156 -5.81971
 157 -5.81971
 158 -5.81971
 159 -5.81971
 160 -5.81971
 161 -5.81971
 162 -5.81971
 163 -5.81971
 164 -5.81971
 165 -5.81971
 166 -5.81971
 167 -5.81971
 168 -5.81971
 169 -5.81971
 170 -5.81971
 171 -5.81971
 172 -5.81971
 173 -5.81971
 174 -5.81971
 175 -5.81971
 176 -5.81971
 177 -5.81971
 178 -5.81971
 179 -5.81971
 180 -5.81971
 181 -5.81971
 182 -5.81971
 183 -5.81971
 184 -5.81971
 185 -5.81971
 186 -5.81971
