 1 -4.82032
 2 -4.76316
 3 -4.71441
 4 -4.6997
 5 -4.68566
 6 -4.67223
 7 -4.65935
 8 -4.64697
 9 -4.6124
 10 -4.60159
 11 -4.59107
 12 -4.5808
 13 -4.57076
 14 -4.56091
 15 -4.55123
 16 -4.54169
 17 -4.53226
 18 -4.52293
 19 -4.51368
 20 -4.50449
 21 -4.49533
 22 -4.48621
 23 -4.47709
 24 -4.46798
 25 -4.45885
 26 -4.4497
 27 -4.44053
 28 -4.43132
 29 -4.42207
 30 -4.41277
 31 -4.40342
 32 -4.39401
 33 -4.38455
 34 -4.37503
 35 -4.36544
 36 -4.3558
 37 -4.34609
 38 -4.33633
 39 -4.3265
 40 -4.31662
 41 -4.30668
 42 -4.29669
 43 -4.28665
 44 -4.27656
 45 -4.26643
 46 -4.25625
 47 -4.24604
 48 -4.2358
 49 -4.22553
 50 -4.21523
 51 -4.20491
 52 -4.19458
 53 -4.18424
 54 -4.17388
 55 -4.16353
 56 -4.15318
 57 -4.14283
 58 -4.13249
 59 -4.12217
 60 -4.11187
 61 -4.10159
 62 -4.09134
 63 -4.08111
 64 -4.07093
 65 -4.06078
 66 -4.05067
 67 -4.0406
 68 -4.03059
 69 -4.02062
 70 -4.01071
 71 -4.00086
 72 -3.99107
 73 -3.98133
 74 -3.97166
 75 -3.96206
 76 -3.95252
 77 -3.94306
 78 -3.93366
 79 -3.92434
 80 -3.91509
 81 -3.90591
 82 -3.89681
 83 -3.88778
 84 -3.87884
 85 -3.86996
 86 -3.85245
 87 -3.84381
 88 -3.83525
 89 -3.82677
 90 -3.81836
 91 -3.81003
 92 -3.80178
 93 -3.7936
 94 -3.78549
 95 -3.77746
 96 -3.76951
 97 -3.76162
 98 -3.75381
 99 -3.74607
 100 -3.7384
 101 -3.7308
 102 -3.72327
 103 -3.7158
 104 -3.7084
 105 -3.70106
 106 -3.69379
 107 -3.68658
 108 -3.67943
 109 -3.67234
 110 -3.66532
 111 -3.65835
 112 -3.65143
 113 -3.64458
 114 -3.63778
 115 -3.63103
 116 -3.62434
 117 -3.6177
 118 -3.61111
 119 -3.60457
 120 -3.59808
 121 -3.59164
 122 -3.58524
 123 -3.5789
 124 -3.5726
 125 -3.56634
 126 -3.56013
 127 -3.55396
 128 -3.54783
 129 -3.54174
 130 -3.53569
 131 -3.52968
 132 -3.5237
 133 -3.51776
 134 -3.51185
 135 -3.50597
 136 -3.50011
 137 -3.49429
 138 -3.48849
 139 -3.4827
 140 -3.47694
 141 -3.47118
 142 -3.46544
 143 -3.4597
 144 -3.45397
 145 -3.44823
 146 -3.44248
 147 -3.43671
 148 -3.43092
 149 -3.4251
 150 -3.41924
 151 -3.41334
 152 -3.40737
 153 -3.40135
 154 -3.39524
 155 -3.38905
 156 -3.38275
 157 -3.37634
 158 -3.3698
 159 -3.36311
 160 -3.35626
 161 -3.34922
 162 -3.34199
 163 -3.33452
 164 -3.32682
 165 -3.31884
 166 -3.31057
 167 -3.30197
 168 -3.29302
 169 -3.28368
 170 -3.27393
 171 -3.26373
 172 -3.25304
 173 -3.24182
 174 -3.23003
 175 -3.21762
 176 -3.20456
 177 -3.19078
 178 -3.17624
 179 -3.16089
 180 -3.14465
 181 -3.12749
 182 -3.10932
 183 -3.09009
 184 -3.06972
 185 -3.04814
 186 -3.02527
 187 -3.00102
 188 -2.97532
 189 -2.94808
