 1 -5.61517
 2 -5.70271
 3 -5.73703
 4 -5.76571
 5 -5.78917
 6 -5.80787
 7 -5.82218
 8 -5.83249
 9 -5.83915
 10 -5.84251
 11 -5.84287
 12 -5.84053
 13 -5.83576
 14 -5.82882
 15 -5.81996
 16 -5.79735
 17 -5.784
 18 -5.76953
 19 -5.75411
 20 -5.73789
 21 -5.72101
 22 -5.70361
 23 -5.6858
 24 -5.64937
 25 -5.63095
 26 -5.61248
 27 -5.59406
 28 -5.55756
 29 -5.52188
 30 -5.50444
 31 -5.48732
 32 -5.47054
 33 -5.45412
 34 -5.43808
 35 -5.42242
 36 -5.40716
 37 -5.39229
 38 -5.37783
 39 -5.36376
 40 -5.35009
 41 -5.33681
 42 -5.3239
 43 -5.31135
 44 -5.29916
 45 -5.28731
 46 -5.26456
 47 -5.24296
 48 -5.22237
 49 -5.2124
 50 -5.20263
 51 -5.19303
 52 -5.18359
 53 -5.17428
 54 -5.16509
 55 -5.156
 56 -5.14699
 57 -5.13804
 58 -5.12028
 59 -5.11142
 60 -5.10257
 61 -5.08483
 62 -5.0759
 63 -5.06693
 64 -5.0579
 65 -5.02105
 66 -5.00207
 67 -4.95279
 68 -4.92188
 69 -4.91136
 70 -4.90073
 71 -4.88999
 72 -4.87915
 73 -4.86821
 74 -4.85717
 75 -4.84604
 76 -4.83481
 77 -4.81211
 78 -4.78909
 79 -4.77747
 80 -4.76579
 81 -4.75403
 82 -4.74222
 83 -4.73034
 84 -4.71841
 85 -4.70642
 86 -4.69438
 87 -4.68229
 88 -4.67014
 89 -4.65795
 90 -4.6457
 91 -4.6334
 92 -4.62105
 93 -4.60864
 94 -4.59618
 95 -4.58366
 96 -4.57107
 97 -4.55841
 98 -4.54568
 99 -4.53288
 100 -4.51999
 101 -4.50702
 102 -4.49395
 103 -4.48078
 104 -4.46751
 105 -4.45412
 106 -4.44061
 107 -4.42697
 108 -4.4132
 109 -4.39928
 110 -4.38522
 111 -4.37101
 112 -4.35664
 113 -4.3421
 114 -4.32739
 115 -4.31252
 116 -4.29747
 117 -4.28225
 118 -4.26685
 119 -4.25129
 120 -4.23556
 121 -4.21968
 122 -4.20364
 123 -4.18747
 124 -4.17118
 125 -4.15479
 126 -4.13831
 127 -4.12177
 128 -4.10521
 129 -4.08866
 130 -4.07214
 131 -4.05572
 132 -4.03944
 133 -4.02334
 134 -4.00751
 135 -3.99199
 136 -3.97687
 137 -3.96223
 138 -3.94817
 139 -3.93477
 140 -3.92215
 141 -3.91043
