 1 -4.60154
 2 -4.60154
 3 -4.60154
 4 -4.60154
 5 -4.60154
 6 -4.60154
 7 -4.60154
 8 -4.60154
 9 -4.60154
 10 -4.60154
 11 -4.60154
 12 -4.60154
 13 -4.60154
 14 -4.60154
 15 -4.60154
 16 -4.60154
 17 -4.60154
 18 -4.60154
 19 -4.60154
 20 -4.60154
 21 -4.60154
 22 -4.60154
 23 -4.60154
 24 -4.60154
 25 -4.60154
 26 -4.60154
 27 -4.60154
 28 -4.60154
 29 -4.60154
 30 -4.60154
 31 -4.60154
 32 -4.60154
 33 -4.60154
 34 -4.60154
 35 -4.60154
 36 -4.60154
 37 -4.60154
 38 -4.60154
 39 -4.60154
 40 -4.60154
 41 -4.60154
 42 -4.60154
 43 -4.60154
 44 -4.60154
 45 -4.60154
 46 -4.60154
 47 -4.60154
 48 -4.60154
 49 -4.60154
 50 -4.60154
 51 -4.60154
 52 -4.60154
 53 -4.60154
 54 -4.60154
 55 -4.60154
 56 -4.60154
 57 -4.60154
 58 -4.60154
 59 -4.60154
 60 -4.60154
 61 -4.60154
 62 -4.60154
 63 -4.60154
 64 -4.60154
 65 -4.60154
 66 -4.60154
 67 -4.60154
 68 -4.60154
 69 -4.60154
 70 -4.60154
 71 -4.60154
 72 -4.60154
 73 -4.60154
 74 -4.60154
 75 -4.60154
 76 -4.60154
 77 -4.60154
 78 -4.60154
 79 -4.60154
 80 -4.60154
 81 -4.60154
 82 -4.60154
 83 -4.60154
 84 -4.60154
 85 -4.60154
 86 -4.60154
 87 -4.60154
 88 -4.60154
 89 -4.60154
 90 -4.60154
 91 -4.60154
 92 -4.60154
 93 -4.60154
 94 -4.60154
 95 -4.60154
 96 -4.60154
 97 -4.60154
 98 -4.60154
 99 -4.60154
 100 -4.60154
 101 -4.60154
 102 -4.60154
 103 -4.60154
 104 -4.60154
 105 -4.60154
 106 -4.60154
 107 -4.60154
 108 -4.60154
 109 -4.60154
 110 -4.60154
 111 -4.60154
 112 -4.60154
 113 -4.60154
 114 -4.60154
 115 -4.60154
 116 -4.60154
 117 -4.60154
 118 -4.60154
 119 -4.60154
 120 -4.60154
 121 -4.60154
 122 -4.60154
 123 -4.60154
 124 -4.60154
 125 -4.60154
 126 -4.60154
 127 -4.60154
 128 -4.60154
 129 -4.60154
 130 -4.60154
 131 -4.60154
 132 -4.60154
 133 -4.60154
 134 -4.60154
 135 -4.60154
 136 -4.60154
 137 -4.60154
 138 -4.60154
 139 -4.60154
 140 -4.60154
 141 -4.60154
 142 -4.60154
 143 -4.60154
 144 -4.60154
 145 -4.60154
 146 -4.60154
 147 -4.60154
 148 -4.60154
 149 -4.60154
 150 -4.60154
 151 -4.60154
 152 -4.60154
 153 -4.60154
 154 -4.60154
 155 -4.60154
 156 -4.60154
 157 -4.60154
 158 -4.60154
 159 -4.60154
 160 -4.60154
 161 -4.60154
 162 -4.60154
 163 -4.60154
 164 -4.60154
 165 -4.60154
 166 -4.60154
 167 -4.60154
 168 -4.60154
 169 -4.60154
 170 -4.60154
 171 -4.60154
 172 -4.60154
 173 -4.60154
 174 -4.60154
 175 -4.60154
 176 -4.60154
 177 -4.60154
 178 -4.60154
 179 -4.60154
 180 -4.60154
 181 -4.60154
 182 -4.60154
 183 -4.60154
 184 -4.60154
 185 -4.60154
 186 -4.60154
 187 -4.60154
 188 -4.60154
 189 -4.60154
 190 -4.60154
 191 -4.60154
 192 -4.60154
 193 -4.60154
 194 -4.60154
 195 -4.60154
 196 -4.60154
 197 -4.60154
 198 -4.60154
 199 -4.60154
 200 -4.60154
