279536 279536 5.47624e-05 0.000716216 0.00861803 0.0109074 0.00685602 0.00468686 0.00401137 0.00382714 0.00381184 0.00385901 0.0039339 0.00402964 0.00414276 0.0042466 0.00431573 0.00434056  6.76134e+07 1.47433e+08 1.034e+07 3.77142e+06 2.18901e+06 3.90846e+06 582173 302426 233245 323550 81452.7 49818.1 41818.3 57979.9 19431.1 2574.74
8.16398e+06 8.16398e+06 0.000420038 0.00548016 0.0640654 0.0804529 0.0513289 0.0353619 0.0303344 0.0289564 0.0288395 0.0291905 0.0297502 0.0304677 0.0313168 0.0320968 0.0326165 0.0328031  1.28937e+07 5.03687e+07 1.0701e+08 8.07249e+06 3.18253e+06 1.97585e+06 3.35288e+06 503192 261176 197697 266395 64905.6 40499.1 35289.7 50946.1 19823.6
2.09531e+06 2.09531e+06 0.000179958 0.00235208 0.0280592 0.0354733 0.0224123 0.015349 0.013137 0.0125302 0.0124769 0.012629 0.0128723 0.0131844 0.0135536 0.0138926 0.0141185 0.0141996  8.87899e+06 6.13855e+06 1.9489e+07 3.9075e+07 3.41221e+06 1.47269e+06 1.01317e+06 1.64841e+06 325415 176462 139305 183628 55837 36096.8 33434.1 72609.5
579095 579095 0.000158638 0.00207354 0.0247631 0.031298 0.019757 0.0135297 0.0115824 0.0110493 0.0110033 0.0111379 0.0113527 0.0116279 0.0119534 0.0122523 0.0124514 0.012523  2.99466e+08 2.76325e+06 1.93815e+06 6.17029e+06 1.2651e+07 1.14302e+06 497307 338140 538667 104201 55908 44364.5 59938.5 19009.4 12838.6 39235.2
337167 337167 0.000120639 0.00157703 0.0188719 0.0238437 0.015028 0.0102896 0.00881166 0.00840863 0.00837549 0.00847924 0.00864372 0.00885397 0.00910234 0.00933033 0.00948212 0.00953663  4.45291e+07 7.59965e+07 2.92067e+06 1.96736e+06 2.66888e+06 4.65137e+06 785321 440098 348159 473757 127503 78850.9 65822.2 89478.6 30854.2 91111.9
7.69726e+06 7.69726e+06 0.000738542 0.00961401 0.109535 0.1365 0.0881987 0.0612031 0.0526318 0.0502789 0.0500815 0.0506855 0.0516483 0.052884 0.0543478 0.0556934 0.0565903 0.0569127  2.7756e+07 3.85338e+07 5.77771e+07 2.61625e+06 1.79586e+06 2.36667e+06 3.99337e+06 660325 364935 282058 376000 98330.7 62064.4 53863.2 76390.1 106376
2.28483e+06 2.28483e+06 0.000306849 0.00400639 0.0472522 0.0594769 0.0377728 0.0259618 0.022256 0.0212422 0.0211572 0.0214164 0.021829 0.0223572 0.0229819 0.0235556 0.0239377 0.0240749  1.43949e+07 1.26437e+07 1.62835e+07 2.16518e+07 1.3529e+06 996074 1.18316e+06 1.89637e+06 387661 219604 173227 226583 68321.8 44914.4 41289.7 149592
525503 525503 0.000183494 0.00239777 0.0285571 0.0360408 0.0227741 0.0156119 0.013373 0.0127614 0.0127102 0.0128665 0.013115 0.0134331 0.0138091 0.0141544 0.0143843 0.0144669  1.97722e+08 4.47875e+06 3.98225e+06 5.01926e+06 6.76239e+06 442088 330626 389445 612011 122653 68755.6 54516.2 73083.1 22983.4 15784.6 69865.5
202998 202998 6.14011e-05 0.000803139 0.00967021 0.0122546 0.00770489 0.00526385 0.00450231 0.00429385 0.00427579 0.00432829 0.0044121 0.00451943 0.00464631 0.0047628 0.00484036 0.00486822  7.97928e+06 5.6792e+07 4.57757e+06 4.28884e+06 3.6964e+06 3.96324e+06 534623 422145 388463 522513 137971 86584.1 71517.2 96431.9 32770.3 130987
1.15696e+07 1.15696e+07 0.00133747 0.0173374 0.188345 0.231461 0.153049 0.107626 0.0929783 0.0889451 0.0886145 0.0896643 0.091337 0.093489 0.0960437 0.0983947 0.0999632 0.100527  6.73022e+07 8.38271e+06 4.64034e+07 4.67959e+06 4.13141e+06 3.45348e+06 3.4815e+06 455328 348688 317523 421370 107337 68674.2 58974.6 83049.7 144000
1.52628e+06 1.52628e+06 0.000317326 0.004143 0.048832 0.0614652 0.0390522 0.0268439 0.0230112 0.0219619 0.0218731 0.0221406 0.0225666 0.0231125 0.023758 0.0243509 0.0247459 0.0248877  9.80694e+07 2.51005e+07 3.78219e+06 1.57493e+07 1.84879e+06 2.05016e+06 1.81107e+06 1.83126e+06 300004 214028 184732 239856 70978.4 47113.5 42801.8 177283
870070 870070 0.000315021 0.00411311 0.0485007 0.0610696 0.0387973 0.0266629 0.0228522 0.0218078 0.021718 0.0219823 0.0224042 0.0229452 0.0235855 0.0241737 0.0245655 0.0247063  1.02662e+08 3.05129e+07 7.90488e+06 1.16413e+06 4.91166e+06 603794 680276 595869 590679 94859.9 66964 58095 77306.6 23859 16544.8 80513.4
221507 221507 7.14449e-05 0.000934586 0.0112556 0.0142784 0.00898101 0.00613282 0.00524269 0.0049982 0.0049762 0.00503674 0.00513396 0.0052587 0.00540625 0.00554176 0.00563201 0.00566442  8.21272e+06 3.05274e+07 9.23258e+06 2.62251e+06 1.16126e+06 3.60207e+06 778621 916395 717646 637076 120780 86559.7 74854.4 100921 33866.2 147106
7.15229e+06 7.15229e+06 0.00121977 0.015828 0.173791 0.214499 0.141211 0.0989562 0.0853416 0.0815768 0.0812481 0.0822019 0.0837344 0.0857099 0.0880566 0.0902165 0.0916577 0.0921759  9.96577e+07 8.39068e+06 2.5155e+07 7.25789e+06 2.25659e+06 1.118e+06 3.35845e+06 714259 772337 584002 503615 93088.1 68341.3 62026.6 87527.6 159487
1.45962e+06 1.45962e+06 0.000406718 0.00530719 0.0621359 0.0780934 0.049797 0.0342869 0.0294021 0.0280616 0.0279459 0.0282852 0.0288272 0.0295224 0.0303453 0.0311013 0.031605 0.031786  9.53564e+07 3.71721e+07 3.83392e+06 8.83071e+06 2.83203e+06 960895 611662 1.75661e+06 410789 453225 348900 305020 68492 47828.1 44612 192592
754477 754477 0.000225291 0.00294397 0.0350168 0.0442602 0.0280159 0.019197 0.0164288 0.0156672 0.0155982 0.0157863 0.016089 0.0164778 0.0169383 0.0173614 0.0176432 0.0177445  3.81449e+08 2.96664e+07 1.1692e+07 1.1618e+06 2.70281e+06 914846 316495 199915 562849 129006 140809 108936 97593.4 22854.1 16671.9 86141.7
212583 212583 5.38854e-05 0.000704902 0.00849549 0.0107723 0.0067708 0.00462388 0.00395391 0.00377035 0.00375426 0.00380025 0.00387381 0.00396805 0.00407947 0.00418177 0.00424989 0.00427436  5.94384e+07 8.88683e+07 9.10638e+06 3.76375e+06 1.15558e+06 2.06339e+06 929292 293246 251351 643431 162991 181660 143638 131208 33893.3 155500
1.94815e+07 1.94815e+07 0.00169468 0.0218901 0.229657 0.277721 0.186021 0.132418 0.115182 0.110556 0.110313 0.111691 0.1138 0.116482 0.119653 0.122566 0.124508 0.125206  1.92599e+07 4.31357e+07 6.65882e+07 7.12546e+06 3.17859e+06 1.09863e+06 1.9097e+06 773595 248420 204692 517637 129383 144659 118644 112666 166916
3.05511e+06 3.05511e+06 0.000433333 0.00565227 0.0659379 0.0826758 0.0527748 0.0363935 0.0312416 0.0298344 0.02972 0.030085 0.0306635 0.0314038 0.0322792 0.0330831 0.0336186 0.033811  4.18404e+07 8.20694e+06 1.65123e+07 1.98269e+07 2.36539e+06 1.22864e+06 563342 974076 455310 136821 120815 294629 81129.5 92714.1 83055.1 216101
593049 593049 0.000228516 0.00298585 0.0354901 0.0448312 0.028381 0.0194542 0.0166536 0.0158841 0.0158153 0.0160066 0.0163136 0.0167079 0.0171746 0.0176035 0.0178892 0.0179919  1.44416e+08 1.30152e+07 2.57887e+06 4.96036e+06 5.98542e+06 755450 401427 183047 310662 142408 42348.1 37585.3 93934.2 26975.6 32204.7 108145
409967 409967 0.000167504 0.00218972 0.026169 0.033124 0.0209173 0.0143139 0.0122444 0.0116753 0.0116238 0.0117645 0.0119907 0.0122811 0.0126249 0.0129407 0.0131511 0.0132267  1.25394e+07 3.82724e+07 6.0906e+06 1.42036e+06 2.07472e+06 3.23186e+06 630185 383770 238361 375426 185641 53201.8 50699.1 129931 39930.5 216215
1.32873e+07 1.32873e+07 0.00255753 0.03285 0.323653 0.385653 0.266365 0.192709 0.168389 0.161762 0.161355 0.163268 0.166242 0.170058 0.174593 0.17877 0.18156 0.182565  6.00123e+07 1.21284e+07 2.91204e+07 4.80525e+06 1.16012e+06 1.79573e+06 2.87066e+06 532530 320886 192381 298046 141485 42250.3 41477.8 111303 224302
1.04845e+06 1.04845e+06 0.000315439 0.00411913 0.0486176 0.0612877 0.0389367 0.0267419 0.0229069 0.0218526 0.0217589 0.022022 0.022444 0.0229858 0.0236273 0.0242167 0.0246094 0.0247505  1.11786e+08 2.35022e+07 5.32664e+06 8.23914e+06 1.68216e+06 537019 781044 1.32508e+06 282760 175147 108233 167560 86747.3 26717.2 28531 244540
1.18574e+06 1.18574e+06 0.000470613 0.00613944 0.0716118 0.0900186 0.0575498 0.039645 0.0339842 0.032422 0.0322785 0.0326625 0.0332822 0.0340802 0.0350266 0.0358968 0.0364769 0.0366856  1.73985e+08 3.47837e+07 7.40513e+06 1.64514e+06 2.58662e+06 552922 179020 257770 428334 89554.8 54873.5 34077.7 54064 29189.8 9391.7 100103
1.66285e+06 1.66285e+06 0.000439323 0.00573084 0.0668784 0.0839272 0.0535869 0.0369383 0.0316948 0.0302583 0.030137 0.0305038 0.0310882 0.0318374 0.0327239 0.0335385 0.0340811 0.0342761  1.77789e+07 4.81305e+07 1.33648e+07 3.20249e+06 1.55068e+06 1.83912e+06 617783 223360 265644 467411 101560 72086.6 47448.5 77770.4 44038.7 171371
2.03336e+07 2.03336e+07 0.00294682 0.0377752 0.363287 0.431891 0.302391 0.219845 0.192072 0.184337 0.183713 0.185765 0.189052 0.193318 0.198415 0.203122 0.20627 0.207406  9.07658e+06 1.38053e+07 3.7444e+07 1.0475e+07 2.42737e+06 1.38926e+06 1.56869e+06 502331 174539 209970 364187 77082.4 55709.2 37927.3 64871.6 183735
2.36243e+06 2.36243e+06 0.000680625 0.00886497 0.101575 0.126906 0.0818138 0.0566613 0.0486753 0.0464758 0.0462827 0.0468359 0.0477233 0.0488645 0.0502173 0.0514613 0.0522906 0.0525887  8.19393e+06 4.61286e+06 5.85791e+06 1.01375e+07 3.08429e+06 1.09176e+06 703030 794177 288384 108491 116885 200202 47372.5 36864 25874.4 184425
1.08645e+06 1.08645e+06 0.000851998 0.01108 0.12493 0.155026 0.100612 0.0700544 0.0603422 0.0576848 0.0574719 0.0581661 0.0592665 0.0606781 0.062351 0.0638892 0.0649144 0.0652834  2.20466e+08 2.54839e+06 1.44475e+06 1.68735e+06 2.91206e+06 957817 350053 224516 248847 88550.5 32942.1 35652 62556.6 15433.7 12545.1 74614
924709 924709 0.00052855 0.00689294 0.0800635 0.10056 0.0644391 0.0444353 0.0380968 0.0363447 0.036182 0.036611 0.0373048 0.0381986 0.0392587 0.0402337 0.0408836 0.0411173  3.04709e+07 5.08589e+07 2.01153e+06 1.10909e+06 1.11389e+06 2.47802e+06 1.16429e+06 496725 329132 300144 107577 44968.9 48886.1 91445.9 23153.5 145562
1.74737e+07 1.74737e+07 0.00310141 0.0397384 0.379327 0.451626 0.317974 0.231318 0.201828 0.193478 0.192674 0.194728 0.198109 0.202535 0.207846 0.212758 0.216047 0.217234  1.07439e+07 2.42896e+07 3.76585e+07 1.82971e+06 846788 939062 2.16494e+06 990524 385428 257082 229066 80365.5 33891.2 38994.7 76105.4 143122
1.67142e+06 1.67142e+06 0.000468881 0.00611541 0.0712172 0.0893403 0.0571111 0.0393862 0.033797 0.0322639 0.0321331 0.0325228 0.0331448 0.0339427 0.0348873 0.0357552 0.0363334 0.0365412  1.66381e+07 4.26702e+06 9.63188e+06 9.01584e+06 608917 407064 462456 1.11874e+06 528439 235779 148431 131246 51017.2 24117.9 26889.8 161765
814557 814557 0.00057426 0.00748666 0.0866395 0.1087 0.0697828 0.0481698 0.0413126 0.0394158 0.0392385 0.0397011 0.0404502 0.0414163 0.0425631 0.0436182 0.0443216 0.0445747  1.82585e+08 5.17575e+06 1.34063e+06 2.88226e+06 2.71416e+06 194531 133053 150201 356393 165014 72835.7 46077.4 41748.4 16923.1 8357.28 68141.5
539831 539831 0.000271867 0.0035508 0.0420223 0.0529753 0.033596 0.023064 0.0197598 0.0188542 0.0187761 0.0190049 0.0193703 0.0198388 0.020393 0.0209022 0.0212413 0.0213631  3.19179e+07 4.77033e+07 4.76811e+06 666560 1.7051e+06 1.52763e+06 322648 175590 183716 449840 209074 103522 67330.9 59390.7 24506.3 124021
1.83804e+07 1.83804e+07 0.00315426 0.0403523 0.380763 0.448919 0.31634 0.231488 0.203003 0.195188 0.19469 0.196933 0.200441 0.204962 0.210353 0.215326 0.218652 0.21985  5.65288e+06 2.76703e+07 3.72114e+07 4.46893e+06 535745 1.51538e+06 1.33195e+06 279296 138622 144548 349050 161367 79245.3 54238.9 49960.5 128257
1.39075e+06 1.39075e+06 0.000357093 0.00466004 0.0546777 0.0686503 0.0436872 0.0300826 0.0258151 0.0246513 0.0245578 0.0248606 0.0253398 0.0259526 0.0266769 0.027342 0.027785 0.0279442  8.30772e+06 3.11084e+06 1.13012e+07 9.17678e+06 1.42301e+06 256507 702868 615257 168682 81210.5 79962.2 200499 95016.4 54024.9 37006.5 134104
774980 774980 0.000546519 0.0071248 0.0825077 0.103393 0.0663006 0.0457839 0.0392941 0.0375082 0.0373499 0.0377961 0.0385125 0.039434 0.0405267 0.0415317 0.0422015 0.0424425  1.49504e+08 2.58444e+06 978582 3.44096e+06 2.816e+06 458896 84357.7 229716 197356 53068.8 25286.6 25027.5 64315.9 31787.9 18881.7 62283.1
453893 453893 0.00029842 0.003897 0.0460296 0.0580043 0.0368251 0.0252925 0.0216707 0.0206771 0.0205906 0.0208407 0.0212405 0.0217535 0.0223607 0.0229185 0.0232901 0.0234236  1.66302e+07 3.79058e+07 1.4225e+06 848532 2.47459e+06 2.16658e+06 804615 131455 297417 231459 76917.8 33640.6 33780.2 93929.6 48295.6 131909
8.12915e+06 8.12915e+06 0.00179318 0.0230659 0.23466 0.275748 0.185098 0.133969 0.118232 0.114468 0.114753 0.116477 0.118832 0.121711 0.125055 0.128106 0.130131 0.130857  7.9085e+06 1.5647e+07 2.81285e+07 1.15188e+06 654883 2.25669e+06 1.92826e+06 691829 102728 235800 180491 58431.4 25786.5 27203.7 78731 155237
1.23519e+06 1.23519e+06 0.000403894 0.00527 0.0616775 0.0774672 0.0493917 0.034019 0.0291819 0.0278569 0.0277448 0.0280827 0.0286211 0.0293113 0.0301281 0.0308784 0.0313783 0.0315579  1.00367e+07 3.44523e+06 7.16313e+06 8.35978e+06 512066 331479 1.0738e+06 967908 411893 71677.6 140193 104387 40863.7 18346.4 19177.1 183256
624018 624018 0.000513894 0.00670041 0.0777492 0.0974337 0.0623973 0.0430743 0.0369731 0.035298 0.0351533 0.0355764 0.0362531 0.0371222 0.0381523 0.0390992 0.0397302 0.0399573  1.98213e+08 3.1224e+06 1.08346e+06 2.16853e+06 2.55264e+06 164987 108974 350536 309890 129277 22257.8 43751.2 33383.2 13628.4 6391.86 73556.9
444769 444769 0.000251047 0.00327937 0.0388775 0.0490381 0.0310728 0.021321 0.0182631 0.017425 0.0173525 0.017564 0.0179018 0.0183349 0.0188473 0.019318 0.0196315 0.0197441  1.59759e+07 5.10866e+07 2.61129e+06 923234 1.97427e+06 1.58727e+06 281394 145548 460728 386126 184418 32133.3 59361.2 46660.5 21031 124986
1.33587e+07 1.33587e+07 0.00227779 0.0293197 0.295373 0.354461 0.242488 0.174294 0.151883 0.145752 0.145337 0.147054 0.149743 0.153197 0.157304 0.161086 0.163612 0.164522  9.56152e+06 1.58803e+07 3.78295e+07 2.15925e+06 840131 1.79332e+06 1.35633e+06 227571 113564 370341 302240 140952 24515.5 48056.6 39474.8 126221
2.08265e+06 2.08265e+06 0.000581435 0.00757912 0.0876027 0.109806 0.0705122 0.0487017 0.0417873 0.0398794 0.0397066 0.0401794 0.0409411 0.0419215 0.0430841 0.0441531 0.0448658 0.045122  5.50907e+06 6.32239e+06 6.87385e+06 1.1308e+07 945228 379708 897434 679828 169204 71189.3 214354 174195 91844.8 19042 34337.6 131303
766608 766608 0.000557948 0.00727316 0.084144 0.105408 0.0676238 0.0467112 0.0400947 0.0382742 0.0381133 0.0385688 0.0392999 0.0402402 0.0413552 0.0423806 0.043064 0.04331  1.75895e+08 1.71369e+06 1.98394e+06 2.02149e+06 3.33972e+06 299179 123362 289667 215079 52439.9 21815.8 65987.7 54936.2 30201.7 6540.68 59259.2
253574 253574 0.000124872 0.0016327 0.0195634 0.0247634 0.0156103 0.0106779 0.0091356 0.00871273 0.00867553 0.00878131 0.00895062 0.00916773 0.00942456 0.00966045 0.00981755 0.009874  3.87596e+07 4.93816e+07 2.19521e+06 2.33803e+06 1.86535e+06 2.17461e+06 440645 177943 372529 231904 77760.9 28436.4 90842 78627.4 47916.5 105237
1.00583e+07 1.00583e+07 0.0015257 0.0197521 0.211499 0.258904 0.172409 0.121715 0.10528 0.100745 0.100369 0.101547 0.103426 0.105849 0.108728 0.111379 0.113148 0.113785  2.45758e+07 3.33693e+07 3.79635e+07 1.67444e+06 2.01119e+06 1.77152e+06 1.86072e+06 364926 148357 300312 182008 58501.3 22013.1 74545.9 67136.7 133590
1.51269e+06 1.51269e+06 0.000284807 0.00371913 0.0439397 0.0553322 0.0351091 0.02412 0.0206745 0.0197321 0.019653 0.0198939 0.0202771 0.0207678 0.0213481 0.0218811 0.022236 0.0223636  1.31421e+07 1.02358e+07 1.4173e+07 1.31745e+07 1.01024e+06 1.07515e+06 940260 996574 256004 88301.2 174699 106607 46088.4 16096.3 53458.4 159829
781627 781627 0.000347806 0.00454086 0.0534632 0.0673564 0.0428485 0.0294469 0.0252275 0.0240661 0.0239613 0.0242487 0.0247111 0.0253056 0.0260101 0.0266577 0.0270893 0.0272445  2.19739e+08 4.08907e+06 3.22492e+06 4.38625e+06 4.13513e+06 331113 357607 310045 322176 81137 27693.8 55074.1 34444.4 15530.6 5666.47 78166.9
204967 204967 7.94836e-05 0.00103897 0.0124434 0.0156899 0.00987221 0.00676427 0.00579948 0.00553865 0.00551943 0.00558934 0.00569868 0.00583784 0.00600192 0.00615241 0.00625255 0.0062885  6.52191e+06 6.20231e+07 3.26577e+06 2.24322e+06 3.20979e+06 3.02607e+06 528026 438978 398323 328210 107055 36268.8 72514.1 44582.5 24055 128759
1.63274e+07 1.63274e+07 0.00218304 0.0280464 0.279794 0.329945 0.224674 0.162902 0.143311 0.138358 0.138438 0.140343 0.143064 0.146452 0.150423 0.154059 0.156479 0.157348  4.60672e+07 6.27352e+06 4.86149e+07 2.74287e+06 2.03268e+06 2.91823e+06 2.59211e+06 413304 353846 321307 255769 81164.7 28594.1 59493.2 38110.3 133457
1.32218e+06 1.32218e+06 0.00033949 0.0044292 0.0519047 0.0649896 0.0413275 0.0284959 0.0244886 0.023406 0.0233294 0.0236242 0.0240837 0.0246686 0.0253584 0.0259913 0.0264126 0.0265639  4.77437e+07 1.85732e+07 2.72214e+06 1.41839e+07 1.0904e+06 857185 1.37331e+06 1.33011e+06 294884 205521 184159 144784 59516.8 18474.2 39882.1 134285
762667 762667 0.000384662 0.0050162 0.0585075 0.0730868 0.0465608 0.0321589 0.0276628 0.0264518 0.02637 0.0267045 0.0272236 0.0278836 0.0286621 0.0293763 0.0298516 0.0300225  8.74414e+07 1.485e+07 5.83844e+06 826038 4.3124e+06 347886 279698 446677 425422 92606.7 63919.1 57595 46417.3 19902.4 6454.17 63361.7
1.29449e+06 1.29449e+06 0.000567879 0.00739828 0.0852133 0.106264 0.0681959 0.0472286 0.0406294 0.0388369 0.0387035 0.0391841 0.0399382 0.0409009 0.0420384 0.0430829 0.0437784 0.0440283  1.88485e+07 2.36336e+07 6.16326e+06 2.68448e+06 705155 3.22748e+06 478087 399890 574225 512787 130225 81217.9 80507.6 60404.1 30625.3 109913
9.44421e+06 9.44421e+06 0.00271227 0.0345256 0.319647 0.358851 0.247923 0.185572 0.167319 0.163831 0.165141 0.168048 0.171627 0.175834 0.180639 0.184992 0.187869 0.188898  1.52835e+07 1.65557e+07 1.75747e+07 5.06955e+06 2.02854e+06 609137 2.70412e+06 379927 318324 444959 382380 93384.9 60989.4 63253.7 49447.7 117651
1.13927e+06 1.13927e+06 0.00045759 0.00596255 0.0690051 0.0858565 0.054855 0.0379968 0.0327396 0.0313333 0.0312499 0.0316533 0.0322723 0.0330565 0.03398 0.0348267 0.03539 0.0355923  1.23043e+07 9.85303e+06 7.04878e+06 4.72209e+06 1.24866e+06 720873 279666 1.28408e+06 234184 178063 243486 216636 67780.1 40085.1 43103.1 129035
729567 729567 0.000443299 0.00577671 0.0669149 0.0832596 0.0531652 0.0368203 0.0317267 0.0303649 0.0302841 0.0306742 0.0312729 0.0320317 0.0329255 0.0337452 0.0342906 0.0344866  4.65847e+08 3.82562e+06 3.0879e+06 2.07593e+06 1.37454e+06 385416 229822 89372.7 404630 72547.9 54659.1 75176.2 68571.5 22378.9 13827.1 61816.5
371113 371113 0.000118466 0.00154772 0.0184441 0.0231839 0.0146109 0.0100319 0.00861277 0.00823142 0.00820589 0.00831135 0.00847469 0.00868196 0.00892604 0.00914979 0.00929864 0.00935206  2.88734e+07 1.11725e+08 3.04672e+06 3.38093e+06 1.80072e+06 1.50275e+06 626150 334491 142314 542755 101843 80304.4 109710 102668 36040.5 125163
1.68036e+07 1.68036e+07 0.00127912 0.0165518 0.177986 0.215268 0.141942 0.100636 0.0876685 0.0843035 0.0842362 0.0853729 0.0870441 0.0891384 0.091596 0.0938468 0.095344 0.0958814  3.0505e+06 2.69161e+07 8.36575e+07 2.96986e+06 2.77538e+06 1.61645e+06 1.24137e+06 559323 273580 113598 423771 77240.1 62907.2 89614.2 86826.8 139947
1.96773e+06 1.96773e+06 0.000253454 0.00330954 0.0391258 0.0491958 0.0311755 0.021429 0.0183841 0.0175568 0.0174929 0.0177112 0.0180549 0.0184934 0.0190112 0.0194864 0.0198027 0.0199163  9.70524e+06 3.04079e+06 1.29559e+07 2.7052e+07 1.16842e+06 1.42574e+06 857863 754778 330515 162497 70277.2 255676 56583.1 43029.8 63044.8 182290
814280 814280 0.000344812 0.00449921 0.0527642 0.0661496 0.0420744 0.0289922 0.0248987 0.0237879 0.0237039 0.0239993 0.0244633 0.0250554 0.0257548 0.0263968 0.0268243 0.0269779  2.40678e+08 3.01942e+06 957846 4.0143e+06 8.47356e+06 381149 472506 282380 243893 104786 51004.2 22179.2 82713.2 19093.1 15169.5 90033.7
458994 458994 0.000161255 0.00210725 0.0251216 0.0316906 0.020007 0.0137156 0.0117524 0.0112178 0.0111747 0.0113135 0.011533 0.0118134 0.0121446 0.0124486 0.012651 0.0127237  1.74785e+07 5.67522e+07 5.23705e+06 1.11523e+06 3.75337e+06 4.96438e+06 520111 560436 362301 318205 135493 62984.3 29936.7 111809 27994.9 159730
7.05581e+06 7.05581e+06 0.000864658 0.0112295 0.125392 0.153967 0.0999522 0.0700066 0.060619 0.058134 0.0580229 0.0587833 0.0599306 0.0613784 0.0630815 0.0646425 0.0656811 0.066054  1.34222e+07 1.70535e+07 4.25028e+07 5.41458e+06 837013 3.34301e+06 4.27928e+06 459541 449584 288683 240953 105683 49403.3 24328 94843.2 163350
1.8074e+06 1.8074e+06 0.000372599 0.00486122 0.0569131 0.0713505 0.0454336 0.0313154 0.0268911 0.0256885 0.0255962 0.0259148 0.0264161 0.0270559 0.0278116 0.0285052 0.0289671 0.0291329  7.50522e+07 6.68119e+06 7.68613e+06 1.46739e+07 2.30927e+06 491320 1.85837e+06 2.30697e+06 296641 268568 177910 155101 71326.3 33974.9 18160.5 207994
745351 745351 0.000343205 0.00447853 0.0525482 0.0659108 0.04192 0.0288777 0.0247947 0.0236854 0.0236004 0.023894 0.0243559 0.0249455 0.0256421 0.0262815 0.0267072 0.0268602  3.5742e+08 2.33458e+07 2.10045e+06 2.32786e+06 4.4648e+06 739431 160768 605173 737916 93101.8 83443 55572 49657.2 23817.5 11852.3 82299.6
302589 302589 8.32865e-05 0.00108784 0.0129553 0.0162304 0.010214 0.00702344 0.00604071 0.00577999 0.005766 0.00584244 0.00595866 0.00610523 0.00627736 0.00643496 0.00653972 0.0065773  1.89104e+07 8.41845e+07 8.84834e+06 2.27969e+06 2.21842e+06 2.29524e+06 961830 162063 722615 813036 124298 95769.7 72680.9 67593 34120.9 139710
8.52744e+06 8.52744e+06 0.000737332 0.00958678 0.108321 0.133656 0.0863419 0.0602398 0.0520611 0.0498832 0.0497699 0.0504159 0.051399 0.0526424 0.0541061 0.055448 0.0563409 0.0566615  2.43298e+07 1.74008e+07 6.27761e+07 7.55116e+06 2.03924e+06 1.9977e+06 1.97089e+06 855647 124268 572347 632658 95975.6 74938.6 59221.8 56789.8 151746
1.46015e+06 1.46015e+06 0.000227756 0.00297399 0.035187 0.0442027 0.0279819 0.0192388 0.0165144 0.0157777 0.0157241 0.0159229 0.0162335 0.0166288 0.017095 0.0175227 0.0178073 0.0179095  1.53271e+07 1.09078e+07 7.7182e+06 2.2245e+07 3.09327e+06 1.07908e+06 1.13473e+06 1.02075e+06 515083 74491.2 346385 385863 69716.6 50267.6 43440 168765
630336 630336 0.000284446 0.00371029 0.0434923 0.0542583 0.0344259 0.0237721 0.0204706 0.019592 0.0195432 0.0197989 0.020189 0.0206821 0.021262 0.0217934 0.0221468 0.0222737  1.3073e+08 4.76816e+06 3.43571e+06 2.39536e+06 6.96566e+06 1.0065e+06 356914 373219 329858 163397 23402.8 109442 124987 23556.3 17745.3 78031.6
663015 663015 0.00026038 0.00339943 0.0401336 0.0504062 0.0319514 0.0219773 0.0188644 0.0180209 0.0179581 0.0181838 0.0185374 0.018988 0.0195198 0.0200077 0.0203324 0.020449  1.24599e+07 4.43013e+07 4.39282e+06 2.8059e+06 1.95313e+06 3.33933e+06 1.00632e+06 455571 479019 337875 205895 23039.6 136125 162466 34758.6 138570
3.92402e+06 3.92402e+06 0.00058727 0.00764173 0.0872287 0.107775 0.0692113 0.0481839 0.0416396 0.0399102 0.0398319 0.040359 0.0411537 0.0421553 0.0433321 0.0444102 0.0451271 0.0453844  7.9274e+07 1.15732e+07 3.3905e+07 3.35958e+06 2.39741e+06 1.75131e+06 2.85103e+06 859052 370077 377339 263923 159221 17664.7 109875 136597 149566
1.83852e+06 1.83852e+06 0.000402336 0.00524803 0.0612881 0.0767721 0.0489445 0.03376 0.0289985 0.0277044 0.0276057 0.0279493 0.0284896 0.0291792 0.0299937 0.0307414 0.0312393 0.0314181  7.79242e+06 3.17059e+07 5.07928e+06 1.44435e+07 1.78668e+06 1.34007e+06 998228 1.48001e+06 539301 228638 240849 160882 108972 12116.8 80384.7 229343
923937 923937 0.000337471 0.00440319 0.0516304 0.0646822 0.0411287 0.0283496 0.0243563 0.0232756 0.0231971 0.0234886 0.0239443 0.0245249 0.0252102 0.0258391 0.0262577 0.0264081  1.85245e+08 2.42381e+06 9.96261e+06 1.52931e+06 4.36122e+06 569224 436978 324137 472139 168819 70850.8 75032.8 51371 36291 4215.68 112173
411050 411050 0.000166125 0.00217048 0.0258369 0.0325467 0.0205515 0.0141005 0.0120905 0.0115451 0.0115033 0.0116476 0.0118744 0.0121635 0.0125047 0.0128178 0.0130262 0.013101  5.68729e+07 4.83633e+07 2.42625e+06 3.98273e+06 1.26578e+06 3.23373e+06 600362 570644 400457 474279 215372 90161.6 100778 68282.6 52746.4 172054
4.59225e+06 4.59225e+06 0.000641577 0.00834391 0.0947276 0.116744 0.0751299 0.052404 0.0453338 0.043473 0.0433976 0.043976 0.0448434 0.0459348 0.0472163 0.04839 0.0491705 0.0494505  4.79781e+07 4.16575e+07 3.64982e+07 2.04092e+06 3.13591e+06 1.15963e+06 2.7055e+06 483800 461013 318727 373047 165650 70484.6 81660.6 58076.2 195836
3.22142e+06 3.22142e+06 0.000530544 0.00691423 0.0799223 0.0998194 0.0639657 0.0442459 0.0380404 0.0363521 0.0362233 0.0366719 0.0373779 0.0382796 0.0393451 0.0403235 0.0409751 0.0412092  1.20873e+07 1.92968e+07 1.77547e+07 1.38545e+07 1.09963e+06 1.68558e+06 630030 1.53296e+06 295602 295183 201352 223770 115833 48517.2 61306.9 203180
878188 878188 0.000323105 0.00421713 0.0495865 0.0622628 0.0395677 0.027236 0.0233748 0.0223241 0.0222416 0.0225172 0.0229521 0.0235077 0.0241641 0.0247669 0.0251682 0.0253124  8.7984e+07 3.7591e+06 6.05104e+06 5.21836e+06 4.05792e+06 343668 542471 202301 483832 91549.8 90486.5 62042.5 70661.8 38146.4 16691.5 94748.2
735806 735806 0.000311566 0.00406508 0.0476965 0.0596874 0.0379127 0.0261424 0.0224749 0.0214878 0.0214217 0.021695 0.0221188 0.022657 0.0232914 0.0238732 0.0242603 0.0243993  3.28056e+07 3.19109e+07 3.97186e+06 2.93882e+06 2.92657e+06 2.54333e+06 497626 554975 248481 497361 98131.9 115987 81213.3 92314.4 56161.5 167573
6.6277e+06 6.6277e+06 0.00120305 0.0155901 0.169709 0.20711 0.136207 0.0960275 0.0832964 0.0799047 0.0797393 0.0807624 0.0823162 0.0842841 0.0866039 0.0887325 0.09015 0.0906591  3.71376e+07 2.7289e+07 2.74375e+07 3.00237e+06 2.34384e+06 2.3487e+06 2.12493e+06 398771 433691 196839 378398 73623.6 88988.5 65091.2 77606.2 191989
1.38365e+06 1.38365e+06 0.000304855 0.00397731 0.0466591 0.0583495 0.0370527 0.0255572 0.0219799 0.0210195 0.0209578 0.021227 0.0216427 0.0221701 0.0227912 0.0233607 0.0237396 0.0238756  7.83576e+06 1.49093e+07 1.22585e+07 9.94046e+06 1.60764e+06 1.17353e+06 1.2604e+06 1.15364e+06 267601 304670 117377 226103 48048.6 63410.1 48637.5 213717
712437 712437 0.000349156 0.00455318 0.0531658 0.0663308 0.042196 0.0291543 0.0250976 0.0240122 0.0239462 0.0242551 0.0247298 0.0253315 0.0260401 0.0266898 0.027122 0.0272772  6.70984e+07 2.437e+06 4.68629e+06 3.72808e+06 3.02092e+06 511154 381895 409511 369008 84104.7 94871.6 36764.1 72608.5 16095.7 22193 95667.2
423698 423698 0.000216556 0.00282929 0.0336176 0.0424112 0.0268358 0.018406 0.0157671 0.0150454 0.0149844 0.0151683 0.0154611 0.0158359 0.0162791 0.0166861 0.0169571 0.0170544  5.3988e+07 1.80119e+07 3.28719e+06 2.04863e+06 2.82184e+06 2.60108e+06 711401 460941 433118 404455 112371 115020 48510.2 90705.5 21613.1 178611
4.27011e+06 4.27011e+06 0.00116439 0.0150878 0.164329 0.200132 0.131414 0.0927185 0.0805223 0.0773065 0.0771838 0.0781963 0.079714 0.0816277 0.0838791 0.0859432 0.0873169 0.0878102  2.1872e+07 4.21118e+07 1.37792e+07 2.72817e+06 1.65402e+06 2.46606e+06 2.35449e+06 565416 370944 337724 312892 84511.7 88490.3 39451.1 76631.9 173777
1.79893e+06 1.79893e+06 0.00042106 0.00549152 0.0640326 0.0801709 0.0511498 0.0352968 0.0303234 0.0289717 0.0288687 0.0292278 0.0297924 0.0305131 0.0313645 0.032146 0.0326664 0.0328533  1.06543e+07 9.17132e+06 1.77043e+07 4.84198e+06 1.48489e+06 771672 1.33153e+06 1.29882e+06 370724 237730 202761 190362 59125.4 71976.7 27918.1 196939
704479 704479 0.000380946 0.004971 0.0582562 0.0731651 0.0466054 0.032094 0.0275341 0.0262871 0.0261833 0.0265031 0.0270116 0.0276631 0.028434 0.0291421 0.0296138 0.0297834  1.90757e+07 3.31389e+06 2.8809e+06 5.31121e+06 1.45522e+06 471642 251107 431611 413659 115860 73546.9 63061.1 60680.9 19656.8 24999 81425.1
179871 179871 0.000112473 0.00146902 0.0174759 0.021912 0.013806 0.00949169 0.00815922 0.00780398 0.00778315 0.00788509 0.00804115 0.00823843 0.00847035 0.00868281 0.00882408 0.00887477  2.61748e+07 2.16989e+07 1.7839e+06 1.48731e+06 3.61827e+06 1.00183e+06 836879 267345 510063 502494 147467 94963.1 76878.2 80406.8 28984.3 158127
6.18288e+06 6.18288e+06 0.00155842 0.0200295 0.204065 0.236487 0.157282 0.114445 0.101814 0.0991138 0.0996852 0.101378 0.103545 0.106124 0.109082 0.111764 0.113538 0.114172  1.51328e+07 2.15081e+07 2.23063e+07 1.41795e+06 1.1791e+06 3.04019e+06 845754 664702 214676 401808 393288 110558 73676.7 62331.1 68054.3 162540
2.36756e+06 2.36756e+06 0.000744084 0.00967919 0.109707 0.135931 0.0878411 0.0611503 0.0527364 0.0504647 0.0503133 0.0509453 0.0519266 0.0531758 0.0546507 0.0560045 0.0569061 0.05723  4.62206e+06 6.57771e+06 9.27405e+06 7.49628e+06 637517 562398 1.52562e+06 432354 421242 121324 229665 231731 73491.1 52219.7 43620.1 180691
631908 631908 0.000528404 0.00687701 0.0787458 0.0972446 0.0623022 0.0433615 0.0374902 0.0359477 0.0358859 0.0363653 0.0370834 0.0379866 0.0390473 0.0400187 0.0406645 0.0408965  4.92797e+07 1.43676e+06 2.05352e+06 2.60077e+06 2.05882e+06 190378 175356 477732 133455 127728 36424.2 69310.3 71666.7 23702 17593.3 78725.4
110376 110376 7.63645e-05 0.00099773 0.0119106 0.0149565 0.00940964 0.00646164 0.00555129 0.00530817 0.00529339 0.00536248 0.00546853 0.00560271 0.00576049 0.00590505 0.00600118 0.00603568  2.53668e+07 1.88766e+07 2.02026e+06 1.26449e+06 1.93744e+06 2.69584e+06 302241 240949 674288 166777 188109 46965.1 92564 102887 36475.6 150435
4.6166e+06 4.6166e+06 0.00137352 0.0177595 0.189414 0.228401 0.151126 0.10742 0.0936885 0.0901375 0.0900822 0.091302 0.0930881 0.095324 0.0979473 0.10035 0.101948 0.102522  4.02532e+07 1.9447e+07 1.62586e+07 1.8154e+06 1.0491e+06 1.68104e+06 2.49292e+06 241064 189693 525297 128911 141346 36749.1 75423.3 87471.9 162723
1.79563e+06 1.79563e+06 0.000572593 0.00745669 0.0856316 0.106446 0.0683234 0.0474014 0.0408419 0.0390765 0.0389622 0.039457 0.0402225 0.0411953 0.0423425 0.043395 0.0440956 0.0443472  1.88673e+07 1.65408e+07 9.67967e+06 5.74581e+06 846580 555861 906783 1.39372e+06 183275 134737 327697 79719.2 94510.3 25124.6 53493.9 201199
658008 658008 0.000333072 0.00434307 0.0507089 0.063187 0.0401697 0.0277689 0.0239213 0.0228969 0.0228397 0.0231376 0.0235923 0.0241673 0.0248438 0.0254638 0.0258762 0.0260243  2.72012e+08 5.86595e+06 5.17712e+06 2.79991e+06 1.63941e+06 258720 176061 287879 436028 56336.6 41020.5 100315 25013.5 30928.7 8589.54 90691.7
1.23328e+06 1.23328e+06 0.000463858 0.00604442 0.0699541 0.0870788 0.0556501 0.0385398 0.0331987 0.0317672 0.0316793 0.0320863 0.0327125 0.0335067 0.0344423 0.0353003 0.0358712 0.0360761  7.73374e+07 7.31967e+07 3.43652e+06 2.76285e+06 2.64568e+06 1.53334e+06 371005 234763 362897 589560 75784.8 53873 137267 35093 46821.2 153760
5.67039e+06 5.67039e+06 0.000548608 0.00714566 0.0822279 0.102287 0.0655915 0.0454782 0.039175 0.0374782 0.0373677 0.0378424 0.0385771 0.0395108 0.0406118 0.0416218 0.0422942 0.0425356  6.82308e+06 5.9597e+07 5.59746e+07 2.8526e+06 2.13817e+06 2.01807e+06 1.32269e+06 298971 180919 277497 449407 55019.4 40214.8 107494 28750.3 169081
2.62192e+06 2.62192e+06 0.000305062 0.0039816 0.0468406 0.0587732 0.0373226 0.0256963 0.0220629 0.0210779 0.0210044 0.0212678 0.0216808 0.0222072 0.0228285 0.0233986 0.0237782 0.0239144  1.9254e+08 2.94493e+06 2.38608e+07 2.18057e+07 1.34746e+06 1.19343e+06 1.32962e+06 785103 213791 129593 178680 290760 45242.5 33811.9 82591.7 167319
1.29486e+06 1.29486e+06 0.000385605 0.00502918 0.058713 0.0734287 0.0467808 0.0322906 0.02776 0.0265355 0.0264485 0.0267813 0.0273005 0.0279617 0.0287421 0.0294583 0.029935 0.0301063  8.89973e+07 5.98943e+07 926625 7.30799e+06 6.72171e+06 434538 392369 434925 252294 67427.3 40469.3 56105.4 93588 15189.3 11859.6 91170.3
641985 641985 0.000168014 0.00219658 0.026266 0.0332709 0.0210105 0.014372 0.0122897 0.011716 0.0116629 0.0118033 0.0120298 0.0123209 0.0126657 0.0129825 0.0131935 0.0132694  3.54377e+07 2.42879e+07 1.53187e+07 497091 3.73557e+06 4.01429e+06 465616 462089 544671 301950 85580.4 51770.9 71283.2 128562 21476.1 152824
7.47859e+06 7.47859e+06 0.00129774 0.0168123 0.182116 0.222437 0.146825 0.103558 0.0897576 0.0860426 0.0858238 0.086898 0.0885519 0.0906568 0.0931436 0.0954278 0.0969497 0.0974967  2.44429e+07 2.89076e+07 1.88323e+07 1.18921e+07 394775 3.35991e+06 3.51634e+06 402346 374394 416886 236489 65096 40021 57887.3 109128 151573
2.18572e+06 2.18572e+06 0.000522328 0.00680653 0.0786469 0.0981233 0.0628573 0.0435009 0.0374207 0.0357725 0.0356529 0.0360985 0.0367957 0.0376845 0.0387342 0.0396976 0.0403392 0.0405696  3.91019e+07 1.2343e+07 1.29111e+07 6.55948e+06 3.82492e+06 221336 1.64724e+06 1.8267e+06 237748 236099 261238 144203 47570.6 30698.8 41898.8 206990
1.01195e+06 1.01195e+06 0.000424125 0.00553533 0.0648541 0.0816836 0.0521239 0.0358529 0.03071 0.0292881 0.0291544 0.0294999 0.0300596 0.0307809 0.0316365 0.0324233 0.0329478 0.0331364  4.5991e+08 1.21597e+07 3.86945e+06 3.79058e+06 1.91479e+06 1.19057e+06 71020.7 527973 575935 73585.6 72346.1 80473.7 45527.4 15663.7 10559.9 89214.8
1.05992e+06 1.05992e+06 0.000303818 0.00396667 0.0467758 0.0588526 0.0373716 0.0256912 0.0220289 0.0210283 0.0209456 0.021203 0.0216117 0.0221349 0.0227533 0.0233213 0.0236995 0.0238354  4.82608e+07 1.06621e+08 5.48131e+06 2.87614e+06 2.80858e+06 1.35292e+06 820542 85419.5 582381 611557 90148 92190.7 103540 62127 22878.9 150115
1.17189e+07 1.17189e+07 0.000874144 0.0113441 0.125971 0.153779 0.0998544 0.0701676 0.0609345 0.0585382 0.0584819 0.0592789 0.0604526 0.0619219 0.063644 0.0652202 0.0662679 0.0666438  1.8367e+07 3.586e+07 7.92562e+07 4.642e+06 2.26056e+06 2.44005e+06 1.17807e+06 711358 66169.8 466234 475706 69062.2 71017.3 82290.2 52178.6 148868
2.26902e+06 2.26902e+06 0.000272514 0.00355867 0.042065 0.0529558 0.0335844 0.0230736 0.0197815 0.0188828 0.018809 0.0190409 0.0194087 0.0198791 0.0204351 0.0209456 0.0212855 0.0214076  1.18623e+07 7.24585e+06 1.56851e+07 2.681e+07 1.91344e+06 1.31254e+06 1.37243e+06 663359 390315 47723.4 274093 286496 46956.6 52831.4 61922.8 167516
880043 880043 0.000335333 0.00437729 0.0514966 0.0647588 0.0411747 0.028322 0.0242874 0.0231838 0.0230913 0.0233735 0.0238225 0.0243977 0.0250782 0.0257034 0.0261198 0.0262694  9.06824e+07 3.69079e+06 2.28292e+06 4.85949e+06 8.4188e+06 626763 436342 452513 214505 123763 14976.7 86471.1 92640.3 15836.6 18614.7 84141.1
945377 945377 0.000463081 0.00603901 0.0702788 0.0880537 0.0562748 0.0388337 0.0333443 0.0318445 0.0317225 0.0321113 0.0327278 0.0335169 0.0344503 0.0353076 0.0358787 0.0360839  1.49355e+07 3.66379e+07 3.24011e+06 1.02785e+06 2.87725e+06 3.98567e+06 650159 511901 529323 244862 141623 19515 110106 120191 22686.1 152900
5.31232e+06 5.31232e+06 0.000910324 0.0118176 0.131386 0.161023 0.104715 0.07345 0.0636494 0.0610621 0.0609547 0.0617571 0.0629633 0.0644838 0.0662718 0.0679105 0.0690007 0.0693921  6.70973e+07 1.33138e+07 3.06284e+07 2.97628e+06 805691 2.29145e+06 3.34227e+06 543140 392873 407238 185850 108240 14594.7 87958.3 99762.8 148932
2.08659e+06 2.08659e+06 0.000504076 0.00656887 0.0759594 0.0947329 0.0606407 0.0419687 0.0361125 0.0345291 0.0344182 0.0348512 0.0355261 0.0363855 0.0373996 0.0383303 0.03895 0.0391725  1.08259e+08 2.56266e+07 5.89506e+06 1.22755e+07 1.34179e+06 441735 1.27055e+06 1.70234e+06 340493 270365 263696 121372 71815.5 12091.1 62942.9 201941
1.24957e+06 1.24957e+06 0.000487844 0.00635935 0.0737376 0.0921526 0.0589517 0.0407472 0.0350275 0.033473 0.033355 0.0337684 0.0344183 0.0352484 0.0362294 0.0371303 0.0377302 0.0379459  6.29066e+06 3.36648e+07 8.03406e+06 1.73368e+06 3.58638e+06 417349 141651 407211 536930 105456 82915.8 81308.2 38358.3 23671.7 4163.57 94972
1.24327e+06 1.24327e+06 0.000464703 0.00606317 0.0708033 0.089086 0.0569405 0.039203 0.0335908 0.0320393 0.0318943 0.032273 0.0328858 0.0336752 0.0346113 0.0354721 0.0360458 0.0362521  1.29459e+07 7.82514e+06 8.91055e+06 3.15747e+06 1.43593e+06 3.08631e+06 545450 173807 428725 539504 130818 101251 104996 52637.1 34511.8 149869
5.11956e+06 5.11956e+06 0.00176464 0.02267 0.228894 0.266184 0.178391 0.129815 0.115201 0.111923 0.112422 0.114237 0.116617 0.119482 0.122786 0.125789 0.127779 0.128491  5.9129e+07 1.24796e+07 8.02155e+06 6.63123e+06 2.55625e+06 1.25066e+06 2.63436e+06 457502 135496 326056 414104 98266 76227 83034.9 43424.6 157064
1.15764e+06 1.15764e+06 0.000527555 0.00687781 0.0797151 0.0998575 0.0639845 0.0441856 0.0379328 0.0362173 0.0360714 0.0365083 0.0372055 0.0380999 0.0391589 0.0401321 0.0407805 0.0410135  1.34643e+07 2.37509e+07 5.37646e+06 2.81276e+06 1.77885e+06 1.01465e+06 649456 1.39835e+06 284735 93844.1 190515 238177 66372 57678.2 61947.4 158359
1.26528e+06 1.26528e+06 0.000603675 0.00786718 0.0907194 0.113578 0.0729983 0.050462 0.0433189 0.0413506 0.0411749 0.0416657 0.0424547 0.04347 0.044674 0.0457813 0.0465194 0.0467849  3.78194e+08 4.1881e+06 7.45494e+06 1.59094e+06 834762 563129 329582 209826 443247 88473.2 28845.2 58842.8 75376.3 21903.7 19883.9 79035.9
2.36395e+06 2.36395e+06 0.000893186 0.0116202 0.131211 0.163578 0.106346 0.0738877 0.063486 0.0605945 0.0603182 0.0610187 0.0621586 0.0636323 0.0653838 0.0669963 0.068072 0.068459  3.86163e+07 9.1272e+07 3.12197e+06 2.97617e+06 1.37544e+06 1.08956e+06 502926 439248 303026 555750 124527 39554.3 74151.2 103915 33012.7 154238
1.28406e+07 1.28406e+07 0.00115656 0.0149941 0.163936 0.200439 0.131592 0.0926378 0.0802945 0.0769974 0.076826 0.077807 0.0793027 0.0811991 0.0834354 0.0854877 0.0868544 0.0873454  7.56485e+07 2.92299e+07 6.81879e+07 2.70984e+06 2.01933e+06 1.1752e+06 943431 411147 341474 225810 406816 89864.9 28732.1 56604.9 83348.6 153412
3.57396e+06 3.57396e+06 0.000519845 0.00677697 0.0785382 0.0983166 0.0629771 0.0435029 0.0373605 0.0356796 0.0355408 0.0359743 0.036663 0.0375455 0.0385897 0.039549 0.0401881 0.0404178  1.14246e+07 2.85302e+07 1.16972e+07 2.2817e+07 1.19213e+06 1.05421e+06 669186 588515 258849 223888 149986 260394 66382.4 24116.5 42688.4 198329
1.63969e+06 1.63969e+06 0.00054122 0.00705452 0.0816105 0.102106 0.06546 0.0452408 0.03886 0.0371131 0.0369679 0.0374168 0.0381308 0.0390463 0.0401303 0.0411266 0.0417903 0.042029  5.04313e+07 3.55351e+06 8.95378e+06 3.46001e+06 6.7592e+06 376454 341805 215972 186445 80409.8 68812.2 46326.4 82415 21909.9 8315.05 86584.5
711115 711115 0.000286428 0.00373955 0.0441156 0.0554625 0.0351939 0.0242004 0.0207601 0.0198233 0.019749 0.0199939 0.0203805 0.0208746 0.0214582 0.021994 0.0223508 0.0224789  3.89963e+07 2.31164e+07 5.59039e+06 3.09046e+06 1.75344e+06 3.85912e+06 499803 370124 289026 251693 100854 93188.2 65060.5 113683 33631.8 145378
4.79273e+06 4.79273e+06 0.000953775 0.0123839 0.137676 0.169236 0.110251 0.0772386 0.06682 0.064032 0.0638771 0.0646928 0.0659411 0.0675245 0.0693915 0.0711045 0.0722451 0.0726548  1.03113e+08 2.93427e+07 1.97527e+07 5.38565e+06 2.3497e+06 1.49498e+06 3.29718e+06 430108 288725 227064 192792 76737.5 71692.6 51867.7 94853.4 153678
1.50455e+06 1.50455e+06 0.000328474 0.00428662 0.0503456 0.063154 0.0401427 0.0276481 0.0237395 0.0226788 0.0225987 0.0228813 0.0233248 0.0238906 0.0245585 0.0251715 0.0255796 0.0257262  2.60933e+07 3.79896e+07 1.19782e+07 8.0872e+06 2.49303e+06 1.21349e+06 804485 1.7804e+06 283196 189527 144099 129823 55676.8 53380.5 40454.3 205896
1.0232e+06 1.0232e+06 0.000322944 0.00421625 0.0496789 0.0625322 0.0397392 0.0273173 0.023416 0.0223471 0.0222555 0.0225263 0.0229584 0.0235126 0.0241684 0.0247709 0.0251723 0.0253166  2.99679e+07 8.11685e+06 1.195e+07 3.65464e+06 2.48197e+06 802077 398339 262756 571232 89167.1 59081.5 45164.4 41708.5 18657 18687.6 89875.8
556411 556411 0.000293415 0.00383141 0.0452424 0.0569728 0.0361628 0.0248459 0.0212959 0.0203244 0.0202423 0.02049 0.0208845 0.0213898 0.0219874 0.0225363 0.0229018 0.0230332  3.46271e+07 1.59816e+07 2.57398e+06 3.13825e+06 1.93354e+06 2.28684e+06 1.11657e+06 465279 293759 631282 114476 70570.5 60002.8 58134.9 27115.9 163376
2.35428e+06 2.35428e+06 0.000650226 0.00846721 0.0969634 0.120802 0.0777808 0.0539365 0.046406 0.0443538 0.0441955 0.0447393 0.0455964 0.0466924 0.0479884 0.0491789 0.0499719 0.0502568  1.66333e+07 2.52202e+07 1.45017e+07 2.03726e+06 2.39715e+06 1.64089e+06 1.98947e+06 952071 361798 230249 486797 87140.6 53989.5 48169.8 48447.3 163853
1.69027e+06 1.69027e+06 0.000505513 0.00658994 0.0763897 0.0955564 0.0611733 0.0422683 0.0363158 0.034692 0.0345632 0.0349884 0.0356606 0.0365204 0.037537 0.0384707 0.0390926 0.039316  6.77036e+07 6.63027e+06 1.03252e+07 6.19842e+06 899353 1.06687e+06 898562 1.16433e+06 604326 246579 146201 300588 63684.4 41119.2 36244.7 180190
995013 995013 0.000660547 0.00860157 0.0984665 0.122713 0.079044 0.0548083 0.0471463 0.0450539 0.0448875 0.0454352 0.0463018 0.0474117 0.0487254 0.0499327 0.050737 0.0510263  4.73229e+06 2.10575e+07 2.08058e+06 3.05548e+06 1.83405e+06 283322 345280 289736 368761 187747 75810.1 45178 95187.4 21031.7 14186 77809.9
982938 982938 0.000554051 0.00721966 0.0833165 0.104033 0.0667283 0.0461734 0.0396984 0.0379348 0.0377983 0.0382645 0.0389993 0.0399387 0.0410492 0.0420692 0.0427486 0.0429927  1.24191e+07 1.43581e+07 6.15939e+06 966694 1.56951e+06 1.70523e+06 265871 247157 300997 417448 238902 96635.7 56994.7 124999 29980.4 135972
5.38662e+06 5.38662e+06 0.00161006 0.0207946 0.218549 0.263307 0.175776 0.12528 0.109217 0.104992 0.104858 0.106225 0.108265 0.110837 0.113866 0.116644 0.118494 0.119159  2.63376e+07 9.25657e+06 1.53878e+07 4.48632e+06 731824 1.23493e+06 1.47069e+06 214879 195557 230687 314134 177782 71963.8 44779.5 102589 139450
1.7963e+06 1.7963e+06 0.000783417 0.0101932 0.115579 0.143675 0.0929962 0.0646472 0.0556519 0.0531917 0.0529955 0.0536396 0.0546599 0.0559672 0.0575151 0.0589376 0.0598857 0.0602265  6.99772e+07 9.92587e+06 4.62322e+06 5.57073e+06 1.52471e+06 417508 671864 823778 143732 123036 138073 188333 116215 52738.2 32953.8 191198
1.62784e+06 1.62784e+06 0.0012245 0.015875 0.173207 0.212263 0.139731 0.098306 0.0850838 0.0815032 0.0812656 0.0822652 0.0838199 0.0858056 0.088156 0.0903165 0.0917566 0.0922748  1.07761e+08 2.1757e+07 3.10099e+06 1.29856e+06 1.54335e+06 460832 131348 211463 254938 43631.4 36948 41658.7 58214 37455.2 17754.4 78651.9
959883 959883 0.000491592 0.0064114 0.0745925 0.0936213 0.0599029 0.0413091 0.0354347 0.0338183 0.0336753 0.0340798 0.0347289 0.035563 0.0365514 0.0374599 0.0380653 0.038283  8.1527e+06 2.74715e+07 6.39075e+06 829198 1.42305e+06 1.92711e+06 496214 189462 262605 325854 59064.7 46142.6 54747.2 80777.9 56485.8 150255
5.17163e+06 5.17163e+06 0.00124981 0.0161485 0.172061 0.205492 0.135284 0.0965526 0.0846637 0.0817452 0.0818652 0.0830732 0.0847568 0.0868267 0.0892353 0.0914333 0.0928921 0.093415  8.68744e+07 7.90629e+06 2.04802e+07 4.66427e+06 611083 1.09546e+06 1.75903e+06 402007 145634 198491 247557 43708.4 35139.7 43361.6 66664.2 175130
2.12796e+06 2.12796e+06 0.000776156 0.0101038 0.114992 0.143504 0.0928657 0.0644143 0.0553451 0.052838 0.0526102 0.0532316 0.054234 0.0555259 0.0570591 0.0584696 0.0594102 0.0597485  5.90997e+07 3.38028e+07 3.67529e+06 7.0354e+06 1.59385e+06 262719 714533 973916 254041 112309 129058 157736 33727.2 28412.5 32603 196598
1.77322e+06 1.77322e+06 0.00075409 0.00981592 0.111742 0.139267 0.0900422 0.0624871 0.0537285 0.0513189 0.0511105 0.0517201 0.0526962 0.0539517 0.055441 0.0568108 0.0577241 0.0580528  1.15228e+07 1.83795e+07 1.05744e+07 1.04207e+06 1.98433e+06 490067 83679.8 226764 303177 77468.8 33856.3 39073 48913.7 10903.8 9594.37 80673.1
768357 768357 0.000341592 0.00446013 0.0525558 0.0662483 0.042133 0.0289453 0.0247921 0.0236483 0.0235446 0.0238273 0.0242824 0.0248675 0.0255607 0.0261978 0.0266223 0.0267749  2.03389e+07 1.90022e+07 5.13863e+06 4.1628e+06 1.03662e+06 1.56454e+06 435656 83474.3 342100 413681 105608 47821.4 53230.7 69883.5 16896.5 140829
5.13827e+06 5.13827e+06 0.00115591 0.0149983 0.164937 0.203033 0.13332 0.0935059 0.0807697 0.0772919 0.0770309 0.0779647 0.0794353 0.0813194 0.0835515 0.0856038 0.0869721 0.0874641  4.73098e+07 1.72253e+07 1.99585e+07 3.86759e+06 3.37832e+06 921458 1.28369e+06 356981 65772.6 254290 319852 79051.5 36114 42226.4 58216.8 135198
1.2193e+06 1.2193e+06 0.000359135 0.00468892 0.0551984 0.0695876 0.0442884 0.0304291 0.0260595 0.0248543 0.0247433 0.0250392 0.0255168 0.0261311 0.0268592 0.0275284 0.0279744 0.0281347  4.84507e+07 1.76576e+07 7.23002e+06 7.86341e+06 1.4642e+06 1.62461e+06 572479 798256 221878 44767.4 165944 198032 54674.4 30696.5 32657.6 161197
910537 910537 0.000478678 0.0062441 0.0727689 0.0914311 0.0584716 0.0402932 0.0345463 0.0329612 0.0328163 0.0332067 0.0338363 0.034647 0.0356085 0.0364928 0.0370822 0.0372942  4.03011e+06 1.50763e+07 5.56161e+06 2.21977e+06 2.4544e+06 480320 540939 188625 257480 70093.7 13986.1 52091.4 63696.1 18338.7 10755.6 70779.1
389858 389858 0.000202409 0.00264522 0.0315084 0.039827 0.0251862 0.0172539 0.0147671 0.014084 0.0140232 0.0141931 0.0144659 0.0148159 0.0152303 0.0156109 0.0158645 0.0159556  8.41258e+06 1.14524e+07 5.74678e+06 1.64835e+06 1.50017e+06 2.61692e+06 404272 565123 248939 317336 82509.1 17380.8 69285.2 88986.9 26841.4 122786
3.01795e+06 3.01795e+06 0.00097424 0.01265 0.140572 0.172956 0.112767 0.0789766 0.0682861 0.0654119 0.0652384 0.066062 0.0673308 0.0689437 0.0708476 0.0725953 0.0737592 0.0741774  1.60634e+07 6.31334e+06 1.13077e+07 4.67226e+06 1.31807e+06 1.35061e+06 2.40976e+06 333712 456877 193800 239055 62692.1 13388.2 55118.2 75103 129403
801048 801048 0.00037905 0.00494774 0.0581096 0.07316 0.0465994 0.0320463 0.0274603 0.0261981 0.026085 0.0263989 0.0269033 0.0275514 0.028319 0.0290246 0.0294947 0.0296636  7.87559e+07 6.73795e+06 2.69442e+06 5.26444e+06 1.97593e+06 591339 747178 1.37203e+06 213496 284601 131963 157174 43856.6 10670.8 40421 166659
662312 662312 0.000560489 0.00730266 0.0841844 0.105032 0.0673861 0.0466517 0.0401242 0.0383487 0.0382132 0.0386845 0.0394262 0.0403743 0.0414954 0.0425252 0.0432112 0.0434578  5.44296e+07 2.45043e+07 2.121e+06 822645 1.62943e+06 643902 195975 245331 441291 67274.2 88700.9 41328.3 50438.9 14676.8 3730.45 75413.7
485323 485323 0.000236893 0.00309478 0.0367304 0.0463442 0.0293488 0.020132 0.0172431 0.0164515 0.0163831 0.016583 0.0169022 0.0173114 0.0177954 0.01824 0.0185361 0.0186425  1.13834e+07 1.59287e+07 7.64079e+06 1.26089e+06 497271 2.15748e+06 667062 172484 291420 545830 81524.3 108658 55091.3 67988.4 20658.2 117447
3.48227e+06 3.48227e+06 0.00112461 0.0144329 0.147516 0.166747 0.10906 0.0800969 0.0722827 0.0710625 0.0718948 0.0733694 0.0750908 0.0770531 0.0792536 0.0812298 0.0825279 0.08299  2.57905e+07 1.03873e+07 1.27148e+07 6.11313e+06 1.06469e+06 411841 1.83184e+06 546747 138008 228452 423271 61482.6 84041.8 44004.8 56527.7 119156
1.45566e+06 1.45566e+06 0.000701007 0.00912613 0.104156 0.129713 0.0836872 0.0580722 0.049963 0.0477469 0.0475703 0.0481504 0.0490687 0.0502448 0.0516369 0.0529161 0.0537684 0.0540748  5.57125e+07 9.9774e+06 5.04261e+06 3.9812e+06 1.68785e+06 468281 220567 1.0522e+06 330401 86091.9 139409 253731 42927.6 58840.3 34405 140153
886909 886909 0.000685406 0.00891591 0.101241 0.125189 0.0807087 0.0562155 0.0485404 0.0464893 0.0463725 0.0469671 0.0478775 0.049032 0.0503929 0.0516414 0.0524724 0.0527711  1.07752e+08 1.73237e+07 3.12117e+06 1.43842e+06 1.12467e+06 516429 148560 69919.6 327864 100985 26033.7 42358.9 78988.9 13934.7 19951.6 61656
517052 517052 0.000285164 0.0037247 0.0440814 0.0556265 0.0352966 0.0242213 0.0207399 0.0197821 0.019696 0.0199335 0.0203152 0.0208056 0.0213864 0.02192 0.0222756 0.0224034  5.09594e+06 3.02458e+07 4.94074e+06 1.33888e+06 1.39048e+06 962365 559223 225179 97958.4 485779 138121 34770.2 58942.9 114543 20964.1 127147
3.45136e+06 3.45136e+06 0.000729484 0.00948398 0.107127 0.132063 0.0852844 0.0595273 0.0514702 0.0493321 0.0492281 0.0498711 0.0508454 0.0520761 0.053524 0.0548513 0.0557344 0.0560515  2.42487e+07 3.98158e+06 2.43033e+07 3.83746e+06 1.11569e+06 1.20486e+06 827175 470996 177860 74318.4 364632 103604 26692.2 47206.5 95942.8 127375
1.15878e+06 1.15878e+06 0.000451675 0.00588876 0.0684311 0.0855209 0.0546297 0.0377469 0.0324535 0.031019 0.0309143 0.0313011 0.0319063 0.032678 0.0335891 0.0344254 0.0349823 0.0351823  4.5341e+07 9.49247e+06 2.02109e+06 8.98407e+06 1.47625e+06 596977 716930 507115 298318 124912 53425.3 239296 74241.2 21166.1 36464.4 183081
777180 777180 0.000646358 0.00841964 0.0966548 0.120734 0.0777281 0.0538202 0.0462454 0.0441645 0.0439855 0.0445128 0.045356 0.0464396 0.0477244 0.0489058 0.0496933 0.0499767  3.6398e+07 1.41013e+07 2.97925e+06 601388 2.66759e+06 464514 192979 231237 160840 92878.6 38503.6 16556.2 76005.3 24593.3 7324.87 79174.4
434131 434131 0.000310602 0.00405584 0.0478671 0.0603153 0.0383113 0.0263174 0.0225485 0.0215138 0.0214231 0.0216826 0.0220982 0.0226315 0.0232629 0.0238431 0.0242295 0.0243685  3.67116e+06 1.31282e+07 4.26453e+06 1.29998e+06 516226 1.66646e+06 345408 229653 277185 195455 115510 50026.7 21577.4 104602 35386 128352
3.09065e+06 3.09065e+06 0.00143307 0.0183322 0.18176 0.202773 0.134018 0.0994228 0.0902605 0.0890078 0.0901784 0.0920842 0.0942648 0.0967291 0.0994821 0.101951 0.103571 0.104147  7.85892e+06 3.6874e+06 1.05315e+07 3.31833e+06 1.04043e+06 417312 1.45049e+06 286807 180814 212880 147519 87157.2 38056.3 17031 86491.7 140346
1.23622e+06 1.23622e+06 0.00104907 0.0136233 0.151168 0.186657 0.122069 0.0853842 0.0736712 0.0704678 0.070219 0.0710674 0.0724085 0.074128 0.0761657 0.0780393 0.0792885 0.0797378  1.20551e+07 4.01662e+06 1.73625e+06 3.42213e+06 886930 428188 233050 690166 158804 117980 126407 91713.4 57215.5 27996.9 13457.2 174301
701576 701576 0.00149196 0.0193193 0.207373 0.253991 0.168923 0.119179 0.103069 0.0986229 0.0982486 0.0993917 0.101221 0.103582 0.106392 0.108981 0.110709 0.111332  3.97856e+06 3.74666e+06 1.24921e+06 463078 886948 256699 130756 71546.5 208659 47106.4 34614.3 37250 27680.9 18002.6 9200.7 64367.9
450761 450761 0.000442176 0.00576269 0.0668042 0.0831914 0.0531197 0.0367716 0.0316719 0.0303052 0.0302209 0.0306086 0.0312054 0.0319624 0.0328545 0.0336726 0.034217 0.0344126  9.8328e+06 1.17682e+07 2.20996e+06 1.54035e+06 521616 953949 323365 211434 105854 277513 62254.4 49978.7 52109.4 41177.4 28255.5 118658
3.3739e+06 3.3739e+06 0.00134712 0.0174354 0.187366 0.227506 0.150422 0.106488 0.0925552 0.0888644 0.0887099 0.0898552 0.0915813 0.0937638 0.0963359 0.098696 0.100268 0.100832  1.21927e+07 1.04495e+07 1.26086e+07 1.77145e+06 1.31046e+06 446150 789590 264634 162642 78288.4 210542 46439.8 37467.9 40894.4 33632.3 123995
1.17266e+06 1.17266e+06 0.000596958 0.00777354 0.0891662 0.110881 0.0712392 0.0494257 0.0425737 0.0407236 0.0405974 0.0411077 0.0419012 0.0429115 0.0441043 0.0451991 0.0459281 0.0461901  3.1906e+07 5.14008e+06 4.74366e+06 4.7929e+06 839421 756303 282403 482923 178931 114719 56114.8 133216 33067.3 29817.2 30898.8 132151
760434 760434 0.000899126 0.0116769 0.130229 0.160064 0.104053 0.0728622 0.0630496 0.060433 0.0602935 0.061064 0.0622395 0.0637302 0.0654889 0.0671031 0.0681777 0.0685645  1.21797e+07 9.92002e+06 1.60864e+06 1.36855e+06 1.36502e+06 256604 239630 89630.5 150964 54937 34875.4 17149.6 41724.2 10800.9 10174.1 57959.3
283022 283022 0.00021472 0.00280623 0.0334232 0.0422809 0.0267515 0.0183204 0.0156729 0.0149433 0.0148758 0.0150542 0.0153421 0.0157124 0.0161512 0.0165545 0.0168232 0.0169198  5.2948e+06 1.49154e+07 3.18209e+06 1.05578e+06 1.36299e+06 1.67638e+06 392795 375231 129857 188498 73770.9 48203.6 23200.2 59376.4 16175.7 106863
4.12488e+06 4.12488e+06 0.00146161 0.0188876 0.20013 0.240947 0.159949 0.113883 0.0993711 0.0956116 0.0955478 0.0968326 0.0987174 0.10108 0.103854 0.106395 0.108086 0.108694  4.32076e+06 3.81188e+06 1.44817e+07 2.43674e+06 917848 1.27916e+06 1.57522e+06 322239 302291 101238 144357 56055.6 36999.2 18475.2 50061.7 106480
1.28225e+06 1.28225e+06 0.000727709 0.00947647 0.108282 0.135299 0.0873887 0.0605461 0.0519995 0.0496366 0.0494204 0.0500038 0.0509459 0.05216 0.0536012 0.054927 0.0558111 0.0561291  1.82012e+07 2.04698e+06 2.38502e+06 5.62272e+06 934753 479551 697563 863483 216814 201787 68048 91835.6 40620 28031 15075.3 127048
578208 578208 0.00100876 0.0131072 0.146183 0.181072 0.118239 0.0825306 0.0711065 0.0679599 0.0676896 0.068489 0.0697692 0.0714182 0.0733769 0.0751796 0.076382 0.0768152  1.06431e+07 5.66082e+06 640873 682647 1.60526e+06 289690 153574 222382 269938 66391.6 61083 20687.7 28597 13187.1 9505.08 50254.1
423744 423744 0.000386246 0.005042 0.0592307 0.0746316 0.0475508 0.0326883 0.0279983 0.0267038 0.0265838 0.0269007 0.0274126 0.0280715 0.0288528 0.029571 0.0300498 0.0302219  1.79417e+07 9.61743e+06 3.02796e+06 659535 693670 1.93745e+06 329437 223892 307998 361691 91533.7 84895.7 29171.1 39510.7 19997.5 93076.9
2.9744e+06 2.9744e+06 0.00145993 0.0187069 0.18736 0.211695 0.14013 0.103274 0.0931267 0.0914417 0.0924197 0.0942455 0.0964054 0.0988865 0.101682 0.104198 0.105853 0.106443  6.2801e+06 1.32057e+07 9.55315e+06 2.4344e+06 534022 533428 1.7512e+06 265054 177556 242084 280717 67978.6 64638.6 23082.8 32724.8 96468.7
1.05441e+06 1.05441e+06 0.000604333 0.00786333 0.089677 0.110817 0.0712129 0.0495813 0.0428407 0.0410555 0.0409704 0.0415088 0.0423231 0.0433507 0.044559 0.0456663 0.0464029 0.0466674  2.57688e+07 3.93838e+06 5.509e+06 3.1932e+06 866881 278980 296468 891056 169167 114136 146425 165857 47155.7 47516.6 18075.1 106286
899750 899750 0.00123465 0.0160149 0.175302 0.215804 0.14214 0.0997619 0.086142 0.082397 0.0820888 0.0830588 0.0846048 0.0865949 0.0889592 0.0911357 0.0925876 0.0931108  4.90777e+06 8.00872e+06 1.22999e+06 1.56631e+06 884044 257809 86656.8 92859.8 275980 51572.3 34494.2 44516.3 51695.7 15331.1 16139.4 44029.3
443344 443344 0.000334076 0.00436259 0.0514682 0.0649349 0.0412853 0.028347 0.0242698 0.0231447 0.0230403 0.0233153 0.0237596 0.0243314 0.0250093 0.0256325 0.0260478 0.0261971  1.35357e+06 9.03633e+06 4.04226e+06 1.28553e+06 1.03711e+06 1.20718e+06 415860 162889 117068 378063 70582.2 49393.1 63433.8 76305.4 23466.2 95512.2
4.47728e+06 4.47728e+06 0.00257466 0.0328612 0.310639 0.353711 0.24354 0.180657 0.161711 0.15767 0.158571 0.16117 0.164502 0.168486 0.173073 0.177243 0.180005 0.180995  2.31597e+07 1.03392e+06 7.74806e+06 3.404e+06 1.02403e+06 849204 1.10828e+06 342100 126653 87351.1 293545 52634.3 37741.9 50865.6 63995.4 101881
1.31447e+06 1.31447e+06 0.0012801 0.0165984 0.180981 0.222481 0.146788 0.103149 0.0891157 0.085263 0.0849556 0.0859676 0.0875741 0.0896389 0.0920893 0.0943441 0.0958482 0.0963894  1.09097e+07 8.62051e+06 553264 3.1732e+06 996148 499160 444963 572637 203365 80507.5 52098.2 166051 36056.1 26741.8 35523.4 126881
858345 858345 0.00131806 0.0170947 0.186485 0.22999 0.151983 0.106647 0.0919708 0.0878874 0.0875039 0.0885022 0.0901257 0.0922297 0.094737 0.0970484 0.0985915 0.0991481  4.56239e+07 3.38977e+06 2.67171e+06 141471 780592 279243 149151 134045 169969 59211.1 23174.9 15057.5 49140.9 11122 8614.81 54481
252596 252596 0.000296375 0.00387117 0.0458015 0.0578243 0.036708 0.0251859 0.0215597 0.0205599 0.0204676 0.0207125 0.0211077 0.0216162 0.0222188 0.0227728 0.023142 0.0232747  5.50125e+06 1.32859e+07 1.81949e+06 737255 165957 1.42543e+06 436089 236656 208153 259048 86584.4 35393.4 19765.1 75773.2 17984.8 107704
2.97523e+06 2.97523e+06 0.00152038 0.019567 0.201376 0.235442 0.156434 0.113241 0.100294 0.0973728 0.0977898 0.0993698 0.101449 0.103952 0.106838 0.109462 0.111199 0.111821  4.37473e+07 5.38187e+06 1.04161e+07 1.54192e+06 575748 132209 1.17131e+06 368700 184073 157620 199891 64991.8 26883.9 15647.2 63573 107975
1.06124e+06 1.06124e+06 0.000731809 0.00953047 0.108933 0.136203 0.0879881 0.0609414 0.0523207 0.0499321 0.0497081 0.0502911 0.0512362 0.0524558 0.0539043 0.0552372 0.0561261 0.0564459  2.2325e+07 1.6313e+07 2.42718e+06 3.48989e+06 602969 243460 99824.5 721809 221692 120662 101328 124093 43766.9 19469.9 11729.3 135736
1.00427e+06 1.00427e+06 0.000876199 0.0113995 0.128815 0.160537 0.104299 0.0724659 0.0622776 0.059449 0.0591796 0.0598642 0.0609779 0.0624185 0.0641324 0.0657108 0.0667639 0.0671434  2.33281e+06 6.94366e+06 5.10823e+06 695308 998638 187360 78117.4 31861.7 225810 67915.2 36535.5 30810.8 38646.3 14209.9 6602.5 52162.3
187600 187600 0.000189404 0.00247585 0.0295532 0.0374143 0.0236478 0.0161841 0.0138415 0.0131958 0.0131358 0.0132932 0.0135475 0.0138746 0.0142623 0.0146185 0.0148559 0.0149412  5.77049e+06 8.19903e+06 2.19546e+06 1.45444e+06 654161 1.0125e+06 292399 96102 48593.8 308393 89222.4 47303.9 42950 56993.5 21302.2 91804.3
2.71389e+06 2.71389e+06 0.00143917 0.0186145 0.198596 0.240641 0.159652 0.113249 0.0985014 0.0945942 0.0944328 0.0956487 0.0974807 0.0997979 0.10253 0.105037 0.106707 0.107307  2.54592e+06 4.68709e+06 8.8678e+06 1.81098e+06 1.17722e+06 602667 853977 240615 75796.2 36376 231531 68218.6 36341.9 34342.5 48043.6 98071.8
580953 580953 0.000448714 0.00585524 0.0684666 0.0861834 0.0550498 0.0378864 0.0324576 0.0309563 0.0308149 0.0311795 0.0317704 0.032532 0.0334356 0.0342666 0.0348206 0.0350199  6.66278e+06 1.32405e+06 2.67947e+06 3.33244e+06 617038 485425 344598 525429 163519 54616.8 28560.2 145666 45207 26750.7 25549.7 115368
539994 539994 0.0011 0.0142888 0.158612 0.19664 0.128868 0.0899833 0.0774637 0.0739823 0.0736507 0.0744943 0.075868 0.0776477 0.0797676 0.0817212 0.0830251 0.0834954  7.86893e+07 2.07308e+06 416514 809887 1.02073e+06 200200 160431 112784 168343 51298.4 16939.8 8898.31 46494 15045.2 9299.49 51038.5
272136 272136 0.000267964 0.00350082 0.0415195 0.0524605 0.0332644 0.022807 0.0195179 0.0186108 0.0185265 0.0187478 0.0191053 0.0195655 0.020111 0.0206124 0.0209466 0.0210668  1.04347e+07 2.03604e+07 2.14811e+06 526738 1.05854e+06 1.19132e+06 189294 145533 146274 220129 69536.3 22847.9 12072.6 61932.2 21195 89210.5
1.77243e+06 1.77243e+06 0.000564592 0.00735576 0.0847574 0.10572 0.0678384 0.0469733 0.0404053 0.03862 0.0384853 0.0389613 0.0397095 0.0406652 0.0417951 0.0428328 0.0435239 0.0437724  3.07401e+07 1.01735e+07 1.58539e+07 1.79027e+06 454421 856437 1.10643e+06 161823 117729 114580 165425 52063.2 17407.6 9502.88 51460 95254.3
881463 881463 0.000382196 0.00498794 0.0585046 0.0735586 0.0468587 0.0322493 0.027652 0.0263908 0.0262817 0.0266 0.0271089 0.0277619 0.0285351 0.0292456 0.029719 0.0298891  8.36313e+06 1.18701e+07 4.61108e+06 6.03062e+06 986305 295981 611194 659787 105621 78303.1 79376.6 112581 39186.9 14867.3 8889.09 122378
694779 694779 0.000562651 0.00733616 0.084998 0.106702 0.0684682 0.0472422 0.0405071 0.0386418 0.038464 0.0389141 0.0396453 0.0405897 0.0417117 0.0427444 0.0434331 0.0436811  6.91601e+07 2.60192e+06 3.73485e+06 1.40323e+06 1.85517e+06 319544 97680 200112 211771 33225.9 24367.4 24822.7 36075.7 13094.7 5189.73 47804.3
408089 408089 0.000368436 0.0048093 0.0565111 0.0711338 0.0452892 0.0311453 0.0266918 0.0254672 0.0253582 0.0256633 0.0261532 0.0267825 0.0275282 0.0282136 0.0286703 0.0288345  1.22651e+07 2.18525e+07 1.06853e+06 1.55795e+06 1.29486e+06 1.07699e+06 395637 141701 279977 265596 42413.7 30119.1 32659.3 49208.1 19089.9 77904.9
3.0341e+06 3.0341e+06 0.000973154 0.0125629 0.134182 0.157704 0.102694 0.0737401 0.0652563 0.0634023 0.0637317 0.0648126 0.0662102 0.0678771 0.0697887 0.0715223 0.0726681 0.0730779  9.25967e+06 9.29145e+06 1.80954e+07 841849 1.28036e+06 1.16377e+06 937528 319971 110645 208376 204920 31999.1 23069.7 25924.8 40517.5 82692.4
970776 970776 0.000472144 0.00615888 0.0717916 0.0901843 0.0576589 0.0397353 0.0340727 0.0325129 0.0323726 0.0327599 0.0333829 0.0341841 0.0351339 0.036007 0.036589 0.0367983  5.08177e+07 4.48311e+06 3.73772e+06 6.10297e+06 343397 536272 599532 466183 199979 74518.4 137285 126658 22733.3 17510.1 20520.4 101684
814795 814795 0.00085444 0.0111143 0.125507 0.156049 0.10129 0.0704515 0.0606231 0.0579165 0.0576806 0.0583629 0.0594571 0.0608664 0.06254 0.0640803 0.0651074 0.0654775  5.61001e+07 1.58096e+07 1.40909e+06 1.12122e+06 1.84716e+06 110324 176004 195231 148761 62517.7 23038 42641.2 40305.3 7543.32 6069.15 44137.3
323528 323528 0.000183704 0.00240138 0.0286738 0.0363003 0.0229383 0.0156979 0.0134261 0.0128002 0.0127423 0.0128952 0.013142 0.0134595 0.0138356 0.0141812 0.0144115 0.0144943  1.05838e+07 2.25522e+07 5.68695e+06 1.45082e+06 604495 1.48041e+06 134563 220197 269256 170549 79205.4 31510.9 57748.9 56754.7 11469 75940.4
4.26372e+06 4.26372e+06 0.00103768 0.0134662 0.14877 0.182603 0.119345 0.0837432 0.0724765 0.0694554 0.0692826 0.0701603 0.0715069 0.0732174 0.0752362 0.0770893 0.0783235 0.0787671  4.24428e+07 9.92913e+06 1.93503e+07 4.6352e+06 1.28913e+06 531191 1.352e+06 111904 181094 214480 134297 60110.7 24278.9 46119.7 48102 75908.9
804434 804434 0.000285014 0.00372275 0.0440582 0.0555967 0.0352775 0.0242082 0.0207287 0.0197715 0.0196851 0.0199222 0.0203033 0.0207931 0.0213732 0.0219063 0.0222615 0.0223892  6.50372e+07 1.65567e+07 4.36879e+06 7.45875e+06 1.87954e+06 727511 292658 738893 77834 112679 132587 81507.4 41206.8 18328.6 35093.9 101719
1.00944e+06 1.00944e+06 0.000595246 0.0077562 0.0893719 0.111722 0.0717801 0.0496567 0.0426605 0.0407411 0.0405774 0.041065 0.0418436 0.0428438 0.0440296 0.04512 0.0458467 0.0461083  1.91739e+06 2.02384e+07 5.21977e+06 1.35791e+06 2.36161e+06 621411 243502 96900.5 239543 24719.1 35396.2 41854.2 26365.6 13900.5 6458.88 50186.5
196614 196614 9.80917e-05 0.001283 0.0154244 0.0195638 0.012319 0.00841502 0.00719328 0.00685708 0.00682614 0.00690849 0.00704121 0.00721175 0.00741368 0.00759923 0.00772282 0.00776725  9.11424e+06 9.63387e+06 6.16848e+06 2.31745e+06 1.14171e+06 2.03141e+06 658323 334062 110990 278433 30422.9 44907.1 54882.6 34922.3 19314.6 83777.4
3.22029e+06 3.22029e+06 0.0010604 0.0137559 0.151476 0.185512 0.121346 0.0852693 0.0738737 0.0708353 0.0706803 0.0715868 0.0729667 0.0747149 0.0767758 0.0786668 0.0799258 0.0803783  1.97132e+06 9.49363e+06 1.04091e+07 5.06903e+06 1.99721e+06 1.07743e+06 1.8588e+06 560140 271689 88323.4 221077 23240.5 35381.2 44935.8 29934.2 90220.7
832627 832627 0.000420132 0.00548303 0.0642337 0.0808674 0.0515945 0.0354959 0.0304113 0.0290077 0.0288779 0.029222 0.0297777 0.030493 0.0313412 0.032121 0.0326407 0.0328276  1.00007e+07 810646 4.3972e+06 4.20672e+06 1.84333e+06 950437 572985 1.00009e+06 337298 173649 55448.6 132256 17306.4 24824.3 32346.7 96632.9
462928 462928 0.000758035 0.00987028 0.112585 0.14069 0.0909807 0.063049 0.0541388 0.051668 0.0514339 0.0520331 0.0530065 0.0542642 0.0557593 0.0571356 0.0580536 0.0583842  2.1967e+06 3.11165e+06 255085 1.33479e+06 1.29446e+06 599334 314543 187809 320966 106018 53971.1 17314.1 42311.9 5773.4 8650.7 46789.9
207410 207410 0.000269882 0.00352569 0.041796 0.0527895 0.0334757 0.0229572 0.0196501 0.0187391 0.0186556 0.0188796 0.0192406 0.0197047 0.0202546 0.02076 0.0210967 0.0212177  6.09614e+06 2.01318e+06 1.76622e+06 130025 1.3845e+06 1.56657e+06 523809 360976 229762 365396 131507 69496.7 22152.7 56436.9 8130.32 81835.5
885317 885317 0.000969917 0.0125987 0.14039 0.173243 0.112944 0.078969 0.068179 0.0652515 0.0650465 0.0658498 0.0671044 0.0687062 0.0706007 0.0723413 0.073501 0.0739179  7.778e+06 5.4208e+06 1.51932e+06 1.63635e+06 102493 1.27038e+06 1.46301e+06 451690 292455 183813 286558 100189 53624.9 17845.9 47737.3 77829
852113 852113 0.000766621 0.00997849 0.113504 0.141458 0.0915048 0.0635109 0.0546073 0.0521568 0.0519448 0.0525655 0.0535593 0.0548371 0.0563523 0.0577457 0.0586747 0.0590087  2.68258e+07 1.61429e+07 3.08295e+06 856218 664197 61451.4 723808 832952 268631 181895 112780 172927 66963.9 38965.6 13669.9 100091
1.09155e+06 1.09155e+06 0.000987983 0.0128432 0.143797 0.178675 0.116588 0.0812226 0.0698758 0.0667272 0.0664327 0.0672026 0.0684517 0.0700667 0.0719878 0.0737569 0.0749373 0.0753626  3.10024e+06 8.34187e+06 5.04819e+06 872783 240430 203160 19498.3 229171 258933 81846.8 54801.7 34130.2 53605.9 21642.5 13154.1 40039.8
685094 685094 0.000272209 0.00355618 0.0421618 0.0532669 0.0337817 0.0231639 0.019824 0.0189031 0.0188178 0.0190432 0.0194069 0.0198749 0.0204294 0.0209391 0.0212788 0.0214009  1.29174e+07 7.97289e+06 3.36043e+06 8.2075e+06 1.23436e+06 320536 231160 25848.3 301286 331027 100720 70765 45422.1 72379.5 31405.9 80090.4
1.96066e+06 1.96066e+06 0.000684452 0.00891703 0.102336 0.128138 0.0826238 0.0571556 0.0490452 0.046797 0.0465846 0.0471311 0.048018 0.0491626 0.0505219 0.0517725 0.0526065 0.0529065  3.24959e+06 9.6792e+06 8.4757e+06 2.89945e+06 6.19099e+06 1.01973e+06 254610 204232 20073 237737 259007 77458 54819.7 36781.2 61202.8 96348.9
685932 685932 0.000304725 0.00398011 0.0470671 0.0594233 0.037736 0.0258932 0.0221645 0.0211365 0.0210422 0.0212952 0.0217032 0.0222276 0.0228485 0.023419 0.0237992 0.0239357  6.4638e+06 2.01532e+06 5.70212e+06 3.66999e+06 1.26443e+06 4.11946e+06 711046 177418 122112 14591.1 149177 163605 53537.2 39572.4 27591.2 126331
459684 459684 0.000584987 0.00762594 0.0881758 0.110601 0.0710332 0.0490443 0.0420656 0.0401345 0.0399529 0.0404224 0.0411834 0.0421654 0.0433316 0.0444047 0.0451203 0.0453779  1.67289e+07 2.01149e+06 635351 1.76935e+06 1.16129e+06 418500 1.38006e+06 235489 57505.9 38765.8 4581.56 47073.1 52906.2 18055.9 13942.7 56506.9
