293206 293206 0.000123055 0.00187476 0.0209266 0.0219092 0.0131069 0.00980975 0.0096423 0.010412 0.0114036 0.0123368 0.013106 0.0137036 0.0141592 0.0144799 0.0146598 0.0147174  5.09518e+07 9.15371e+07 2.71907e+06 1.26982e+06 1.04217e+06 1.3038e+06 113185 86844.7 75302.4 60764.5 11788.4 10371.1 9040.62 6765.55 1774.75 102.263
7.37531e+06 7.37531e+06 0.000700837 0.0106299 0.113033 0.118325 0.0724378 0.0546339 0.0536821 0.0578165 0.063133 0.0681187 0.0722178 0.0754027 0.077837 0.0795571 0.0805272 0.0808391  7.5156e+06 3.33963e+07 5.80731e+07 2.03317e+06 1.06537e+06 917822 1.04879e+06 117867 95039.7 81776.7 63041.4 13586.8 12296 11000.5 8422.42 2577.18
1.85507e+06 1.85507e+06 0.000430719 0.00654841 0.0714065 0.074907 0.045339 0.0340359 0.0334236 0.0360252 0.0393824 0.0425385 0.0451373 0.0471571 0.0486998 0.0497882 0.0504009 0.0505975  4.13136e+06 3.63908e+06 9.81966e+06 1.39578e+07 680193 446366 399876 393590 58580.8 49262.1 42274.6 31601.1 7442.6 6959.47 6394.47 6616.02
529267 529267 0.000432402 0.00657162 0.0714264 0.074745 0.0452806 0.0340369 0.0334532 0.036075 0.0394481 0.0426162 0.0452237 0.0472495 0.048796 0.0498866 0.0505003 0.0506971  1.53831e+08 1.12673e+06 1.00251e+06 2.56472e+06 3.75055e+06 194780 130077 115171 110913 16214.4 13548.3 11695 8893.55 2149.61 2065.84 3960.52
360714 360714 0.00025123 0.00382341 0.0421853 0.0441388 0.026548 0.0199103 0.0195733 0.0211263 0.0231247 0.0250035 0.0265509 0.0277531 0.02867 0.0293158 0.0296786 0.0297948  5.53139e+07 4.76118e+07 1.01295e+06 997235 1.33646e+06 1.54053e+06 149168 124292 107677 83702.2 16140.8 14259.9 12526 9464.48 2505.58 7161.71
7.10814e+06 7.10814e+06 0.00121133 0.0182931 0.185852 0.193984 0.121228 0.0921824 0.0906404 0.0974597 0.106183 0.114329 0.121009 0.126197 0.130169 0.132984 0.134578 0.135093  1.18155e+07 3.72821e+07 3.14974e+07 887839 918708 1.14343e+06 1.21946e+06 146058 125470 107088 79983.2 16861 15327.3 13834.1 10695.5 11502.7
2.14949e+06 2.14949e+06 0.000629882 0.00955755 0.102102 0.106779 0.0652079 0.0491611 0.0483238 0.052073 0.0568892 0.0614059 0.0651198 0.0680049 0.070209 0.0717653 0.0726423 0.0729241  5.41236e+06 6.50202e+06 1.14501e+07 7.57936e+06 355090 422659 473305 438428 67679.8 59801.8 50577.1 36630.8 8462.87 7961.38 7388.12 12248.6
518776 518776 0.000409211 0.00621976 0.0676831 0.0707866 0.0428512 0.0322106 0.0316648 0.0341538 0.0373541 0.0403597 0.0428335 0.0447553 0.046222 0.0472561 0.0478378 0.0480243  2.10357e+08 1.47557e+06 1.78293e+06 2.84488e+06 1.92482e+06 98045 119878 132951 120422 18231.7 15982.4 13580 9997.24 2369.18 2290.09 5797.77
236833 236833 0.00012316 0.00187717 0.0210359 0.0220916 0.013202 0.00986457 0.00968539 0.0104515 0.0114424 0.012376 0.0131459 0.0137445 0.014201 0.0145226 0.0147031 0.0147609  9.63233e+06 6.36257e+07 1.63772e+06 1.97682e+06 1.66834e+06 1.04127e+06 105459 125666 118738 90476.2 17655.8 16121.8 13926.6 10247 2685.9 9369.26
1.1316e+07 1.1316e+07 0.00163608 0.0246189 0.241024 0.251001 0.159482 0.122075 0.120098 0.128956 0.14024 0.15074 0.159333 0.166003 0.171119 0.174754 0.176818 0.177487  3.92413e+07 8.09617e+06 4.15637e+07 1.42816e+06 1.88513e+06 1.52219e+06 934508 112950 129798 117438 86415.5 18438.6 17261.9 15309.3 11526.9 14321.9
1.37726e+06 1.37726e+06 0.000552128 0.00838464 0.0903342 0.0946202 0.0575763 0.0433268 0.0425671 0.0458702 0.0501229 0.0541155 0.0574006 0.0599532 0.0619032 0.0632797 0.0640552 0.0643043  2.63797e+07 1.09157e+07 3.33406e+06 8.92795e+06 525990 839923 643970 378812 54849.2 60535.7 52684.6 37633 8829.99 8520.26 7759.11 13574.3
769269 769269 0.000661111 0.0100302 0.106986 0.111977 0.0684472 0.0515996 0.050702 0.0546155 0.0596489 0.0643703 0.0682528 0.0712694 0.0735747 0.075203 0.0761211 0.0764162  1.23687e+08 7.19299e+06 2.99903e+06 845700 2.32254e+06 147569 241068 182851 105182 14943.8 16371.8 14321.2 10401.3 2503.84 2482.68 6381.34
234029 234029 0.000146407 0.00223178 0.0250299 0.0263431 0.0157458 0.0117552 0.0115325 0.0124375 0.0136113 0.0147179 0.0156309 0.0163408 0.0168827 0.0172645 0.017479 0.0175477  7.54886e+06 3.82967e+07 3.02535e+06 1.31163e+06 790652 1.26141e+06 166053 253392 171492 90050.9 16091.6 16535.7 14432.2 10570.3 2801.7 10103.6
7.21106e+06 7.21106e+06 0.00157234 0.0236793 0.23368 0.243904 0.154504 0.118025 0.11602 0.124547 0.135447 0.145603 0.153921 0.160381 0.165336 0.168856 0.170856 0.171503  5.31506e+07 6.3256e+06 2.52716e+07 2.36006e+06 1.07377e+06 775674 1.12858e+06 171045 259154 172368 89196 17348.1 17685.1 15744.1 11807.5 15243.5
1.32064e+06 1.32064e+06 0.000717291 0.0108789 0.115603 0.121081 0.0741593 0.0559272 0.0549402 0.0591588 0.0645878 0.0696797 0.0738665 0.0771198 0.0796069 0.0813646 0.0823563 0.0826752  4.17372e+07 1.44783e+07 2.59798e+06 5.64257e+06 753798 393598 353062 453883 79482.8 119012 78190.1 40063.5 8527.3 8673.32 7878.84 14049.9
693152 693152 0.000495715 0.00753438 0.0818636 0.086001 0.0521624 0.0391589 0.0384291 0.0413917 0.0452228 0.0488253 0.0517921 0.0540987 0.0558614 0.0571059 0.0578071 0.0580323  2.55651e+08 1.13785e+07 3.96609e+06 637274 1.41955e+06 207533 111390 98822.3 124022 21269.4 31560 20814.4 10834.8 2364.85 2471.17 6413.63
233366 233366 9.67606e-05 0.00147535 0.0165956 0.0174494 0.0104123 0.00777223 0.00762782 0.00822997 0.00901005 0.00974551 0.0103522 0.010824 0.0111839 0.0114374 0.0115797 0.0116253  5.40456e+07 7.547e+07 4.23488e+06 1.62574e+06 609347 826984 196681 101950 98198.1 108817 21411.6 31387.9 21691.8 11325.9 2898.9 10327.7
1.80686e+07 1.80686e+07 0.00227606 0.0340163 0.311707 0.32064 0.209194 0.162488 0.160543 0.172405 0.187219 0.20088 0.211998 0.220609 0.227215 0.231915 0.234594 0.235464  1.57986e+07 3.53053e+07 4.8884e+07 3.07596e+06 1.29123e+06 596829 747590 203995 101185 97853.7 106696 22022.6 32934.6 23691.3 12643.6 15588.2
2.77713e+06 2.77713e+06 0.000838684 0.0127016 0.133015 0.138819 0.0855252 0.0647257 0.0636615 0.0685664 0.0748466 0.0807243 0.0855512 0.0892995 0.0921646 0.0941897 0.0953327 0.0957004  1.42709e+07 5.16983e+06 1.00096e+07 8.79759e+06 718763 409567 257011 288550 91420.9 43058.2 41872.9 45099.5 9838.21 15078 11304.4 13940.3
531047 531047 0.000511429 0.00777097 0.0841957 0.0883455 0.0536391 0.0403015 0.0395671 0.0426253 0.0465738 0.0502846 0.0533397 0.0557144 0.0575289 0.0588099 0.0595315 0.0597633  7.11226e+07 3.88944e+06 1.41131e+06 2.36838e+06 2.11827e+06 191985 113332 70522.3 77328.3 23983.1 11186.5 10913.9 11937.1 2669.64 4202.91 7218.01
383894 383894 0.00036311 0.00552517 0.0607655 0.0638884 0.0385358 0.0288672 0.0283252 0.0305235 0.0333695 0.0360484 0.0382561 0.0399726 0.0412838 0.0422088 0.0427295 0.0428965  1.10063e+07 2.25758e+07 1.81332e+06 739775 1.24914e+06 1.16589e+06 156082 105172 74944.8 72317.3 24569.7 11857 11645.3 13138 3139.73 13932.3
1.20183e+07 1.20183e+07 0.00592985 0.085919 0.593401 0.600997 0.440127 0.359494 0.35683 0.379264 0.406161 0.430228 0.449474 0.464359 0.475944 0.484363 0.489293 0.490934  4.18221e+07 8.72149e+06 1.51248e+07 1.36724e+06 612449 1.07449e+06 1.02281e+06 151015 103307 74649.5 70611.4 25146.7 12350 12409 14446.7 19738.2
1.0225e+06 1.0225e+06 0.000952679 0.0144202 0.150041 0.156946 0.0970487 0.0734622 0.0721844 0.0776634 0.0846994 0.0912861 0.0966957 0.100899 0.104114 0.10639 0.107676 0.108091  1.32975e+07 1.14613e+07 3.18336e+06 1.68774e+06 252098 171636 330713 318140 52844.4 36667.7 26778.3 24728.7 9305.76 4670.26 4790.66 13820.4
1.15648e+06 1.15648e+06 0.00134266 0.0202626 0.204251 0.213652 0.134088 0.101995 0.100175 0.107574 0.117073 0.125948 0.133227 0.138884 0.14322 0.146297 0.148042 0.148607  1.45203e+08 3.62404e+06 3.12504e+06 741502 402113 67181.5 47406.5 90388.6 84724 13748.2 9432.48 6903.28 6469.16 2494.79 1285.92 5264.41
1.80371e+06 1.80371e+06 0.00125066 0.0188745 0.190539 0.19838 0.124252 0.0946499 0.0931405 0.100177 0.109151 0.117522 0.124381 0.129707 0.133783 0.136671 0.138306 0.138834  1.53385e+07 4.41255e+07 3.03879e+06 1.10456e+06 655541 333097 79012.8 55379.3 94555.3 85971.1 15141.8 11113.3 8424.37 8027.77 3220.76 8956.19
2.01723e+07 2.01723e+07 0.00592466 0.0859749 0.600219 0.612824 0.44831 0.36454 0.360576 0.382401 0.408978 0.432877 0.452045 0.46691 0.478511 0.486965 0.491926 0.493581  7.22274e+06 1.17072e+07 2.82867e+07 2.19925e+06 709902 590557 306900 77573.4 53923.3 87700.2 79860.4 14597.3 11074.7 8635.84 8439.27 13395.9
2.35258e+06 2.35258e+06 0.00200586 0.0300894 0.28544 0.29673 0.191188 0.147151 0.144812 0.15529 0.168597 0.180946 0.191034 0.198864 0.204879 0.20916 0.2116 0.212392  1.12268e+07 2.86428e+06 4.07569e+06 2.89306e+06 591112 197182 239971 119445 31318.9 21484.6 33412.7 30745.3 5888.34 4666.77 3741.72 9808.18
1.24165e+06 1.24165e+06 0.00308747 0.0458217 0.392418 0.401877 0.269823 0.21211 0.209771 0.224686 0.243159 0.260083 0.273804 0.284426 0.292598 0.298441 0.30179 0.302884  9.26733e+07 3.0553e+06 764671 751464 538311 135736 48746.5 58890.5 28337.2 7182 4824.25 7463.02 6934.3 1357.07 1103.13 3288.74
1.1083e+06 1.1083e+06 0.00124509 0.0188091 0.191535 0.200707 0.125434 0.0952099 0.0934659 0.100382 0.109282 0.117607 0.124439 0.129749 0.13382 0.136708 0.138344 0.138873  3.31337e+07 2.74608e+07 1.55015e+06 391976 680813 477092 214715 58767.3 76389.8 33310.6 9076.01 6616.91 9914.04 9779.59 2054.38 6925.9
1.65136e+07 1.65136e+07 0.00801336 0.114463 0.701495 0.717373 0.552951 0.458882 0.453183 0.476907 0.50574 0.531423 0.551925 0.567898 0.580534 0.58989 0.595483 0.597378  1.69933e+07 2.18352e+07 1.74797e+07 1.01196e+06 307799 638956 458939 219865 57431.8 75002.6 32178.5 9005.71 6772.11 10213.4 10470.5 10082.9
1.74802e+06 1.74802e+06 0.00144323 0.0217445 0.215797 0.224408 0.141625 0.108219 0.106527 0.114509 0.124665 0.134124 0.141867 0.147877 0.15248 0.155745 0.157596 0.158195  9.86455e+06 4.95018e+06 5.76202e+06 1.23912e+06 190089 98429.1 242908 169572 84542.2 20708.5 27321.5 11556.2 3351.01 2625.21 3984.89 8435.54
934453 934453 0.00163432 0.0246081 0.242237 0.253317 0.160732 0.12272 0.120499 0.129223 0.140419 0.150863 0.159421 0.166071 0.171177 0.174808 0.176872 0.177541  1.05335e+08 2.68629e+06 1.33509e+06 1.19218e+06 258880 46613 25553.9 62642.3 42512.6 20620.7 4974.03 6555.56 2807.74 833.311 670.078 3254.67
621441 621441 0.000613318 0.00930831 0.0996635 0.104299 0.0636358 0.047943 0.0471087 0.0507534 0.0554425 0.0598424 0.0634615 0.0662735 0.0684219 0.069939 0.0707939 0.0710686  2.57503e+07 3.32235e+07 1.69364e+06 603036 595202 215350 77025.6 33016.2 80414.5 52417 26901.3 6677.78 9231.2 4027.38 1316.22 6285.08
1.73961e+07 1.73961e+07 0.00682185 0.098142 0.63886 0.646428 0.484447 0.399575 0.396634 0.420343 0.448607 0.473755 0.493803 0.509324 0.521459 0.530331 0.535563 0.537316  7.06742e+06 1.86642e+07 2.19674e+07 1.26941e+06 470529 518901 209170 81116.5 33538.7 80354.7 52259.3 27706.3 6975.18 10001.4 4474.33 8824.65
1.36946e+06 1.36946e+06 0.000996295 0.0150597 0.154726 0.160703 0.0997603 0.0758438 0.0747129 0.0804908 0.0878416 0.0947028 0.100328 0.104693 0.108029 0.110387 0.111719 0.112147  2.3048e+06 2.95916e+06 5.91453e+06 2.12135e+06 261427 131973 170638 77038.9 32116 12540.2 29512.6 19200 10654.3 2722.28 4065.06 5605.64
806736 806736 0.00169825 0.0255387 0.248503 0.258551 0.164684 0.126183 0.124128 0.133229 0.144824 0.155612 0.164439 0.171293 0.17655 0.180286 0.182409 0.183097  8.21769e+07 627915 804146 1.33445e+06 481890 67061.8 35431.8 45581.6 20108.1 8200.61 3168.18 7474.41 4935.19 2806.66 736.541 2684.37
537013 537013 0.000770723 0.0116817 0.123321 0.128947 0.0791828 0.0598067 0.0587784 0.0632934 0.0690927 0.0745275 0.0789941 0.0824641 0.0851167 0.0869915 0.0880493 0.0883896  1.0851e+07 2.50059e+07 399226 533697 923244 453916 108815 46506 53691.4 23663.4 10586.2 3964.39 9767.17 6787.47 4194.98 5294.62
7.67521e+06 7.67521e+06 0.00352217 0.0516807 0.402893 0.393897 0.270887 0.219584 0.221315 0.23951 0.260569 0.279402 0.294454 0.305974 0.314744 0.320957 0.324489 0.325635  1.18574e+07 8.90791e+06 1.63052e+07 310697 442590 842210 453906 116063 47468.6 53442.6 23722.2 10958.3 4153 10518.6 7560.62 11062.5
1.18822e+06 1.18822e+06 0.00118529 0.0178972 0.18166 0.189156 0.118179 0.0899438 0.0885111 0.0952246 0.103788 0.11178 0.118331 0.123417 0.127309 0.130065 0.131624 0.132127  4.43672e+06 4.08087e+06 3.42453e+06 2.13979e+06 81989.9 151191 318902 186436 50418.6 19631.6 21633.9 9764.05 4703.31 1813.65 4725.78 8743.44
656455 656455 0.00150306 0.0226339 0.22341 0.232211 0.146891 0.112341 0.110578 0.118823 0.129315 0.139083 0.147079 0.153285 0.15804 0.161413 0.163327 0.163946  7.35412e+07 1.20861e+06 1.10625e+06 749816 474445 20832.9 40305 84393.9 48061.4 12678.7 4873.24 5374.52 2459.26 1213.32 480.397 3662.09
484484 484484 0.000634068 0.00962114 0.102782 0.107518 0.0656623 0.0494944 0.0486401 0.0524035 0.0572421 0.0617812 0.065514 0.068414 0.0706299 0.0721946 0.0730765 0.0733599  2.76841e+07 2.44202e+07 825305 707999 601275 317976 29661.5 50799.5 98928.1 54668.5 15664.8 5866.37 6612.26 3114.01 1664.12 5810.25
1.25323e+07 1.25323e+07 0.00573543 0.0832618 0.584216 0.593003 0.431887 0.351593 0.34866 0.370595 0.397034 0.420753 0.439748 0.454448 0.465885 0.474192 0.47905 0.480667  9.96791e+06 1.89276e+07 1.68508e+07 642620 586350 567696 296462 32245.6 51723.3 97988.8 54980.2 16330.9 6151.85 7121.46 3473.27 8715.09
2.16262e+06 2.16262e+06 0.00165948 0.0249751 0.244775 0.255496 0.162363 0.124149 0.122013 0.130913 0.142294 0.152897 0.161577 0.16832 0.173496 0.177174 0.179266 0.179943  4.61429e+06 4.57594e+06 5.53163e+06 2.26238e+06 156819 194758 219412 108805 13906.7 20492.6 37659.1 21629.1 6745.98 2558.7 3038.93 5481.08
769302 769302 0.00160964 0.0242231 0.237418 0.247056 0.156843 0.120034 0.118082 0.126787 0.137881 0.148209 0.156663 0.163226 0.168259 0.171834 0.173863 0.17452  4.62229e+07 1.25646e+06 1.2311e+06 1.10917e+06 462047 38198.8 50304.3 56096.1 26931.7 3336.67 4828.03 8845.15 5137.45 1638.79 637.789 2179.41
263638 263638 0.000335241 0.00510034 0.0560416 0.0587711 0.0354395 0.0265729 0.0260963 0.0281386 0.030775 0.033255 0.035298 0.0368859 0.0380981 0.0389528 0.0394334 0.0395875  5.01954e+07 1.78377e+07 1.04857e+06 935679 680593 389320 53802.3 65244.9 65967.5 30208.4 4292.4 6043.79 11252.9 6910.85 2435.68 4276.46
9.5182e+06 9.5182e+06 0.00408672 0.060225 0.481743 0.495339 0.343136 0.272364 0.268855 0.286597 0.30861 0.32869 0.344924 0.357513 0.367258 0.374281 0.378345 0.379685  1.39004e+07 3.44234e+07 1.29846e+07 956922 851594 637784 398654 58676.5 68046.2 68127.9 31099 4713.97 6602.21 12549.4 8045.33 8180.98
1.55548e+06 1.55548e+06 0.00068216 0.0103441 0.109787 0.11462 0.0701782 0.0529907 0.0521155 0.0561635 0.0613525 0.0662145 0.0702103 0.0733135 0.075684 0.0773579 0.0783014 0.0786045  4.60586e+06 5.81514e+06 1.0361e+07 2.50453e+06 295370 316594 249747 166196 25751.8 28251.5 27912.1 12680.9 2070.06 2885.96 5588.07 7610.79
766316 766316 0.000843124 0.0127753 0.13437 0.140752 0.0866241 0.0654211 0.0642447 0.0691238 0.0754072 0.081298 0.0861401 0.0899033 0.0927823 0.0948187 0.0959689 0.0963393  1.23191e+08 1.25553e+06 1.59212e+06 2.53337e+06 623613 80439 88870.8 69509.8 45236.1 6872.8 7478.08 7420.65 3426.13 573.632 821.678 3855.66
224991 224991 0.000182591 0.00277782 0.0305818 0.0317996 0.0191142 0.01437 0.014159 0.0153077 0.0167748 0.0181517 0.0192846 0.0201639 0.0208335 0.0213044 0.0215685 0.0216529  9.38033e+06 4.10813e+07 846869 1.3556e+06 1.35265e+06 596012 96103.6 102999 73722.2 45441.1 7915.3 8298.37 8569.15 4142.4 775.072 6186.83
1.50023e+07 1.50023e+07 0.00425871 0.0622991 0.470427 0.467265 0.327482 0.265422 0.265748 0.285646 0.309011 0.329936 0.346674 0.359534 0.369397 0.376445 0.380493 0.381818  1.2046e+07 7.72007e+06 2.79288e+07 726788 1.20673e+06 1.19171e+06 611185 104510 106295 74105.2 46407.4 8465.62 8841.73 9495.07 4732.81 8334.7
1.2638e+06 1.2638e+06 0.000946195 0.0142942 0.146232 0.150894 0.0936867 0.0714379 0.0705541 0.0761474 0.0832011 0.0897694 0.0951481 0.099316 0.102496 0.10474 0.106005 0.106412  4.52284e+07 5.05763e+06 2.97952e+06 3.99779e+06 191395 414110 411868 252474 44750.1 42829.5 28923.5 18410 3556.26 3697.98 4137.23 5931.76
813067 813067 0.00121636 0.018316 0.181481 0.185834 0.116836 0.0897648 0.0888846 0.0959748 0.104823 0.113024 0.119721 0.124904 0.128857 0.131647 0.133221 0.133728  6.20362e+07 1.23191e+07 1.37236e+06 664736 884889 47885.1 109164 108636 65324.7 11356.7 10772.6 7300.56 4719.2 934.589 998.297 2789.03
1.47227e+06 1.47227e+06 0.00118786 0.0179221 0.180695 0.1872 0.117152 0.0894125 0.0881577 0.0949553 0.103566 0.111585 0.11815 0.123242 0.127134 0.129888 0.131445 0.131946  1.56653e+07 1.97529e+07 4.2845e+06 857521 506256 703118 58530.9 132741 109294 72092.2 12739.8 12277.1 8298.78 5665.12 1252.2 4982.97
9.45573e+06 9.45573e+06 0.00554341 0.0792393 0.501449 0.467887 0.342085 0.291001 0.299495 0.326255 0.354922 0.379624 0.398911 0.413454 0.424434 0.432185 0.436588 0.438019  1.43597e+07 1.13196e+07 1.32529e+07 2.39846e+06 652293 456126 671299 61366.6 130930 104256 70994.2 12764.7 12435.6 8545.09 6096.3 6989.06
1.15182e+06 1.15182e+06 0.00116332 0.017526 0.174528 0.178814 0.112183 0.0861116 0.0852601 0.0920786 0.100592 0.108488 0.114937 0.119928 0.123734 0.12642 0.127935 0.128422  5.66445e+06 8.71637e+06 3.56814e+06 1.47229e+06 294758 203770 167002 252203 25076.3 50573.6 39247.7 28060.8 5176.48 5160.51 3604.36 5814.88
716681 716681 0.00101727 0.0153408 0.154401 0.15804 0.0986328 0.075597 0.0748674 0.0809093 0.0884553 0.0954593 0.101184 0.105614 0.10899 0.11137 0.112709 0.11314  1.58186e+08 1.54199e+06 2.34965e+06 743663 299469 69498.8 51400.5 42384.7 62870 6128.38 12237.4 9521.25 6908.53 1306.01 1337.16 2504.71
381941 381941 0.000269238 0.00409051 0.0444363 0.0459893 0.0277836 0.0209646 0.0206908 0.0223834 0.0245323 0.0265445 0.028198 0.0294802 0.0304562 0.0311424 0.0315271 0.0316501  2.29572e+07 5.15715e+07 1.24029e+06 1.65439e+06 582123 393549 107696 74597.4 59014.7 82027.9 8411.95 16129.5 12742.2 9970.83 1958.76 5924.34
1.48232e+07 1.48232e+07 0.0029711 0.0439875 0.370102 0.371448 0.249638 0.198184 0.197652 0.212922 0.231285 0.24796 0.261411 0.271772 0.279697 0.28533 0.28854 0.289583  1.25423e+07 1.97151e+07 3.48426e+07 1.00466e+06 1.43913e+06 555633 423942 111676 77758.8 61315 86091.3 9225.18 17415.7 14197.2 11655.6 9495.7
1.89452e+06 1.89452e+06 0.000753033 0.0114014 0.119264 0.123676 0.0760996 0.0577273 0.0569153 0.0614115 0.0671222 0.0724567 0.0768331 0.0802275 0.0828178 0.0846454 0.0856747 0.0860053  7.09886e+06 6.90069e+06 8.06873e+06 6.11865e+06 292185 527662 234857 196929 48962.7 33772.5 26582.7 37825.8 4255.56 7937.26 6673.59 10413.4
852954 852954 0.000969947 0.0146509 0.149645 0.154459 0.0959763 0.0731899 0.0722685 0.0779775 0.0851819 0.091891 0.0973852 0.101643 0.104893 0.107186 0.10848 0.108895  8.24302e+07 1.93439e+06 1.88236e+06 1.90284e+06 1.44762e+06 76499.8 143870 63832.6 52479.8 12808.6 8766.17 6931.08 10023.1 1156.55 2216.32 4896.61
461395 461395 0.00035735 0.0054322 0.0592272 0.0618262 0.0373739 0.0281037 0.0276488 0.0298429 0.032657 0.0352988 0.0374727 0.0391609 0.0404486 0.0413558 0.0418656 0.042029  1.75163e+07 2.70589e+07 2.27355e+06 1.11941e+06 1.55817e+06 1.1473e+06 106658 146288 69830.4 57912.5 14194.3 9508.1 7819.88 11990.4 1538.77 9094.66
6.26922e+06 6.26922e+06 0.00184994 0.027701 0.259458 0.264548 0.170431 0.132318 0.131213 0.14146 0.154126 0.165795 0.175288 0.182626 0.188233 0.192204 0.194454 0.195181  1.01213e+07 1.39536e+07 1.83804e+07 1.91862e+06 973977 1.50515e+06 1.14105e+06 113971 147648 71060.8 60252 14718.6 10061.4 8563.55 13729.3 12639.6
1.72864e+06 1.72864e+06 0.000937851 0.0141811 0.146253 0.151786 0.0940399 0.0714779 0.0704449 0.0759354 0.0829109 0.0894209 0.0947583 0.0988988 0.102061 0.104296 0.105557 0.105962  5.5097e+07 5.49235e+06 5.35448e+06 4.06696e+06 677490 387388 679357 522850 55296.8 67006.3 32832.1 28653 7042.57 4938.72 4351.64 14042.9
766759 766759 0.000833432 0.0126101 0.130971 0.135764 0.083807 0.0636515 0.0627588 0.0676952 0.0739612 0.0798109 0.0846082 0.0883289 0.091169 0.0931738 0.0943036 0.0946667  1.12038e+08 1.5011e+07 1.49368e+06 1.21942e+06 930901 174334 104273 182127 137133 14203.8 17044 8376.75 7422.38 1870.07 1347.05 5155.28
295439 295439 0.000150276 0.00228428 0.0249706 0.0257681 0.0155094 0.0117036 0.0115648 0.0125266 0.0137437 0.0148829 0.015819 0.0165444 0.0170961 0.0174834 0.0177002 0.0177694  2.07073e+07 3.59929e+07 5.78795e+06 1.30929e+06 947569 679164 216295 89420.1 183436 138094 15662.7 16922.9 8825.86 8262.85 2162.98 7808.54
7.33375e+06 7.33375e+06 0.00158022 0.0237311 0.228622 0.234319 0.149273 0.115175 0.114003 0.122896 0.133981 0.144232 0.152592 0.15906 0.164003 0.167501 0.16948 0.170119  4.02179e+07 1.5298e+07 2.41938e+07 3.96591e+06 1.16452e+06 879994 650713 222410 87031.5 182490 139532 16458.8 17597 9530.59 9323.88 11635.3
1.38069e+06 1.38069e+06 0.000630328 0.00955006 0.100684 0.104222 0.0638621 0.0484154 0.047772 0.051597 0.0564457 0.0609751 0.0646914 0.0675729 0.0697697 0.0713179 0.0721887 0.0724679  8.07031e+06 1.22721e+07 5.36579e+06 5.49349e+06 1.03611e+06 507929 399427 297212 106186 38561.4 83305.9 64983.1 8028.08 8511.44 4786.34 11009.9
667031 667031 0.000670801 0.0101393 0.104645 0.106835 0.0658607 0.0503309 0.0499137 0.0540662 0.0592415 0.0640504 0.0679843 0.0710269 0.0733406 0.0749673 0.0758799 0.076172  4.74824e+07 2.19924e+06 3.35276e+06 1.28978e+06 1.31944e+06 272812 139089 109219 79858.4 28063.3 10127.9 22003.2 17455.7 2212.68 2410.73 4595.2
620450 620450 0.000608558 0.0092261 0.0978485 0.101612 0.0621441 0.0470168 0.0463363 0.050014 0.0546959 0.0590756 0.0626719 0.065462 0.0675904 0.069091 0.0699354 0.0702062  1.06044e+07 1.85868e+07 1.50344e+06 1.66439e+06 865252 816822 226430 145000 106940 77415.3 29051.3 9333.06 22113.8 18474.6 2569.8 7943.56
3.48756e+06 3.48756e+06 0.00129711 0.0195108 0.191314 0.19532 0.123285 0.0949832 0.094171 0.101734 0.111126 0.119815 0.126903 0.132383 0.136562 0.139511 0.141175 0.14171  7.43567e+07 8.49032e+06 1.36333e+07 1.22317e+06 1.28295e+06 780925 765217 218484 146388 105328 77052.6 29580.8 9448.81 23310.1 20265.5 12010.4
1.79898e+06 1.79898e+06 0.00113154 0.0170779 0.172806 0.178894 0.111743 0.0852607 0.0840953 0.090622 0.0988813 0.106573 0.11287 0.117753 0.121485 0.124123 0.125613 0.126093  4.03887e+06 2.10639e+07 3.2964e+06 3.77637e+06 450250 514025 355356 350524 101376 70481.6 49952.3 37283.4 14776.5 4727.5 12154.6 17526.5
904224 904224 0.000756779 0.011454 0.119435 0.123579 0.0761044 0.0578005 0.0570303 0.0615615 0.0673017 0.0726596 0.0770533 0.0804599 0.0830585 0.0848911 0.0859229 0.0862542  3.64565e+07 1.10002e+06 5.70333e+06 715823 819563 111984 134901 93045.5 89723.1 25374.1 17442.3 12384.2 9376.96 3807.66 1251.01 8058.47
385294 385294 0.000419373 0.00636863 0.0687513 0.0715043 0.0433844 0.0327149 0.032227 0.0348024 0.0380898 0.0411705 0.043703 0.0456683 0.0471668 0.0482222 0.0488153 0.0490053  5.71517e+07 1.43115e+07 813204 2.12547e+06 550103 586526 99594.2 138306 95356.3 89520.9 26191.4 18524.7 13321.3 10563.6 4543.01 11174.9
4.31954e+06 4.31954e+06 0.00176829 0.0264617 0.246823 0.249637 0.160723 0.125204 0.124549 0.134577 0.146851 0.158129 0.16729 0.17436 0.17975 0.183558 0.185711 0.186405  7.07363e+07 3.76656e+07 1.03707e+07 699524 1.5466e+06 515684 562177 100411 138256 94709.8 90191.4 26684 19487.1 14363.7 11817.6 18167.6
3.3739e+06 3.3739e+06 0.00138576 0.0208704 0.206599 0.213651 0.134775 0.103226 0.101836 0.10964 0.119495 0.128653 0.136143 0.141949 0.14639 0.149535 0.151315 0.151889  7.52594e+06 1.9259e+07 1.08602e+07 2.58177e+06 248693 498185 225849 243563 44952.1 61953.6 42324.8 41128.5 12401.2 9391.5 7097.59 15381.8
928625 928625 0.000682679 0.0103463 0.109279 0.113661 0.0696765 0.0527164 0.0519134 0.0559884 0.0611881 0.0660537 0.0700495 0.0731507 0.075518 0.0771884 0.0781292 0.0784314  4.25441e+07 2.04907e+06 5.18885e+06 2.23159e+06 528907 59772.1 127449 57670.8 60672.7 10920.3 14844.7 10141.2 9984.8 3082.45 2396.42 5889.22
741221 741221 0.000740736 0.0112091 0.116713 0.120504 0.0742165 0.0564221 0.0557175 0.0601801 0.0658175 0.0710754 0.0753853 0.0787255 0.0812721 0.0830672 0.0840772 0.0844013  1.75526e+07 1.73636e+07 1.48649e+06 1.9045e+06 1.05433e+06 480270 82401.4 118548 61308.1 59441 11217.9 16363.1 11422.1 11857.3 3810.37 10651.2
6.135e+06 6.135e+06 0.0027346 0.0406457 0.353969 0.359749 0.23917 0.18804 0.186617 0.200601 0.217735 0.233407 0.2461 0.255907 0.263424 0.268774 0.271827 0.272819  3.93837e+07 1.49244e+07 1.23176e+07 1.1832e+06 1.25586e+06 848662 462011 87965.8 112869 59585.7 57589.1 11262.9 16711.5 12002 13015.1 16441.3
1.37322e+06 1.37322e+06 0.000815581 0.0123269 0.12688 0.13046 0.0806881 0.0615412 0.0608657 0.0657823 0.0719583 0.0777063 0.0824123 0.0860566 0.0888336 0.0907904 0.0918913 0.0922445  5.7707e+06 1.17294e+07 6.09309e+06 2.66551e+06 388051 390230 325847 207376 42305.3 48574.3 26303.1 25482.1 5212.94 7927.4 5859.23 15061.9
730148 730148 0.000862413 0.0130236 0.132966 0.136269 0.0845176 0.0646106 0.0639701 0.0691669 0.0756699 0.0817138 0.0866583 0.0904851 0.0933999 0.0954532 0.0966079 0.0969784  2.41883e+07 1.57178e+06 3.18602e+06 1.37976e+06 594060 96909.9 102739 86103.8 53918.9 10816.3 12332.3 6710.48 6607.84 1386.52 2166.4 5873.01
439987 439987 0.000479181 0.0072798 0.0787991 0.0824474 0.0500419 0.0376416 0.036996 0.0398875 0.0436066 0.0470985 0.049972 0.0522045 0.053909 0.0551114 0.0557883 0.0560054  4.91054e+07 8.48556e+06 1.83258e+06 1.39112e+06 1.1614e+06 552078 102330 98829.2 79864.5 56584.8 12868 13365.4 7351.24 7449 1701.21 10093.7
4.21624e+06 4.21624e+06 0.00236614 0.035268 0.315772 0.320798 0.210644 0.16491 0.163718 0.176271 0.191673 0.205792 0.217245 0.226091 0.23286 0.237666 0.240398 0.241284  2.21492e+07 3.3785e+07 5.96779e+06 1.55522e+06 1.09851e+06 1.12685e+06 556925 108161 99167 79120.8 57685.5 13766.7 14115.4 7967.82 8340.68 13843.8
1.77087e+06 1.77087e+06 0.000823784 0.0124717 0.130247 0.135508 0.0835204 0.0633028 0.0623341 0.0671879 0.0733775 0.0791639 0.0839129 0.0875987 0.090414 0.0924025 0.093524 0.0938845  3.66119e+06 7.21004e+06 1.05226e+07 1.29856e+06 533243 383874 496244 250480 49542.8 43482 34284.1 25899.4 6493.68 6648.2 3854 11194.4
697643 697643 0.000799674 0.012115 0.12733 0.132927 0.0817611 0.06183 0.0608005 0.0654847 0.0714885 0.0771105 0.0817289 0.0853157 0.0880573 0.0899947 0.0910878 0.0914394  6.0766e+07 997714 1.96658e+06 2.47224e+06 308322 140621 105220 135221 66769 12941.4 11255.7 8907.26 6834.77 1757.07 1847.99 4297.58
205429 205429 0.000232495 0.00353215 0.0383794 0.0396328 0.0239267 0.0180678 0.0178474 0.0193209 0.0211865 0.0229323 0.0243666 0.0254783 0.026324 0.0269182 0.0272511 0.0273574  1.95564e+07 2.29945e+07 670386 1.06888e+06 1.50525e+06 240501 179808 104933 141760 70284 13443.5 12062.1 9425.58 7740.41 2230.67 7521.68
5.9897e+06 5.9897e+06 0.00233793 0.0345945 0.292272 0.283899 0.188387 0.151094 0.152699 0.166258 0.182012 0.1962 0.20759 0.216302 0.222895 0.227528 0.230133 0.230969  3.31599e+07 1.60252e+07 1.60599e+07 560318 863453 1.3342e+06 233286 185532 103792 141257 70992.1 13989.7 12712.9 10148.7 8679.11 11395.7
2.3641e+06 2.3641e+06 0.00142427 0.0214405 0.211289 0.218261 0.137926 0.105753 0.104369 0.112376 0.12247 0.131845 0.139509 0.145449 0.149992 0.153209 0.155031 0.155618  3.84597e+06 9.96486e+06 6.30092e+06 3.05885e+06 153618 280944 501887 95695.5 80210.6 42689.2 58623.5 30046.7 6129.26 5675 4619.5 9569.17
684286 684286 0.000912961 0.013776 0.139579 0.142664 0.0887287 0.0679722 0.0673629 0.0728628 0.0797209 0.0860865 0.09129 0.0953152 0.0983802 0.100539 0.101753 0.102142  3.76121e+07 1.04704e+06 2.68183e+06 1.27992e+06 617911 36564.8 71356.7 127344 23690.2 19362 10161.8 13951.8 7244.35 1512.9 1437.97 3690.87
119244 119244 0.000148473 0.00225792 0.024786 0.0256576 0.015425 0.0116196 0.0114681 0.0124128 0.013613 0.0147377 0.0156625 0.0163796 0.0169252 0.0173085 0.0175232 0.0175917  2.8074e+07 1.45076e+07 892787 1.22615e+06 1.1326e+06 551604 40402.4 81970.5 138588 25635.1 22003.3 11273.1 15963.1 8805.16 1970.83 6744.15
4.47922e+06 4.47922e+06 0.00218616 0.0326253 0.295786 0.300159 0.195928 0.153143 0.152115 0.163945 0.178452 0.191761 0.202561 0.210901 0.217276 0.221796 0.224362 0.225192  2.35302e+07 1.96224e+07 1.02346e+07 788756 994576 1.12933e+06 554162 43503.1 85710.1 142936 26903.6 23440.9 12185.5 17804.6 10227.1 10532.4
1.71464e+06 1.71464e+06 0.00108271 0.016344 0.165768 0.17139 0.1069 0.0815696 0.0804943 0.0867842 0.0947325 0.102133 0.108192 0.112889 0.116476 0.119012 0.120443 0.120903  4.21761e+06 8.71496e+06 6.24406e+06 2.28778e+06 269290 358515 521523 251818 20462.2 39122.5 64354.5 12356.7 10982 5818.18 8758.81 10669.9
559607 559607 0.000738188 0.0111615 0.115408 0.118496 0.0731027 0.0557383 0.055152 0.0596408 0.0652737 0.070517 0.0748104 0.0781345 0.080666 0.0824485 0.0834503 0.0837715  6.99878e+07 1.1487e+06 2.36067e+06 1.36373e+06 497930 66948 94059.6 136659 64577.2 5135.8 9715.37 16018 3121.04 2842.47 1546.6 5297.1
1.18277e+06 1.18277e+06 0.00124219 0.0187021 0.185 0.189503 0.119247 0.0916368 0.0907338 0.097961 0.106979 0.115337 0.122162 0.127444 0.131472 0.134317 0.135922 0.136438  5.74092e+07 2.69668e+07 775941 1.52694e+06 755490 412799 76423.2 95958 147358 67603.9 5474.86 10492 17461.7 3612 3389.3 8435.05
5.20016e+06 5.20016e+06 0.00140103 0.0210806 0.206961 0.21286 0.134573 0.103399 0.102218 0.110186 0.120171 0.12943 0.136991 0.142847 0.147321 0.150486 0.152275 0.152852  6.60112e+07 3.85483e+07 1.87365e+07 536186 1.09959e+06 614673 373555 76314.5 90412 139807 63534 5330.03 10256.4 17466.9 3776.41 12705.8
2.55339e+06 2.55339e+06 0.000844564 0.0127747 0.132307 0.136946 0.084614 0.0643276 0.0634632 0.0684777 0.0748291 0.0807543 0.0856116 0.0893777 0.0922517 0.0942799 0.0954227 0.0957899  5.52536e+06 1.78638e+07 1.16988e+07 4.91951e+06 207715 510669 288537 182122 39158.9 44120.8 69072.8 31535.4 2757.28 5394.63 9422.64 9278.12
1.27428e+06 1.27428e+06 0.000894483 0.0135172 0.138772 0.143118 0.088697 0.0676039 0.0667774 0.0720909 0.0787909 0.0850314 0.0901425 0.0941029 0.0971237 0.0992547 0.100455 0.100841  7.43744e+07 1.50535e+06 4.86157e+06 2.69166e+06 1.13082e+06 53349.2 137266 77419.3 47912.5 10107.5 11292.8 17750 8232.77 738.126 1483.62 5273.12
546245 546245 0.000519293 0.00789293 0.0857474 0.0902104 0.054741 0.0410761 0.0402898 0.0433783 0.0473793 0.051143 0.0542431 0.056654 0.0584971 0.059799 0.0605328 0.0607686  2.02911e+07 2.28438e+07 859272 1.6924e+06 1.38765e+06 845897 60404.4 148804 74885.3 48622.7 10717.3 11683.7 18785.9 9018.52 879.079 7982.93
7.65929e+06 7.65929e+06 0.00303324 0.0449916 0.383877 0.390779 0.262291 0.206778 0.205057 0.220072 0.238483 0.255301 0.268912 0.279432 0.28751 0.293274 0.296572 0.297647  2.45662e+07 1.5076e+07 1.50602e+07 676374 1.25586e+06 1.25365e+06 829570 64467.5 153520 75679.1 49299.1 11334.6 12330.5 20430.2 10103 10348.4
2.10103e+06 2.10103e+06 0.00148117 0.0222774 0.217714 0.224243 0.142128 0.109228 0.107916 0.116247 0.126705 0.136402 0.144322 0.150458 0.155148 0.158469 0.160349 0.160955  6.25723e+06 9.36001e+06 5.21798e+06 2.50671e+06 193518 367690 482503 345193 28885 66160.5 32016.8 21083.3 5090.09 5555.8 9477.5 9815.59
1.00188e+06 1.00188e+06 0.00121378 0.0183436 0.187543 0.196749 0.122768 0.0930864 0.0913378 0.0980785 0.10677 0.114906 0.121586 0.12678 0.130761 0.133586 0.135187 0.135704  1.61367e+08 1.70315e+06 2.5137e+06 1.03747e+06 492294 45119.2 91970.7 120856 84437.9 6891.09 15564 7529.23 5022.34 1241.25 1390.73 4951.1
1.11673e+06 1.11673e+06 0.000814858 0.0123403 0.129233 0.134667 0.0829299 0.0627914 0.0617912 0.0665784 0.0726974 0.0784221 0.0831225 0.0867717 0.0895599 0.0915298 0.092641 0.0929983  4.63858e+07 5.03257e+07 1.17988e+06 1.3597e+06 829240 371151 62540.9 88890.3 124442 89295.9 7888.61 17539.9 8619.62 6015.4 1624.55 8156.28
1.07583e+07 1.07583e+07 0.0020277 0.0302581 0.274748 0.276526 0.179909 0.140978 0.140491 0.151817 0.165572 0.178161 0.188365 0.196232 0.202229 0.206469 0.208867 0.209642  1.51185e+07 3.43724e+07 3.28075e+07 912811 1.06965e+06 757032 350055 66018.5 85231.8 120825 87599.1 8108.94 18104 9172.08 6581.31 11163.5
2.26328e+06 2.26328e+06 0.000720233 0.0109151 0.115191 0.120024 0.0736443 0.0556966 0.0548174 0.0590931 0.0645584 0.0696739 0.0738755 0.0771373 0.0796284 0.0813872 0.0823784 0.082697  5.35174e+06 5.64279e+06 1.19111e+07 6.15578e+06 305844 411655 331234 154817 32298.9 37985.9 55086.5 40810.8 4001.03 9036.72 4725.14 9465.5
860338 860338 0.00089744 0.0135811 0.141154 0.147 0.0908311 0.0688677 0.0677787 0.0730093 0.0796893 0.0859347 0.0910604 0.0950395 0.0980806 0.10023 0.101443 0.101834  3.96926e+07 1.45867e+06 1.54279e+06 2.87172e+06 1.5048e+06 82179.8 114417 91426.6 41816.7 8555.59 9979.21 14533.9 10941.7 1100.17 2552.97 4116.35
977251 977251 0.00106685 0.0161225 0.165148 0.171896 0.106927 0.0812761 0.0800028 0.0861272 0.0939368 0.101228 0.107208 0.111849 0.115398 0.11791 0.119329 0.119786  1.55543e+07 2.02583e+07 1.22288e+06 890994 1.62482e+06 846458 90101 111267 94076.7 42304.9 9576.18 10234.3 15395.4 12047 1325.27 7973.85
4.91725e+06 4.91725e+06 0.00178315 0.0267172 0.251755 0.256841 0.165044 0.127988 0.126894 0.136822 0.149108 0.160435 0.169654 0.176781 0.182226 0.186081 0.188264 0.188969  3.97081e+07 1.24171e+07 1.5213e+07 920837 684868 1.41348e+06 732953 92663.7 108193 91023.7 41171.7 9725.21 10199.2 15860.9 12822 10343.5
1.99285e+06 1.99285e+06 0.00113231 0.0170863 0.172616 0.178483 0.111531 0.0851547 0.0840279 0.0905735 0.0988436 0.106541 0.112843 0.117728 0.121459 0.124097 0.125587 0.126067  1.50571e+07 1.34085e+07 4.78957e+06 4.23015e+06 341218 288439 628487 312274 46198.2 51242.7 43554.1 20099.2 5006.05 5211.14 8385.74 12700
1.11176e+06 1.11176e+06 0.00119016 0.0179547 0.18083 0.187212 0.117193 0.0894757 0.0882372 0.0950496 0.103673 0.111702 0.118276 0.123373 0.127269 0.130025 0.131583 0.132085  3.12816e+07 4.1007e+06 3.6289e+06 1.03581e+06 911811 84378.6 75375.7 164019 79714.9 11535.6 12653.3 10775.4 5044.77 1287.4 1376.25 5714.03
1.13158e+06 1.13158e+06 0.00119623 0.0180803 0.185079 0.194134 0.121065 0.0917893 0.0900816 0.0967505 0.105344 0.113386 0.119989 0.125122 0.129057 0.131848 0.133429 0.13394  1.1398e+07 1.26618e+07 1.71349e+06 1.87367e+06 737426 785307 99789.9 73839.4 148502 73554.1 12307.1 12889.1 11517.8 5656.04 1575.55 8418.08
5.45911e+06 5.45911e+06 0.00361579 0.0527866 0.395816 0.378167 0.261969 0.215293 0.219101 0.238496 0.260326 0.279652 0.295 0.30668 0.315517 0.321742 0.325261 0.326397  4.84137e+07 9.44633e+06 8.97185e+06 1.08752e+06 1.4501e+06 698665 777038 104882 73105.3 143242 70622.5 12533.5 13042.9 12019.6 6122.67 11182.2
1.18796e+06 1.18796e+06 0.00101362 0.015332 0.158423 0.165458 0.102603 0.0777931 0.0764811 0.0822929 0.0897392 0.0967031 0.102419 0.106859 0.110256 0.11266 0.114019 0.114457  5.37538e+06 1.3991e+07 3.67178e+06 1.55972e+06 225639 486038 281504 321864 46387.5 30574.2 59229.3 29667.5 5675.84 5912.41 5635.03 8443.63
1.12211e+06 1.12211e+06 0.00119298 0.018023 0.183778 0.192144 0.119926 0.0910754 0.0894796 0.0961664 0.104748 0.112769 0.119352 0.124466 0.128383 0.131159 0.132732 0.13324  1.2659e+08 1.46479e+06 3.80853e+06 840599 364007 59292.4 132856 76230.8 84938.1 11955.8 7788.82 15116.4 7681.94 1505.91 1611 3936.19
2.39403e+06 2.39403e+06 0.00199965 0.0300251 0.28716 0.300317 0.193131 0.148152 0.145465 0.155778 0.168993 0.181289 0.191348 0.199167 0.20518 0.209466 0.211912 0.212707  5.53556e+07 4.1801e+07 1.15878e+06 1.41618e+06 698939 375634 78260.7 158118 86928.8 94395.1 14077.8 8677.2 16896.6 9077.29 1980.69 7207.66
1.17303e+07 1.17303e+07 0.00260162 0.0387293 0.342151 0.348857 0.230704 0.180775 0.179192 0.192574 0.209056 0.224166 0.236421 0.245895 0.253158 0.258328 0.261276 0.262234  6.53652e+07 3.7289e+07 2.73948e+07 765583 868441 609309 358864 78588.7 151937 82592.8 88423.7 13607.2 8346.55 16603.1 9201.59 9785.74
3.64794e+06 3.64794e+06 0.00125765 0.018976 0.19121 0.198878 0.124637 0.0950074 0.0935325 0.100624 0.109653 0.11807 0.124966 0.130318 0.134415 0.137316 0.138959 0.139489  7.09133e+06 1.75374e+07 1.11232e+07 5.24085e+06 275839 323830 287023 172982 39094.6 72856.2 39924.3 43021 6932.76 4289.77 8747.14 10418.1
1.59374e+06 1.59374e+06 0.00123508 0.0186384 0.188117 0.195633 0.122502 0.0933526 0.0918997 0.0988709 0.107749 0.116028 0.122812 0.128078 0.132107 0.134961 0.136576 0.137097  1.95167e+07 1.93151e+06 4.74598e+06 2.39123e+06 1.13809e+06 69150.2 85473.8 75273.3 44186.7 9736.99 17903.3 9814.45 10718.9 1768.89 1123.75 5148.71
665720 665720 0.000665508 0.0100895 0.106919 0.111369 0.0681949 0.0515467 0.0507399 0.0547142 0.0597932 0.0645484 0.0684547 0.071487 0.0738022 0.0754361 0.0763565 0.076652  1.5434e+07 1.22912e+07 2.03137e+06 1.54118e+06 1.14601e+06 824054 90701 84120.5 82837 47712.2 11218.8 19701.2 11258.5 12605.9 2255.41 7921.43
4.50263e+06 4.50263e+06 0.00210047 0.0314042 0.2894 0.295854 0.192157 0.149435 0.148014 0.159302 0.173288 0.186165 0.196638 0.204738 0.210937 0.215338 0.217838 0.218648  1.2207e+08 1.311e+07 9.67572e+06 1.66493e+06 1.06978e+06 1.00091e+06 786320 95638.1 84769.4 83735.9 48626.3 11873.5 20876.3 12367.4 14183.7 11885.9
1.51192e+06 1.51192e+06 0.000762364 0.0115442 0.120882 0.12553 0.0772334 0.0585506 0.0576975 0.0622341 0.0680061 0.0734002 0.0778266 0.0812607 0.0838822 0.0857323 0.0867747 0.0871096  4.67608e+06 3.10897e+07 5.54078e+06 2.79852e+06 609877 352375 422235 354696 46634.6 39453.5 39374.5 23251.7 5950.58 10541.1 6475.05 13989.6
1.00163e+06 1.00163e+06 0.000573191 0.00870248 0.0935342 0.0979226 0.0596437 0.0449034 0.0441185 0.0475378 0.051939 0.0560703 0.0594692 0.0621102 0.0641278 0.0655521 0.0663546 0.0666124  7.25395e+06 1.27427e+06 8.48349e+06 1.31014e+06 665939 160554 96468.6 115101 94733.3 12220.7 10255.3 10278.9 6168.05 1618.89 2946.37 5874.05
512885 512885 0.000540188 0.00820385 0.0884529 0.0926321 0.0563429 0.042395 0.0416531 0.0448879 0.0490525 0.0529626 0.0561799 0.0586798 0.0605894 0.0619373 0.0626965 0.0629403  3.35738e+07 7.72521e+06 692030 2.66951e+06 1.22321e+06 670730 194031 87124.4 107347 94640.4 13149.1 10693.3 11031.7 6902.08 1976.66 10585.9
2.16484e+06 2.16484e+06 0.00120423 0.0181781 0.18402 0.191446 0.11973 0.0911958 0.0897796 0.0966083 0.105305 0.113416 0.120062 0.125221 0.129168 0.131963 0.133544 0.134054  1.77145e+07 2.31465e+07 6.41602e+06 530719 1.75249e+06 1.22264e+06 669106 200792 84954.3 104872 93554.3 13438 11082 11702.7 7589.16 14366.6
1.64103e+06 1.64103e+06 0.00090692 0.0137256 0.142731 0.148794 0.0919456 0.0696884 0.0685679 0.0738469 0.0805946 0.0869044 0.0920834 0.0961044 0.0991782 0.101351 0.102578 0.102973  3.1231e+07 5.46514e+06 7.38025e+06 2.28301e+06 195334 537019 611528 323541 99022.6 39678.3 49283.3 44966.7 6727.61 5672.6 6132.67 11991.1
931033 931033 0.00128296 0.0193526 0.194474 0.202167 0.126838 0.0967385 0.0952469 0.102462 0.111644 0.120203 0.127213 0.132654 0.136818 0.139767 0.141438 0.141977  5.32333e+06 8.51073e+06 1.48952e+06 1.71612e+06 538906 51506.2 147183 166333 85934.4 25734 10206.7 12713.5 11776.4 1806.01 1564.15 5130.62
941461 941461 0.000985831 0.0149085 0.15382 0.160181 0.0993158 0.0753928 0.0742026 0.0799031 0.0871788 0.0939765 0.0995533 0.103882 0.107192 0.109533 0.110855 0.111281  1.14187e+07 9.87478e+06 3.08097e+06 809858 986959 537106 54741.9 97044.1 161756 81608.4 25109.4 9926.16 12429.3 12120.4 1993.32 7506.86
4.87998e+06 4.87998e+06 0.00293666 0.043572 0.373121 0.378775 0.253591 0.19999 0.198549 0.213314 0.231356 0.247826 0.261152 0.271444 0.279339 0.284965 0.288178 0.289225  2.41311e+07 9.88498e+06 8.38234e+06 1.88265e+06 619379 843208 517442 55343.8 84515.7 154941 76924.2 24114.2 9702.58 12452.5 12548.5 10269.6
1.76985e+06 1.76985e+06 0.00139215 0.0209837 0.209157 0.217545 0.137026 0.104629 0.102994 0.110736 0.120589 0.129768 0.137284 0.143117 0.147585 0.150752 0.152547 0.153127  3.75992e+07 6.51255e+06 4.16246e+06 2.47558e+06 430048 240280 345298 231148 25567 33339.6 68047.3 33635.3 10856.4 4489.52 5908.59 11250.5
1.53e+06 1.53e+06 0.00245838 0.0366753 0.330329 0.338971 0.222692 0.173561 0.171588 0.184194 0.199887 0.21433 0.226073 0.235164 0.242142 0.24711 0.249944 0.250866  3.80585e+07 1.02396e+07 1.7582e+06 870756 523151 106171 62700.8 89506.3 58279 6275.23 8062.53 16445.1 8233.26 2720.3 1154.76 4530.2
937805 937805 0.000887833 0.0134476 0.140872 0.147522 0.0909596 0.0687518 0.0675291 0.0726559 0.0792516 0.0854316 0.0905097 0.0944559 0.0974751 0.0996113 0.100818 0.101207  1.62357e+07 1.40828e+07 3.61245e+06 539223 790175 630063 109487 72776.8 91302.6 61595.9 7093.72 8391.51 18127.1 9474.52 3273.23 7140.58
4.65475e+06 4.65475e+06 0.00229376 0.0340931 0.298668 0.297204 0.195721 0.15483 0.154973 0.167749 0.18302 0.196906 0.208118 0.21674 0.223302 0.227937 0.230558 0.231404  6.11926e+07 1.195e+07 1.02088e+07 2.26724e+06 422066 795943 651942 115133 75606.8 91065.5 62045.7 7454.73 8677.92 19600.7 10541.7 12029.2
2.10111e+06 2.10111e+06 0.00148735 0.0224189 0.223174 0.233283 0.147242 0.112262 0.110293 0.118398 0.128784 0.138474 0.146415 0.152584 0.157316 0.160677 0.162585 0.163202  1.61729e+07 1.77892e+07 4.11176e+06 2.42059e+06 500401 158747 371279 304897 54617.3 35601.3 41732.3 29085.8 3686.07 4271.67 10072.9 11985.9
1.56527e+06 1.56527e+06 0.00155126 0.0233588 0.230332 0.239939 0.151955 0.116154 0.114244 0.122686 0.133456 0.143487 0.151701 0.158078 0.162968 0.16644 0.168411 0.169049  1.48869e+07 4.40496e+06 4.80323e+06 857744 515926 125142 41819.1 96744.8 77011.1 13395.2 8587.32 10047.4 7087.4 919.056 1093.09 5788.22
705087 705087 0.00070362 0.0106759 0.113874 0.119518 0.0731118 0.0550627 0.0540463 0.0581693 0.0634919 0.0684888 0.0725998 0.0757956 0.0782398 0.0799676 0.0809426 0.0812563  1.76747e+07 1.34268e+07 1.76164e+06 2.07606e+06 640175 512429 114526 46106.3 107269 83527.8 14750.6 9748.57 11275.4 8292.14 1171.68 8642.95
4.7325e+06 4.7325e+06 0.00210439 0.0315202 0.294885 0.305075 0.197528 0.152624 0.150478 0.161491 0.175371 0.188215 0.19869 0.206813 0.213048 0.217485 0.220013 0.220834  5.62641e+07 1.40874e+07 1.09175e+07 1.22712e+06 1.63609e+06 615047 546008 115969 48323.2 109189 84393.6 15347 10357.6 12151 9234.86 11361.5
1.18564e+06 1.18564e+06 0.000639253 0.0097056 0.104227 0.109515 0.0667997 0.0502379 0.0492949 0.0530599 0.0579276 0.0625009 0.0662651 0.0691918 0.0714299 0.0730117 0.0739041 0.074191  1.82319e+07 1.48325e+07 5.43237e+06 3.34874e+06 357728 633969 284497 270915 54082.9 23237.2 51414.7 39869.2 7530.55 5228.49 6227.69 10940.7
855802 855802 0.000782636 0.0118668 0.125674 0.131837 0.0809095 0.0610123 0.0598904 0.0644402 0.0703101 0.0758176 0.0803469 0.0838678 0.0865613 0.0884662 0.0895419 0.0898882  2.67247e+06 4.9715e+06 4.07335e+06 1.3675e+06 870558 100817 182545 80822.3 75076.8 14677.7 6251.07 13888.1 10943.3 2119.91 1512.24 5097.32
356869 356869 0.000355167 0.00540416 0.0594274 0.0624429 0.0376598 0.0282172 0.0276935 0.0298477 0.0326345 0.0352572 0.0374183 0.0390985 0.0403817 0.0412869 0.0417962 0.0419596  7.4403e+06 8.90823e+06 2.34109e+06 1.43449e+06 1.03906e+06 814660 92910.2 174159 80450.2 74000.8 14414.3 6370.26 14241.8 11604.4 2395.38 7611.71
2.80797e+06 2.80797e+06 0.00147825 0.0222443 0.218296 0.225527 0.142799 0.10956 0.108123 0.116392 0.126814 0.13649 0.144399 0.150528 0.155217 0.158539 0.160421 0.161028  1.16308e+07 5.70896e+06 8.42468e+06 1.80267e+06 1.0664e+06 1.00602e+06 830623 97777.2 177159 82081.4 76432 15021.8 6831.94 15544.7 13038.7 11711.9
733985 733985 0.000606999 0.00921692 0.099125 0.104056 0.0634088 0.0476927 0.0468157 0.0504103 0.0550516 0.0594114 0.0629995 0.0657887 0.067921 0.0694274 0.0702768 0.0705498  3.46089e+07 4.15575e+06 2.12666e+06 3.39425e+06 590921 356265 462709 394852 47324.6 83053.2 38828.9 36820 7386.53 3474.65 8049.96 13239.2
588787 588787 0.0010199 0.0154158 0.158271 0.16454 0.102205 0.0776875 0.0765029 0.0823949 0.0898989 0.0969044 0.102649 0.107107 0.110515 0.112925 0.114286 0.114724  3.49081e+07 9.43719e+06 1.14154e+06 537219 883613 166419 102534 131499 109552 12867.3 22394.7 10516.7 10135.8 2085.67 1008.08 6339.61
461269 461269 0.000425845 0.00647436 0.0706086 0.0740542 0.0448169 0.0336448 0.033041 0.035614 0.0389341 0.0420551 0.0446251 0.0466226 0.0481481 0.0492243 0.0498301 0.0500244  1.04486e+07 1.27326e+07 3.55042e+06 765135 372694 903203 148599 80178.3 122976 102008 12753.3 21634.6 10489.5 10258.7 2238.97 7963.06
3.20677e+06 3.20677e+06 0.00191705 0.0282262 0.23065 0.213862 0.141654 0.115948 0.119411 0.131779 0.145579 0.157858 0.167641 0.175057 0.1806 0.184443 0.186573 0.187248  2.03923e+07 8.7532e+06 8.90485e+06 2.47529e+06 683706 366177 972267 155418 79038.1 124344 103316 13485.6 22901.6 11463.5 11526.6 11856.8
1.36756e+06 1.36756e+06 0.00135588 0.0204412 0.204216 0.212301 0.133561 0.101965 0.100394 0.107971 0.117608 0.126585 0.133937 0.139642 0.14401 0.147106 0.148859 0.149426  1.03951e+07 6.15969e+06 3.47342e+06 1.6245e+06 455115 226905 140381 419719 66032.6 32073.1 52599 44370.1 6126.72 10501.1 5434.02 11403.5
777930 777930 0.00153894 0.0231105 0.222725 0.22776 0.144965 0.111912 0.110847 0.119556 0.130388 0.140403 0.148569 0.154886 0.159709 0.16312 0.165049 0.165671  5.17005e+07 2.831e+06 1.66371e+06 730775 344867 112558 59290.3 36455.4 106084 16256.6 7783.47 12760.5 10904.9 1541.58 2712.43 4464.96
496992 496992 0.000662326 0.010052 0.107536 0.112823 0.0689126 0.0518822 0.0509322 0.0548317 0.059864 0.0645891 0.0684768 0.0714988 0.0738094 0.0754422 0.0763633 0.0766595  7.29216e+06 1.93943e+07 1.1381e+06 840223 571487 299917 123207 73834.5 41765 116812 18438.5 8700.88 14282 12450.2 1979.41 8954.34
3.15708e+06 3.15708e+06 0.0013096 0.0197125 0.194424 0.199542 0.125807 0.0966625 0.0956408 0.103187 0.112622 0.121368 0.128511 0.13404 0.13826 0.141243 0.142927 0.14347  1.98619e+07 5.65826e+06 1.35183e+07 808305 716617 578911 315062 133218 79157.3 43829.7 122078 19740.4 9386.15 15725.5 14069 12926.3
1.08031e+06 1.08031e+06 0.000999647 0.0151049 0.154697 0.160308 0.0996011 0.075824 0.0747629 0.0805912 0.0879812 0.0948718 0.100518 0.104898 0.108243 0.110606 0.11194 0.112369  1.1467e+07 5.78419e+06 2.12284e+06 3.42332e+06 253432 304716 280873 155700 66816.1 39400.6 21605.9 60614.9 10151.2 4913.27 8407.43 14883.6
743634 743634 0.00150412 0.0226533 0.223891 0.232963 0.147328 0.112618 0.110814 0.119056 0.129556 0.139335 0.14734 0.153555 0.158318 0.161697 0.163615 0.164235  3.87832e+07 3.12373e+06 1.57045e+06 475087 767432 64298 81156 74580.2 40447.3 16992.8 9918.65 5453.68 15530.6 2665.74 1325.2 6448.18
439456 439456 0.000679383 0.0103072 0.109893 0.115117 0.0703967 0.0530554 0.0521124 0.0561166 0.0612734 0.0661119 0.0700915 0.073184 0.075548 0.0772184 0.0781604 0.0784633  4.97491e+06 1.35018e+07 1.3341e+06 702792 322992 502167 65357.5 85793 73350.5 40748.6 17522.3 10354.6 5710.7 16220.3 3090.38 8885.88
3.08157e+06 3.08157e+06 0.00226202 0.0331573 0.260697 0.239842 0.160879 0.132814 0.137246 0.151594 0.167429 0.181437 0.192556 0.200965 0.207243 0.211594 0.214005 0.21477  4.79719e+06 4.17085e+06 9.37299e+06 948468 572080 314132 483774 70536.3 89585.5 74408.6 41707.4 18249.7 10959.9 6184.82 17936.7 13814.1
1.22626e+06 1.22626e+06 0.00212348 0.0318015 0.297067 0.307326 0.199117 0.153879 0.151699 0.162774 0.176737 0.189658 0.200197 0.208369 0.214643 0.219108 0.221653 0.222479  6.67277e+06 2.80857e+06 1.65811e+06 1.57635e+06 202450 176311 120554 185136 31060.2 38642.7 31643.2 18204.4 8212.46 5055.59 2923.19 15390.1
736675 736675 0.00359708 0.0532199 0.441783 0.454769 0.310084 0.244514 0.241218 0.257472 0.277748 0.296318 0.311369 0.323042 0.33206 0.338537 0.342271 0.343498  1.08195e+07 1.81531e+06 746839 293595 278506 44789.2 42397.9 28889.4 42941.8 6964.05 8480.65 6904.97 4009.94 1848.13 1166.78 4343.85
465066 465066 0.000897184 0.0135582 0.139196 0.143583 0.0889881 0.0678191 0.0669822 0.0723053 0.07902 0.0852749 0.0903981 0.0943681 0.0973964 0.0995329 0.100736 0.101123  1.02853e+07 8.1337e+06 1.22421e+06 760290 300775 278450 69059 58961 36606.9 50123.4 9163.67 10902.6 8658.23 5360.39 2603.53 7789.68
3.04262e+06 3.04262e+06 0.00242112 0.0360958 0.323543 0.330044 0.21689 0.169526 0.168015 0.180667 0.196278 0.21061 0.222244 0.23124 0.238132 0.243032 0.245822 0.246727  7.47927e+06 8.72189e+06 6.4763e+06 949538 668612 299063 285090 75873.9 62314.9 38007.8 51302 9879.92 11835 9572.64 6150.08 12284.2
1.12054e+06 1.12054e+06 0.00111758 0.0168685 0.170831 0.176809 0.110388 0.0842173 0.0830671 0.0895175 0.0976809 0.105284 0.111509 0.116337 0.120025 0.122633 0.124106 0.12458  1.43981e+07 3.41255e+06 3.58583e+06 1.85771e+06 349727 318049 151217 140821 39059.8 30777.3 18537 24936.6 5080.4 6183.29 5102.24 10190.8
736896 736896 0.00194742 0.0291398 0.270933 0.276317 0.178604 0.138781 0.137557 0.148185 0.161337 0.173453 0.183309 0.19093 0.196757 0.200886 0.203227 0.203985  2.18804e+07 3.92146e+06 924152 780306 403805 87024.8 83488.1 39604.3 36058.1 9780.9 7620.77 4598.63 6276.03 1310.09 1637.46 4157.81
293139 293139 0.000397495 0.00604737 0.0663751 0.0698341 0.0421696 0.0315901 0.0309859 0.033378 0.0364784 0.0393974 0.041803 0.0436738 0.0451032 0.0461121 0.0466801 0.0468625  7.07669e+06 1.26657e+07 1.59091e+06 781332 667107 428994 113891 101494 44857.9 37868.2 11260.2 8535.51 5260.98 7231.21 1701.85 7457.64
3.86147e+06 3.86147e+06 0.00214204 0.0319889 0.291829 0.296776 0.193311 0.150838 0.149702 0.161288 0.175542 0.188634 0.199266 0.20748 0.213761 0.218215 0.220743 0.221561  2.43761e+06 6.57554e+06 9.94458e+06 1.2021e+06 760309 687846 459853 129160 110191 47956.8 40102.6 12435.5 9471.98 6003.67 8422.7 11214.6
1.23959e+06 1.23959e+06 0.00116513 0.0176107 0.180401 0.18896 0.11775 0.0893096 0.087697 0.0942331 0.102639 0.110503 0.116958 0.121974 0.125818 0.128543 0.130086 0.130584  1.06954e+07 1.41285e+06 2.92203e+06 2.83324e+06 346838 335433 318930 218305 63798 52310.8 22576.6 18826.6 6137.48 4726.54 3079.86 10391.9
567091 567091 0.00181604 0.0272847 0.262983 0.273584 0.175026 0.13433 0.13216 0.141802 0.154071 0.165476 0.174801 0.182041 0.187598 0.191549 0.193797 0.194526  2.19721e+07 2.91437e+06 383963 654928 651634 90816.3 91436.3 85899.5 57126.9 16262.5 13152.9 5678.83 4800.1 1602.58 1267.16 3710.95
445334 445334 0.000648589 0.00984681 0.105677 0.111051 0.0677581 0.0509602 0.0499991 0.0538123 0.0587437 0.0633771 0.0671909 0.0701562 0.0724241 0.074027 0.0749314 0.0752223  1.8009e+07 9.23947e+06 1.91066e+06 433015 499409 687784 102218 107404 92305.8 59783.3 17844 14375.3 6351.84 5441.51 1997.24 6174.24
2.79707e+06 2.79707e+06 0.0020323 0.030042 0.252834 0.240781 0.158986 0.128418 0.130819 0.143314 0.157583 0.170377 0.18062 0.188426 0.1943 0.198401 0.20069 0.201421  8.8571e+06 1.34145e+07 6.74762e+06 1.52889e+06 454543 501753 711550 111413 113527 94214.4 61213.2 18973 15466.3 7041.83 6180.29 9686.11
1.0257e+06 1.0257e+06 0.00087602 0.0132409 0.136215 0.14054 0.0870279 0.0663047 0.06549 0.0707055 0.0772838 0.0834119 0.0884314 0.092321 0.0952877 0.0973805 0.0985593 0.0989379  2.55254e+07 3.95938e+06 4.65465e+06 1.4994e+06 456298 204688 208806 309514 51585.8 51600.6 41938.7 27727.9 9016.03 7513.07 3530.49 8209.26
924215 924215 0.00186364 0.0279851 0.26835 0.278867 0.178769 0.137362 0.135191 0.145058 0.157593 0.169236 0.178753 0.18614 0.191809 0.195841 0.198135 0.198879  1.81779e+07 6.95299e+06 1.07566e+06 1.05295e+06 336419 115014 54257.5 55391.6 80603.1 13187.5 13083.5 10676.9 7171.53 2391.17 2047.02 3285.07
459751 459751 0.000484742 0.00736952 0.0802721 0.0844333 0.051168 0.038381 0.0376488 0.040542 0.0442897 0.0478158 0.0507204 0.0529793 0.0547058 0.055925 0.056612 0.0568327  4.16302e+06 1.14932e+07 2.96196e+06 738556 787506 356514 159777 71661.1 58600.4 87895.8 15238.7 14836.9 11891.5 8205.6 2944.53 6680.97
4.46186e+06 4.46186e+06 0.00264504 0.0391807 0.332458 0.329625 0.219822 0.174991 0.17539 0.189757 0.206805 0.222245 0.234681 0.244234 0.251508 0.256653 0.259568 0.260511  2.5209e+07 3.49336e+06 9.30826e+06 2.14899e+06 688783 781515 377195 174312 78865.4 60402.7 90760.5 16497.5 16217.1 13162 9371.72 11483.7
1.2935e+06 1.2935e+06 0.00154746 0.0233013 0.229751 0.239267 0.151525 0.115847 0.113969 0.122415 0.13318 0.143203 0.151408 0.157779 0.162663 0.16613 0.168098 0.168735  7.52175e+06 6.55129e+06 1.41198e+06 2.53333e+06 509325 270215 330879 169536 80213.3 36609.1 26494.9 40400 7779.65 7785.16 6390.23 10526.8
767288 767288 0.0017445 0.0262411 0.255739 0.267177 0.170271 0.130262 0.127957 0.137198 0.149035 0.160061 0.169089 0.176105 0.181492 0.185325 0.187506 0.188213  2.54745e+07 2.0482e+06 1.76458e+06 287426 522480 124289 69900.5 84911.9 42223.4 19404.9 8710.24 6291.44 9708.46 1912.81 1964.45 4380.1
247209 247209 0.000471098 0.00716266 0.07809 0.0821234 0.0497442 0.03731 0.0366012 0.0394181 0.0430661 0.0464984 0.0493259 0.0515246 0.053205 0.0543915 0.0550599 0.0552746  6.0308e+06 9.40176e+06 1.01541e+06 533827 243719 638701 138874 82542 96772.8 47584.7 21990.3 10044.3 7169.53 11634.8 2551.4 8416.29
2.62733e+06 2.62733e+06 0.00210346 0.0312844 0.276184 0.273383 0.179125 0.141777 0.14221 0.154249 0.16857 0.181585 0.192091 0.200161 0.206291 0.21061 0.213046 0.21383  3.11735e+07 5.59168e+06 6.81814e+06 792833 408829 258839 686658 146721 87738.2 100374 49721.3 23301.7 10971.4 7941.3 13286.8 13152.6
1.00882e+06 1.00882e+06 0.00113157 0.0171107 0.176013 0.184574 0.114829 0.0870014 0.0853949 0.0917484 0.0999335 0.107596 0.113888 0.11878 0.122528 0.125184 0.126689 0.127175  8.91205e+06 9.11192e+06 2.56508e+06 1.58473e+06 226369 124429 117874 315124 66236.3 40053.5 45309.7 22837.1 10942 5346.31 3928.23 13606
871642 871642 0.00154933 0.0233463 0.231619 0.242409 0.153292 0.116869 0.114735 0.123073 0.133786 0.143785 0.151982 0.158353 0.163243 0.166718 0.168693 0.169333  5.90144e+06 2.42863e+06 2.47879e+06 580972 369241 59813.2 34146.6 31933.1 82924.3 16979.4 10129.3 11464.5 5857.71 2874.51 1442.09 4859.8
174538 174538 0.000302528 0.00460641 0.0510137 0.0537132 0.0323031 0.0241584 0.0236913 0.0255269 0.0279091 0.0301538 0.0320047 0.0334443 0.034544 0.0353198 0.0357562 0.0358962  7.30345e+06 7.19013e+06 950288 1.02949e+06 580142 346453 76686.7 36057.4 34402.1 86368.3 17993.6 11080.9 12679 6732.28 3394.19 7733.82
2.44688e+06 2.44688e+06 0.00199665 0.0298948 0.279186 0.286557 0.185231 0.143547 0.141965 0.152708 0.166102 0.178463 0.18853 0.196323 0.202291 0.206527 0.208934 0.209714  4.10919e+06 6.07875e+06 6.07343e+06 702643 861722 629916 375692 86627.3 38772.8 36489.3 89836.2 19068.1 12087.8 14119 7747.58 13202.1
543010 543010 0.000625918 0.00950517 0.102289 0.107562 0.0655564 0.0492722 0.0483323 0.0520164 0.0567852 0.0612676 0.0649579 0.0678276 0.0700223 0.0715735 0.0724487 0.0727301  2.74913e+06 1.72922e+06 2.47656e+06 1.94568e+06 193550 312420 307545 181294 43069.4 18408.1 17075.9 41580.9 9070.74 5956.07 7105.94 10892.7
488646 488646 0.00164052 0.0247 0.242996 0.254091 0.161268 0.123154 0.120941 0.129708 0.140954 0.151441 0.160032 0.166708 0.171834 0.175479 0.177551 0.178223  4.27718e+07 749674 475126 626642 509266 54820.7 90287.3 87631.3 50376 11718.9 4964.67 4624.39 11442.7 2560.12 1727.16 5356.31
257902 257902 0.000484957 0.00737271 0.0802982 0.0844549 0.0511825 0.0383928 0.0376605 0.0405544 0.044303 0.0478298 0.0507352 0.0529946 0.0547215 0.055941 0.0566281 0.0568488  1.0867e+07 1.42609e+07 638878 421020 521838 514736 56021.7 82750.6 87702.4 49215.6 12670.5 5383.24 4774.15 11704 2804.64 7975.98
1.58283e+06 1.58283e+06 0.000811829 0.0122957 0.128893 0.134389 0.0827348 0.062624 0.0616164 0.0663853 0.0724844 0.0781915 0.0828779 0.0865165 0.0892969 0.0912613 0.0923696 0.092726  3.66906e+07 8.6613e+06 9.66755e+06 565466 399616 524287 530404 60776.5 83529.1 90382.9 50662.5 13567.4 5864.4 5247.43 13036 12521.9
831451 831451 0.000655787 0.00995087 0.106285 0.111326 0.0680183 0.0512523 0.050347 0.0542254 0.0592186 0.0639038 0.0677573 0.0707517 0.0730403 0.0746571 0.0755687 0.0758617  2.35191e+06 1.05854e+07 3.42187e+06 2.64419e+06 249695 198842 264151 267270 32025.1 41101 45685.4 25909.6 7285.42 3232.86 2923.55 14509.9
662209 662209 0.000876351 0.0132802 0.139743 0.146747 0.0903578 0.0681782 0.0668893 0.0719186 0.0784171 0.0845143 0.0895282 0.0934268 0.0964112 0.0985238 0.099718 0.100103  4.39209e+07 641225 2.90289e+06 849939 673601 69230.7 56564.5 74317 73444.9 8624.07 10974.6 12250.9 7060.58 2036.23 928.366 5147.41
405010 405010 0.000582039 0.00883903 0.095202 0.0998909 0.0608191 0.0457387 0.0449024 0.0483569 0.0528164 0.0570057 0.0604538 0.0631341 0.0651827 0.0666296 0.0674453 0.0677074  1.97443e+07 1.60544e+07 394978 1.35148e+06 701718 413294 73325.4 61691.2 74361 71426.2 9260.03 10799.3 12261 7349.21 2351.34 6852.62
2.76307e+06 2.76307e+06 0.00138312 0.020666 0.191352 0.188101 0.120442 0.094831 0.0953934 0.103943 0.114096 0.123352 0.130838 0.136584 0.140931 0.143977 0.145682 0.146226  7.49414e+06 1.34588e+07 1.12026e+07 325932 1.06197e+06 677239 378940 77764.2 63879.5 74429.1 71004 9754.95 11167.8 13063.8 8091.04 10550
935381 935381 0.000735247 0.0111521 0.118556 0.12436 0.0761829 0.0574176 0.0563689 0.0606685 0.0662143 0.0714186 0.075699 0.0790262 0.0815709 0.08337 0.0843855 0.0847122  2.3656e+07 3.54815e+06 4.13292e+06 2.57855e+06 112355 368054 295443 154420 37014.8 30061.3 34314.3 32973.2 4858.68 5505.97 6635.75 9846.1
755772 755772 0.00139862 0.0210888 0.210836 0.219897 0.13842 0.105531 0.103757 0.111465 0.12132 0.130514 0.138048 0.143899 0.148383 0.151564 0.153368 0.153951  4.76973e+07 6.44942e+06 972163 1.01496e+06 651602 31082.5 104521 82868.3 42240.1 9908.67 7970.77 9130.57 8911.78 1346.47 1567.53 4815.04
311911 311911 0.000289659 0.00441081 0.0488915 0.0514713 0.0309405 0.0231376 0.0226922 0.0244532 0.0267379 0.0288908 0.030666 0.0320466 0.0331012 0.033845 0.0342635 0.0343977  1.35037e+07 1.77003e+07 3.055e+06 843033 568366 479046 38773.1 107441 86145.6 39955.2 10462.7 8455.32 9551.24 9489.57 1611.31 7346.12
3.85636e+06 3.85636e+06 0.0014528 0.0218663 0.215087 0.222262 0.140589 0.107815 0.106389 0.11453 0.124795 0.134328 0.142121 0.148161 0.152782 0.156055 0.157908 0.158507  4.00544e+07 1.09784e+07 1.27719e+07 2.44637e+06 812903 536113 473513 43689.6 111350 89187.6 40848.6 11289.4 9259.87 10626.5 10834.8 10686.6
765529 765529 0.000444313 0.00675596 0.0737388 0.0774796 0.0468954 0.0351785 0.0345231 0.037193 0.0406464 0.0438947 0.0465704 0.0486507 0.0502401 0.051362 0.0519938 0.0521966  3.93775e+07 1.18819e+07 4.36663e+06 3.47347e+06 848113 371758 236573 215982 22405.6 52938.4 42582.6 19457.4 5703.29 4786.99 5580.54 11656.8
941005 941005 0.000915047 0.0138527 0.14441 0.150914 0.0932089 0.0705528 0.0693455 0.0746315 0.0814141 0.0877636 0.0929784 0.0970293 0.100128 0.10232 0.103558 0.103957  2.19034e+07 1.07398e+07 3.27436e+06 1.14322e+06 938900 244286 108795 68330.7 60975.7 6208.85 14569.9 11785.5 5477.47 1647.57 1421.18 5255.26
189971 189971 0.000137076 0.00208997 0.023485 0.0247397 0.014777 0.0110248 0.010812 0.0116583 0.0127573 0.013794 0.0146494 0.0153148 0.0158227 0.0161806 0.0163817 0.0164461  1.43849e+07 9.98342e+06 4.26779e+06 1.59199e+06 957620 646025 241542 112158 63872 55963.4 6497.47 14271.9 11693.3 5593.16 1828.49 7418.53
2.95094e+06 2.95094e+06 0.0014024 0.0211125 0.208229 0.214946 0.135751 0.104101 0.102772 0.110691 0.120662 0.129921 0.137489 0.143354 0.147838 0.151013 0.152809 0.153389  5.71425e+06 1.22422e+07 7.58823e+06 3.18719e+06 1.38363e+06 950266 638180 258221 117551 64927.3 57013.9 7086.36 15382.3 12962.1 6387.92 11038.8
820143 820143 0.000553807 0.00841443 0.0910659 0.0957362 0.0581883 0.0437008 0.0428758 0.046164 0.0504187 0.0544188 0.0577126 0.0602738 0.0622318 0.0636149 0.0643947 0.0646453  3.9044e+06 1.60827e+06 5.11788e+06 2.26291e+06 911996 529965 426386 281267 123130 55079.7 29793.1 26413.5 3532.21 7647.49 6623 9250.87
434259 434259 0.00102157 0.0154617 0.160591 0.16849 0.104362 0.0789354 0.0774663 0.0832587 0.0907292 0.0977291 0.103481 0.107952 0.111376 0.113803 0.115175 0.115618  5.55623e+06 1.06478e+06 442420 1.31285e+06 600094 260110 153964 122189 78678.9 33760.7 14981.6 8142.09 7338.01 1006.65 2239.5 4769.81
197300 197300 0.000419492 0.00638055 0.0698643 0.0734732 0.0444133 0.0332899 0.0326599 0.0351829 0.0384503 0.0415252 0.0440588 0.0460289 0.0475342 0.0485967 0.049195 0.049387  4.50815e+06 2.79015e+06 1.02322e+06 198085 1.16711e+06 501259 223073 143190 118329 69456.7 32574.8 14689.7 8023.89 7365.76 1138.75 7669.84
883348 883348 0.00117694 0.0177691 0.180202 0.187411 0.117098 0.0891753 0.0878024 0.0944988 0.103024 0.110975 0.117491 0.122548 0.126416 0.129155 0.130705 0.131204  1.78722e+07 3.70702e+06 2.23945e+06 855592 170293 1.14078e+06 503288 223093 143195 118002 69137.8 33763.2 15522.6 8661.64 8168.07 10241.6
788001 788001 0.00110933 0.0167709 0.172248 0.180148 0.112074 0.0850142 0.0835316 0.0898125 0.0978732 0.105412 0.111599 0.116406 0.120086 0.122694 0.124169 0.124646  2.43405e+07 1.28081e+07 1.51414e+06 780653 339895 75033.1 548080 242528 106426 68327 56626.9 33418.9 17131 8095.6 4620.41 10163.6
1.02384e+06 1.02384e+06 0.00138929 0.0209608 0.210681 0.220528 0.138619 0.105467 0.103557 0.111167 0.120946 0.130081 0.137574 0.143397 0.147863 0.151033 0.152832 0.153414  3.15921e+06 6.63246e+06 3.48234e+06 341538 180078 88931.8 20443.6 147750 63608.1 27220.1 17252.4 14312.1 8564.65 4497.2 2182.27 4092
657158 657158 0.000557443 0.00846956 0.0916454 0.096354 0.0585693 0.0439844 0.043149 0.046453 0.0507301 0.0547519 0.0580637 0.0606391 0.0626081 0.063999 0.0647832 0.0650353  1.06632e+07 5.87335e+06 3.06311e+06 2.85727e+06 296248 170340 95900.4 21127.4 145059 60264 26577.4 17002.6 14452.5 8793.63 4899.79 7050.94
1.78227e+06 1.78227e+06 0.00106964 0.0161837 0.167486 0.175768 0.109065 0.0825366 0.0809961 0.0870345 0.0948218 0.102116 0.108109 0.112768 0.116337 0.118866 0.120298 0.12076  7.09175e+06 8.88042e+06 5.06396e+06 2.2357e+06 2.82667e+06 302520 180238 98758.4 22479.2 145222 60879.6 27373.4 17849.5 15606.4 9795.73 13848.6
642448 642448 0.000515421 0.00783393 0.0850974 0.0894966 0.054307 0.040759 0.0399882 0.043062 0.0470402 0.0507814 0.0538626 0.0562584 0.0580898 0.0593832 0.0601122 0.0603464  2.99574e+06 3.61212e+06 3.65527e+06 1.96925e+06 803889 1.47382e+06 157194 93833.7 49716.5 11703.2 71929.3 30732.3 14233.7 9532.95 8579.45 13469.7
449747 449747 0.000993103 0.0150339 0.156496 0.164181 0.101584 0.0768097 0.0753843 0.0810333 0.0883183 0.0951452 0.100755 0.105116 0.108456 0.110821 0.112159 0.112591  1.07059e+07 817027 994473 946099 527340 230682 430175 45255.2 26379.2 13706 3201.89 19778.3 8592.03 4082.69 2809.84 6670.2
