 1 -7.20088
 2 -7.15549
 3 -6.62205
 4 -7.64323
 5 -7.19803
 6 -7.9483
 7 -6.97796
 8 -6.568
 9 -6.94836
 10 -6.46978
 11 -4.61247
 12 -7.56022
 13 -6.66474
 14 -6.39081
 15 -6.41991
 16 -5.81905
 17 -7.51366
 18 -6.641
 19 -6.45411
 20 -6.66082
 21 -6.3731
 22 -5.83618
 23 -7.35335
 24 -7.57091
 25 -7.60866
 26 -7.54428
 27 -7.97679
 28 -7.00936
 29 -6.84505
 30 -6.38252
 31 -6.72084
 32 -6.81352
 33 -6.58019
 34 -6.50685
 35 -7.20121
 36 -6.80698
 37 -6.41033
 38 -6.25729
 39 -6.72385
 40 -6.86839
 41 -6.97323
 42 -6.51788
 43 -7.2849
 44 -5.95646
 45 -7.90029
 46 -5.94817
 47 -6.61454
 48 -7.56243
 49 -6.53984
 50 -5.88929
 51 -5.74545
 52 -6.96622
 53 -6.07031
 54 -6.40886
 55 -7.13139
 56 -6.45276
 57 -7.16277
 58 -7.27892
 59 -7.04465
 60 -8.01285
 61 -6.48984
 62 -6.43602
 63 -5.79262
 64 -6.31343
 65 -6.47601
 66 -5.09802
 67 -5.08791
 68 -6.13174
 69 -5.68411
 70 -6.31639
 71 -7.37119
 72 -6.24749
 73 -5.80635
 74 -6.59525
 75 -5.74707
 76 -6.07203
 77 -6.70514
 78 -5.75723
 79 -6.08346
 80 -5.58555
 81 -5.44678
 82 -5.77654
 83 -6.09858
 84 -5.95638
 85 -5.2888
 86 -6.93643
 87 -5.5926
 88 -6.19821
 89 -6.06163
 90 -5.85018
 91 -5.92745
 92 -5.32027
 93 -6.10129
 94 -6.03731
 95 -6.38198
 96 -6.11584
 97 -5.66549
 98 -5.04877
 99 -6.35107
 100 -6.77809
 101 -6.54902
 102 -7.03221
 103 -6.84074
 104 -4.90576
 105 -6.47195
 106 -6.47104
 107 -6.37427
 108 -6.1205
 109 -5.86066
 110 -7.05481
 111 -5.41963
 112 -5.89913
 113 -6.2895
 114 -6.74427
 115 -6.16167
 116 -6.08332
 117 -6.01436
 118 -6.86338
 119 -6.84381
 120 -6.35663
 121 -5.96805
 122 -6.58587
 123 -6.61364
 124 -7.12016
 125 -6.28645
 126 -6.28639
 127 -7.13959
 128 -7.66397
 129 -6.34758
 130 -7.19798
 131 -7.1753
 132 -6.61739
 133 -5.90587
 134 -6.38171
 135 -7.19311
 136 -6.15108
 137 -5.72514
 138 -5.93772
 139 -6.35206
 140 -6.94976
 141 -5.70804
 142 -6.06444
 143 -6.9575
 144 -5.44748
 145 -6.10853
 146 -6.12956
 147 -6.81351
 148 -5.68826
 149 -6.19197
