 1 -3.07572
 2 -2.8502
 3 -2.79609
 4 -3.13416
 5 -2.65248
 6 -2.42048
 7 -2.56354
 8 -2.72585
 9 -2.55047
 10 -2.32731
 11 -3.06924
 12 -2.85681
 13 -3.41398
 14 -3.52899
 15 -3.10813
 16 -3.34649
 17 -4.24949
 18 -3.91924
 19 -4.25548
 20 -4.72891
 21 -3.9756
 22 -3.70524
 23 -5.74728
 24 -4.12491
 25 -4.05973
 26 -7.35455
 27 -8.48589
 28 -5.3329
 29 -3.20958
 30 -4.15924
 31 -6.11186
 32 -5.32701
 33 -3.53272
 34 -3.02313
 35 -3.21011
 36 -3.36947
 37 -3.80928
 38 -3.50996
 39 -3.6247
 40 -3.7155
 41 -4.00971
 42 -3.70103
 43 -4.02644
 44 -4.25338
 45 -4.11549
 46 -3.55646
 47 -3.48254
 48 -3.53582
 49 -3.56744
 50 -3.11165
 51 -3.21
 52 -3.58317
 53 -3.80966
 54 -2.84713
 55 -2.61288
 56 -3.48295
 57 -3.10848
 58 -2.76465
 59 -2.52676
 60 -3.2921
 61 -3.13759
 62 -2.40257
 63 -2.32683
 64 -3.06351
 65 -2.84592
 66 -2.49907
 67 -2.95176
 68 -2.82568
 69 -2.78888
 70 -2.71361
 71 -3.42129
 72 -4.2654
 73 -4.81369
 74 -3.93808
 75 -3.60104
 76 -3.47782
 77 -4.00265
 78 -4.11169
 79 -3.50939
 80 -4.00085
 81 -3.494
 82 -2.27104
 83 -2.33346
 84 -2.75271
 85 -3.52242
 86 -3.14269
 87 -3.79864
 88 -3.56416
 89 -3.90523
 90 -3.29854
 91 -3.41349
 92 -3.31823
 93 -3.34748
 94 -3.28426
 95 -3.05362
 96 -3.10574
 97 -3.42633
 98 -2.72928
 99 -2.65231
 100 -3.38537
 101 -3.39898
 102 -3.22151
 103 -2.82317
 104 -3.96675
 105 -3.39163
 106 -2.49833
 107 -4.14031
 108 -3.04266
 109 -3.00983
 110 -3.93731
 111 -3.62192
 112 -4.75005
 113 -3.2777
 114 -3.07103
 115 -3.14527
 116 -4.50218
 117 -3.4609
 118 -3.27004
 119 -3.94932
 120 -3.5666
 121 -3.71281
 122 -3.47067
 123 -3.62257
 124 -3.91973
 125 -3.30603
 126 -3.06103
 127 -2.69937
 128 -3.74632
 129 -4.12897
 130 -4.0129
 131 -5.29139
 132 -3.84639
 133 -3.99534
 134 -3.46728
 135 -2.49408
 136 -4.40384
 137 -3.97588
 138 -3.37379
 139 -3.57313
 140 -3.7499
 141 -3.56501
 142 -4.17911
 143 -3.7065
 144 -3.79745
 145 -3.84347
 146 -3.57512
 147 -4.50271
 148 -4.91912
 149 -4.04364
 150 -3.45198
 151 -3.89525
 152 -4.47569
 153 -3.93494
 154 -3.30862
 155 -3.14625
 156 -4.34431
 157 -4.13915
 158 -4.02199
 159 -5.54271
 160 -3.97076
 161 -3.99935
 162 -3.21509
 163 -3.55853
 164 -3.88933
 165 -3.8927
 166 -3.38466
 167 -4.59636
 168 -3.91841
 169 -3.88069
 170 -3.40044
 171 -3.7878
 172 -3.45803
 173 -3.63918
 174 -3.46405
 175 -3.62102
 176 -3.7996
 177 -3.79706
 178 -3.30379
 179 -3.33967
 180 -3.85062
 181 -3.8077
 182 -3.37434
 183 -3.37978
 184 -3.67929
 185 -3.46985
 186 -2.9
 187 -2.92901
 188 -3.35611
 189 -3.63119
 190 -3.44241
 191 -3.29181
 192 -4.89238
 193 -3.40307
 194 -3.10964
 195 -3.00677
 196 -3.24191
 197 -3.5514
 198 -3.26054
 199 -3.05672
 200 -3.2308
