 1 -4.7554
 2 -3.88085
 3 -3.23303
 4 -3.28299
 5 -2.91118
 6 -3.38519
 7 -3.0875
 8 -2.4221
 9 -3.61875
 10 -3.14056
 11 -3.03156
 12 -2.68658
 13 -3.61932
 14 -2.98301
 15 -2.55369
 16 -2.44384
 17 -3.34685
 18 -3.05596
 19 -2.73785
 20 -2.93829
 21 -2.60138
 22 -2.23151
 23 -2.22383
 24 -1.96406
 25 -1.83902
 26 -2.42104
 27 -2.18175
 28 -1.91314
 29 -2.03437
 30 -2.12093
 31 -2.21972
 32 -2.04629
 33 -2.80201
 34 -2.14941
 35 -2.33265
 36 -2.05823
 37 -2.13498
 38 -2.67817
 39 -2.46247
 40 -2.05348
 41 -2.64354
 42 -2.23875
 43 -1.96608
 44 -2.02592
 45 -2.92867
 46 -1.96932
 47 -2.69496
 48 -2.3259
 49 -2.88066
 50 -2.19117
 51 -2.12909
 52 -2.16769
 53 -1.90738
 54 -2.02302
 55 -2.16303
 56 -2.16612
 57 -2.3813
 58 -2.26592
 59 -2.34344
 60 -2.41291
 61 -3.32941
 62 -2.45314
 63 -2.33055
 64 -2.38128
 65 -3.22038
 66 -2.60459
 67 -2.49729
 68 -2.83315
 69 -2.45766
 70 -2.66236
 71 -1.92959
 72 -2.24029
 73 -2.21276
 74 -2.27646
 75 -2.01637
 76 -2.33279
 77 -2.11532
 78 -1.87381
 79 -2.02312
 80 -1.72952
 81 -2.22812
 82 -2.09174
 83 -2.27928
 84 -2.11864
 85 -2.31192
 86 -1.87565
 87 -1.77925
 88 -1.91554
 89 -2.82545
 90 -1.85867
 91 -1.90604
 92 -2.03483
 93 -0.0880377
 94 -1.88012
 95 -1.86121
 96 -1.68353
 97 -1.15397
 98 -1.88708
 99 -1.76131
 100 -1.54573
 101 -0.877613
 102 -2.23699
 103 -2.18304
 104 -1.54068
 105 -1.27179
 106 -2.32035
 107 -1.75015
 108 -1.4925
 109 -1.53363
 110 -1.86853
 111 -1.42295
 112 -1.61436
 113 -1.23327
 114 -1.88843
 115 -1.87095
 116 -1.25557
 117 -1.51425
 118 -1.82907
 119 -1.88731
 120 -2.01863
 121 -1.14252
 122 -2.01979
 123 -1.80498
 124 -1.85489
 125 -0.510551
 126 -1.42291
 127 -1.50938
 128 -1.15449
 129 -1.26094
 130 -2.03036
 131 -1.46447
 132 -1.70676
 133 -1.37243
 134 -1.82705
 135 -1.93568
 136 -1.65364
 137 -1.58915
 138 -2.1925
 139 -1.74306
 140 -1.44577
 141 -1.99849
 142 -2.1826
 143 -1.41009
 144 -1.27799
 145 -1.34343
 146 -1.85005
 147 -1.57782
 148 -0.934272
 149 -1.30502
 150 -1.78837
 151 -1.32011
 152 -0.769809
 153 -1.31746
 154 -1.63147
 155 -1.5311
 156 -0.698992
 157 -1.9119
 158 -1.71337
 159 -1.82405
 160 -1.47974
 161 -1.68342
 162 -1.84946
 163 -1.72931
 164 -1.29587
 165 -1.55581
 166 -1.43344
 167 -1.24937
 168 -1.62351
 169 -1.94139
 170 -1.80342
 171 -1.50794
 172 -1.17656
 173 -1.57135
 174 -1.47875
 175 -1.83638
 176 -1.44464
 177 -1.64058
 178 -2.33433
 179 -1.88504
 180 -2.03021
 181 -1.92618
 182 -1.99034
 183 -1.82284
 184 -2.02
 185 -2.55292
 186 -2.06175
 187 -2.11003
 188 -2.02916
 189 -3.21261
 190 -2.49029
 191 -2.16133
 192 -2.093
 193 -2.34184
 194 -2.04157
 195 -1.54303
 196 -1.40743
 197 -1.81107
 198 -2.05369
 199 -1.78219
 200 -0.458886
