 1 -5.07162
 2 -4.43362
 3 -4.55793
 4 -4.51081
 5 -5.46506
 6 -4.23018
 7 -3.7537
 8 -4.18303
 9 -3.85234
 10 -3.88648
 11 -4.04717
 12 -4.20649
 13 -3.83069
 14 -2.78058
 15 -3.5602
 16 -3.62041
 17 -4.14352
 18 -3.93424
 19 -5.07434
 20 -3.9362
 21 -3.86809
 22 -3.3119
 23 -3.09972
 24 -3.34821
 25 -3.37493
 26 -3.33522
 27 -3.44869
 28 -2.56962
 29 -3.48083
 30 -3.94348
 31 -3.63126
 32 -3.25848
 33 -3.71501
 34 -3.87375
 35 -4.50938
 36 -3.48185
 37 -3.56252
 38 -4.04365
 39 -3.73721
 40 -3.66835
 41 -3.78572
 42 -4.20532
 43 -3.61118
 44 -3.3072
 45 -4.04439
 46 -3.60545
 47 -3.57646
 48 -3.83533
 49 -4.13195
 50 -4.51555
 51 -3.90462
 52 -3.32416
 53 -3.24656
 54 -3.3575
 55 -3.67862
 56 -3.87874
 57 -4.03738
 58 -4.06753
 59 -3.75652
 60 -3.87
 61 -3.57043
 62 -4.11052
 63 -3.641
 64 -3.58101
 65 -3.93521
 66 -4.23052
 67 -4.0859
 68 -4.07267
 69 -3.75351
 70 -3.82398
 71 -3.57616
 72 -3.6091
 73 -3.63202
 74 -3.80473
 75 -3.71797
 76 -3.5815
 77 -3.79352
 78 -3.6819
 79 -3.6766
 80 -3.98419
 81 -3.61331
 82 -3.78499
 83 -3.46163
 84 -3.70819
 85 -3.64846
 86 -3.80644
 87 -3.68644
 88 -3.96325
 89 -3.87556
 90 -4.18908
 91 -4.21014
 92 -3.79273
 93 -3.69475
 94 -3.97591
 95 -3.689
 96 -3.89479
 97 -3.50639
 98 -3.65415
 99 -3.17315
 100 -3.10661
 101 -3.3403
 102 -3.41297
 103 -3.52515
 104 -4.08929
 105 -3.74494
 106 -3.09457
 107 -3.54972
 108 -3.66919
 109 -3.46805
 110 -3.80302
 111 -3.89265
 112 -4.04254
 113 -3.93851
 114 -3.56592
 115 -3.61402
 116 -3.56884
 117 -3.32788
 118 -3.11435
 119 -3.48272
 120 -3.32695
 121 -3.73195
 122 -3.9608
 123 -4.02825
 124 -3.27183
 125 -3.66235
 126 -3.53252
 127 -3.46914
 128 -3.49681
 129 -3.34159
 130 -3.51339
 131 -3.86394
 132 -3.69461
 133 -3.72334
 134 -3.64565
 135 -3.80291
 136 -3.57659
 137 -3.90555
 138 -4.26611
 139 -3.89752
 140 -3.75909
 141 -3.73317
 142 -3.5265
 143 -3.60839
 144 -3.95353
 145 -3.91386
 146 -3.79299
 147 -3.64381
 148 -3.26583
 149 -3.57429
 150 -3.39794
 151 -3.31624
 152 -3.35262
 153 -3.36388
 154 -3.70976
 155 -3.50384
 156 -3.62712
 157 -3.46954
 158 -3.59918
 159 -3.28531
 160 -3.69289
 161 -3.86487
 162 -2.94053
 163 -3.34534
 164 -3.16008
 165 -3.13624
 166 -3.6272
 167 -3.51142
 168 -3.08683
