 1 -4.94738
 2 -4.6636
 3 -4.87772
 4 -4.70057
 5 -5.33099
 6 -4.69184
 7 -4.28544
 8 -4.06013
 9 -3.72389
 10 -4.01536
 11 -4.25268
 12 -4.27168
 13 -4.46523
 14 -4.27246
 15 -4.29815
 16 -4.82744
 17 -4.87056
 18 -4.39422
 19 -4.411
 20 -4.45363
 21 -5.19646
 22 -4.85536
 23 -4.49476
 24 -4.97152
 25 -5.1387
 26 -4.74865
 27 -4.37997
 28 -4.20563
 29 -4.38019
 30 -4.18251
 31 -4.12767
 32 -4.21187
 33 -4.71031
 34 -4.62779
 35 -4.14997
 36 -3.97269
 37 -4.08355
 38 -3.74368
 39 -3.66794
 40 -4.03423
 41 -4.4932
 42 -4.48609
 43 -4.60819
 44 -4.53715
 45 -4.9716
 46 -4.74214
 47 -4.59531
 48 -4.08281
 49 -4.06445
 50 -4.16971
 51 -4.39474
 52 -4.47536
 53 -4.83075
 54 -4.736
 55 -4.53501
 56 -4.34431
 57 -4.31527
 58 -4.40204
 59 -4.28905
 60 -4.17233
 61 -4.5906
 62 -4.60175
 63 -4.94873
 64 -5.57681
 65 -5.20753
 66 -5.31931
 67 -4.83704
 68 -4.86972
 69 -4.86531
 70 -4.58437
 71 -4.10237
 72 -4.65042
 73 -5.19662
 74 -4.98462
 75 -4.78139
 76 -5.05808
 77 -4.4795
 78 -4.19757
 79 -3.87466
 80 -3.72787
 81 -5.05021
 82 -4.27133
 83 -3.80963
 84 -4.73836
 85 -4.99386
 86 -4.49976
 87 -4.60781
 88 -5.32281
 89 -4.55664
 90 -4.53966
 91 -4.80297
 92 -5.09779
 93 -4.72098
 94 -4.4327
 95 -4.47818
 96 -4.72937
 97 -5.91854
 98 -5.09497
 99 -4.4765
 100 -4.59775
 101 -4.64738
 102 -4.26876
 103 -4.33049
 104 -4.10779
 105 -4.98635
 106 -4.58315
 107 -4.73947
 108 -4.53329
 109 -4.77553
 110 -4.48739
 111 -4.69873
 112 -5.22392
 113 -5.25329
 114 -5.11888
 115 -3.64911
 116 -4.00702
 117 -3.20581
 118 -4.70861
 119 -4.76307
 120 -4.59257
 121 -4.63328
 122 -4.70615
 123 -4.32971
 124 -4.17504
 125 -4.39238
 126 -4.59654
 127 -4.58164
 128 -4.65672
 129 -4.19732
 130 -4.59078
 131 -5.17092
 132 -5.10415
 133 -4.96328
 134 -4.8894
 135 -5.81555
 136 -4.67122
 137 -4.43193
 138 -4.51673
 139 -5.8044
 140 -5.26899
 141 -5.07671
 142 -5.25089
 143 -6.10664
 144 -5.41838
 145 -5.05845
 146 -5.05613
 147 -3.85777
 148 -5.05021
 149 -4.79379
 150 -4.39739
 151 -4.99876
 152 -5.55614
 153 -4.41381
 154 -4.12492
 155 -4.1466
 156 -4.99764
 157 -4.69062
 158 -4.4604
 159 -4.90394
 160 -4.9472
 161 -4.9657
 162 -4.95942
 163 -3.91868
 164 -5.88993
 165 -5.05705
 166 -5.55564
 167 -6.00685
 168 -5.25238
 169 -4.56744
 170 -5.16284
 171 -6.01329
 172 -5.62075
 173 -4.80484
 174 -5.65869
 175 -6.21107
 176 -5.52594
 177 -4.8503
 178 -5.16813
 179 -5.80832
 180 -4.64602
 181 -4.53945
 182 -5.07368
 183 -5.12884
 184 -4.74585
 185 -4.4905
