 1 -3.30399
 2 -3.30239
 3 -3.36154
 4 -3.35043
 5 -3.27347
 6 -3.34007
 7 -3.40196
 8 -3.31833
 9 -3.18227
 10 -3.23189
 11 -3.3383
 12 -3.28079
 13 -3.14765
 14 -3.22278
 15 -3.26031
 16 -3.12191
 17 -2.88055
 18 -2.93943
 19 -3.05815
 20 -3.02549
 21 -2.84075
 22 -2.87765
 23 -2.92234
 24 -2.89234
 25 -2.83462
 26 -2.85212
 27 -2.82815
 28 -2.79215
 29 -2.7568
 30 -2.83993
 31 -3.02768
 32 -3.07964
 33 -2.98785
 34 -3.01627
 35 -3.06692
 36 -2.9968
 37 -2.84329
 38 -2.96082
 39 -2.99283
 40 -2.80388
 41 -2.54325
 42 -2.68617
 43 -2.78598
 44 -2.71621
 45 -2.78516
 46 -2.70318
 47 -2.74459
 48 -2.78684
 49 -2.83739
 50 -2.84162
 51 -3.01685
 52 -3.0057
 53 -2.65316
 54 -2.64666
 55 -2.81119
 56 -2.97172
 57 -2.83299
 58 -2.76248
 59 -2.53299
 60 -2.23667
 61 -2.15176
 62 -2.39662
 63 -2.50213
 64 -2.74671
 65 -2.41757
 66 -2.18694
 67 -2.09565
 68 -2.26545
