 1 -4.23657
 2 -4.20293
 3 -4.21102
 4 -4.20754
 5 -4.21449
 6 -4.29913
 7 -4.34619
 8 -4.2902
 9 -4.1584
 10 -4.19446
 11 -4.21778
 12 -4.23815
 13 -4.12875
 14 -4.20528
 15 -4.25762
 16 -4.11435
 17 -4.30197
 18 -4.41017
 19 -4.50274
 20 -4.51605
 21 -4.39477
 22 -4.33543
 23 -4.36779
 24 -4.29233
 25 -4.52091
 26 -4.56866
 27 -4.54429
 28 -4.53228
 29 -3.99263
 30 -4.03787
 31 -4.20252
 32 -4.31501
 33 -4.28668
 34 -4.31413
 35 -4.28836
 36 -4.23808
 37 -3.85481
 38 -4.03552
 39 -4.08489
 40 -3.94183
 41 -4.14217
 42 -3.99145
 43 -3.92088
 44 -4.06791
 45 -4.04227
 46 -3.88354
 47 -3.94692
 48 -4.08031
 49 -4.0447
 50 -3.88933
 51 -3.96543
 52 -4.21195
 53 -4.20329
 54 -4.15771
 55 -3.82393
 56 -3.63361
 57 -3.30319
 58 -3.59334
 59 -3.74699
 60 -4.09573
 61 -3.90509
 62 -3.53231
 63 -3.2887
 64 -3.53541
