 1 -6.23933
 2 -6.55688
 3 -6.20362
 4 -6.95709
 5 -6.38743
 6 -6.21466
 7 -7.10741
 8 -6.90091
 9 -6.38665
 10 -6.7553
 11 -6.37958
 12 -6.35458
 13 -6.22579
 14 -5.58154
 15 -5.80929
 16 -6.07052
 17 -6.17607
 18 -6.12465
 19 -5.64175
 20 -5.94521
 21 -6.10238
 22 -6.00325
 23 -5.52529
 24 -5.9791
 25 -6.33267
 26 -6.88198
 27 -5.60072
 28 -5.61744
 29 -5.63497
 30 -6.03573
 31 -6.18939
 32 -6.18574
 33 -6.36588
 34 -6.94592
 35 -6.27579
 36 -6.8729
 37 -7.01714
 38 -5.82288
 39 -6.00996
 40 -5.89381
 41 -6.62602
 42 -6.11524
 43 -6.31525
 44 -7.10022
 45 -6.50653
 46 -5.94868
 47 -5.96403
 48 -6.02061
 49 -6.14228
 50 -5.78021
 51 -5.78623
 52 -5.86317
 53 -5.82439
 54 -5.13721
 55 -5.36249
 56 -5.50833
 57 -6.37995
 58 -4.99917
 59 -5.34958
 60 -5.53754
 61 -5.87639
 62 -6.41259
 63 -6.08473
 64 -5.97564
 65 -6.52828
 66 -6.59217
 67 -6.81109
 68 -5.39875
 69 -5.60723
 70 -5.60248
 71 -5.98748
 72 -6.26758
 73 -5.91423
 74 -5.5
 75 -4.70198
 76 -4.46045
 77 -5.32722
 78 -5.19097
 79 -5.67562
 80 -6.03232
 81 -6.01936
 82 -5.65886
 83 -5.83449
 84 -5.99656
 85 -6.86391
 86 -5.6565
 87 -5.88529
 88 -6.01802
 89 -6.14662
 90 -5.37238
 91 -5.10326
 92 -6.06678
 93 -6.07468
 94 -5.67586
 95 -6.0521
 96 -6.06641
 97 -6.22446
 98 -5.27894
 99 -7.46844
 100 -7.59643
 101 -6.02999
 102 -5.8854
 103 -6.37932
 104 -6.15198
 105 -6.31431
 106 -6.5147
 107 -6.48085
 108 -6.63546
 109 -7.13394
 110 -7.94089
 111 -7.09599
 112 -6.56163
 113 -6.73176
 114 -7.58935
 115 -5.78982
 116 -5.84307
 117 -6.54757
 118 -6.86908
 119 -5.90871
 120 -5.98799
 121 -6.16853
 122 -6.54705
 123 -6.25095
 124 -7.0291
 125 -7.74892
 126 -7.34122
 127 -5.8661
 128 -5.7896
 129 -6.69548
 130 -6.09331
 131 -5.95324
 132 -6.87795
 133 -6.91556
 134 -6.8474
 135 -6.01489
 136 -5.93344
 137 -6.11544
 138 -6.8648
 139 -6.05482
 140 -7.28035
 141 -5.21582
 142 -6.68737
 143 -5.30388
 144 -6.8913
 145 -5.56946
 146 -5.7681
 147 -5.69992
 148 -4.85356
 149 -5.64717
 150 -5.41666
 151 -6.65165
 152 -5.71502
 153 -5.91509
 154 -5.82624
 155 -5.97151
 156 -5.48767
 157 -6.28188
 158 -4.83649
 159 -5.73268
 160 -4.60963
 161 -5.54344
 162 -5.96099
 163 -5.66593
 164 -5.27164
 165 -6.84611
 166 -6.9743
 167 -5.97507
 168 -6.20982
