 1 -4.14337
 2 -3.51113
 3 -3.66154
 4 -3.93073
 5 -3.84107
 6 -3.42997
 7 -3.54572
 8 -3.86187
 9 -3.74218
 10 -3.60629
 11 -3.90688
 12 -4.15204
 13 -3.71365
 14 -4.99928
 15 -4.82457
 16 -4.62842
 17 -4.2941
 18 -3.70068
 19 -4.08625
 20 -4.14828
 21 -4.02891
 22 -4.42836
 23 -4.44286
 24 -4.55158
 25 -3.95413
 26 -4.53666
 27 -4.97962
 28 -4.70775
 29 -4.53507
 30 -4.36876
 31 -4.71563
 32 -4.52527
 33 -4.32997
 34 -3.96871
 35 -3.96925
 36 -3.8166
 37 -3.94224
 38 -3.83194
 39 -4.61878
 40 -4.87783
 41 -4.49711
 42 -4.37914
 43 -4.28043
 44 -4.67446
 45 -4.92262
 46 -4.65131
 47 -4.5491
 48 -4.03176
 49 -3.88421
 50 -3.94765
 51 -4.29645
 52 -3.85562
 53 -3.82356
 54 -3.66703
 55 -3.53833
 56 -3.53872
 57 -3.58518
 58 -3.82161
 59 -3.90614
 60 -3.65904
 61 -3.84593
 62 -4.15136
 63 -4.01802
 64 -3.98017
 65 -3.88321
 66 -3.65767
 67 -3.78705
 68 -4.07199
 69 -3.89744
 70 -3.90909
 71 -4.29954
 72 -4.47396
 73 -4.11296
 74 -3.98956
 75 -4.31732
 76 -4.68238
 77 -4.87761
 78 -4.46086
 79 -4.18161
 80 -3.61678
 81 -3.7376
 82 -4.13576
 83 -4.49341
 84 -4.62628
 85 -4.15861
 86 -3.73457
 87 -4.15972
