 1 -7.68131
 2 -7.48536
 3 -2.69382
 4 -3.79407
 5 -1.24376
 6 -2.38404
 7 -2.41971
 8 -5.46614
 9 -3.98217
 10 -6.99038
 11 -4.64741
 12 -3.95456
 13 -4.10696
 14 -3.99805
 15 -3.70443
 16 -2.74137
 17 -3.8946
 18 -3.05145
 19 -3.78221
 20 -4.25176
 21 -4.45737
 22 -4.85465
 23 -6.83825
 24 -5.30205
 25 -2.65934
 26 -4.00088
 27 -4.60783
 28 -3.85461
 29 -3.94517
 30 -2.07613
 31 -3.02614
 32 -2.58878
 33 -4.22098
 34 -3.84372
 35 -4.06749
 36 -4.26922
 37 -4.58501
 38 -2.20105
 39 -4.09365
 40 -2.52188
 41 -2.77318
 42 -3.21131
 43 -3.19404
 44 -1.73681
 45 -8.76466
 46 -4.60384
 47 -7.35032
 48 -6.3858
 49 -8.42466
 50 -3.26798
 51 -4.71165
 52 -6.00024
 53 -8.99802
 54 -3.86022
 55 -5.90028
 56 -7.19617
 57 -8.43722
 58 -3.94234
 59 -7.96248
 60 -7.75502
 61 -10.1331
 62 -4.73293
 63 -10.0818
 64 -7.63256
 65 -8.61921
 66 -5.64918
 67 -6.36712
 68 -8.43431
 69 -6.8999
 70 -3.55782
 71 -6.8031
 72 -6.07403
 73 -8.83216
 74 -4.85513
 75 -7.197
 76 -5.93533
 77 -8.80772
 78 -4.91169
 79 -8.00319
 80 -7.90535
 81 -7.87514
 82 -5.33008
 83 -5.90588
 84 -6.64973
