 1 -4.58101
 2 -4.64069
 3 -5.00738
 4 -5.10283
 5 -5.18743
 6 -5.05981
 7 -4.89561
 8 -4.57895
 9 -4.65029
 10 -4.33665
 11 -4.7352
 12 -4.89589
 13 -5.02221
 14 -5.20882
 15 -4.96032
 16 -4.90667
 17 -4.62848
 18 -4.45129
 19 -4.6854
 20 -4.68281
 21 -4.91025
 22 -4.67739
 23 -5.01269
 24 -4.64118
 25 -4.79939
 26 -4.81365
 27 -4.78833
 28 -4.5473
 29 -4.96805
 30 -4.8061
 31 -5.4507
 32 -4.77862
 33 -5.3748
 34 -5.11448
 35 -4.90154
 36 -4.72711
 37 -4.82706
 38 -4.85301
 39 -4.47416
 40 -4.68207
 41 -4.96997
 42 -4.90689
 43 -5.17081
 44 -5.06185
 45 -4.95094
 46 -5.40485
 47 -4.9352
 48 -4.80715
 49 -4.6433
 50 -4.88943
 51 -4.98216
 52 -4.79861
 53 -5.12192
 54 -5.20599
 55 -5.04899
 56 -4.68847
 57 -4.66617
 58 -4.74575
 59 -4.7985
 60 -4.90782
 61 -5.18971
 62 -5.53482
 63 -5.68104
 64 -5.72736
 65 -5.08238
 66 -4.63775
 67 -4.74042
 68 -4.22118
 69 -3.85591
 70 -4.10782
 71 -4.54968
 72 -4.81836
 73 -4.76536
 74 -6.32828
 75 -5.57942
 76 -4.96929
 77 -4.72982
 78 -5.54899
 79 -5.03491
 80 -5.38157
 81 -5.8936
 82 -6.73348
 83 -6.02411
 84 -4.54204
 85 -4.89541
 86 -4.65848
 87 -6.24358
 88 -5.40728
 89 -4.62561
 90 -5.47525
 91 -6.86226
 92 -4.80677
 93 -4.59116
 94 -4.7554
 95 -5.55638
 96 -5.05322
 97 -5.36352
 98 -6.80867
 99 -5.49176
 100 -5.13503
 101 -4.90861
 102 -5.09854
 103 -5.95272
 104 -4.95956
 105 -6.07163
 106 -5.03533
 107 -6.31851
 108 -5.39148
 109 -5.29464
 110 -4.64232
 111 -5.99421
 112 -5.51001
 113 -4.82063
 114 -5.05992
 115 -4.48349
 116 -5.28101
 117 -4.47353
 118 -5.35404
 119 -5.6735
 120 -4.93917
 121 -5.43526
 122 -4.28079
 123 -4.43489
 124 -4.33958
 125 -5.32561
 126 -5.67832
 127 -5.14974
 128 -4.61792
 129 -4.8122
 130 -4.66791
 131 -6.1579
 132 -5.18887
 133 -4.99206
 134 -4.96048
 135 -5.31048
 136 -5.29348
 137 -6.13078
 138 -5.69504
 139 -5.91397
 140 -5.98198
 141 -5.16283
 142 -4.92111
 143 -5.77522
 144 -5.10249
 145 -5.59513
 146 -5.23595
 147 -5.16773
 148 -6.4501
 149 -5.47407
 150 -4.86067
 151 -4.79475
 152 -4.90627
 153 -4.52568
 154 -6.87957
 155 -5.27806
 156 -5.49472
 157 -5.49129
 158 -5.08565
 159 -5.01864
 160 -4.43558
 161 -6.21828
 162 -4.65233
 163 -5.12889
 164 -5.04755
 165 -5.34921
 166 -4.54822
 167 -5.0246
 168 -5.05724
 169 -5.68882
 170 -5.41737
 171 -5.0824
 172 -5.3043
 173 -5.23623
 174 -5.54446
 175 -5.23979
 176 -5.42317
 177 -5.63988
 178 -6.26694
 179 -5.43363
 180 -6.3917
 181 -6.07918
 182 -5.07745
 183 -5.63483
 184 -4.96827
 185 -4.44358
 186 -4.37651
