 1 -5.8851
 2 -3.4487
 3 -4.67638
 4 -4.20094
 5 -3.61887
 6 -4.21313
 7 -3.37162
 8 -4.52557
 9 -3.6982
 10 -5.51378
 11 -5.37288
 12 -3.16539
 13 -4.51006
 14 -4.29984
 15 -3.64126
 16 -3.86781
 17 -3.80204
 18 -4.62224
 19 -3.10623
 20 -3.9447
 21 -3.87306
 22 -3.57603
 23 -3.4418
 24 -3.63614
 25 -3.856
 26 -3.49752
 27 -3.46501
 28 -3.48189
 29 -3.76314
 30 -3.75086
 31 -3.57471
 32 -3.46373
 33 -3.7846
 34 -3.83365
 35 -3.92787
 36 -3.81271
 37 -3.72054
 38 -3.67415
 39 -3.27434
 40 -3.43875
 41 -3.73166
 42 -3.62752
 43 -3.33289
 44 -3.39312
 45 -3.62459
 46 -3.521
 47 -3.3285
 48 -3.44122
 49 -3.28127
 50 -3.92599
 51 -3.62922
 52 -3.68011
 53 -3.81747
 54 -4.10208
 55 -3.58308
 56 -3.33557
 57 -3.59677
 58 -3.46323
 59 -3.24244
 60 -3.28028
 61 -3.54988
 62 -2.94146
 63 -3.31716
 64 -3.41807
 65 -3.13872
 66 -3.23573
 67 -3.18492
 68 -3.28957
 69 -3.24833
 70 -3.41674
 71 -3.70565
 72 -3.32884
 73 -3.48316
 74 -3.15469
 75 -3.20402
 76 -3.34917
 77 -3.10136
 78 -3.19496
 79 -2.93807
 80 -3.30571
 81 -3.15381
 82 -3.07064
 83 -2.66406
 84 -2.92057
 85 -3.37139
 86 -3.15667
 87 -3.1695
 88 -3.59176
 89 -3.33337
 90 -3.19307
 91 -3.37129
 92 -3.34652
 93 -4.17262
 94 -3.74017
 95 -3.00074
 96 -2.98539
 97 -3.53562
 98 -3.35162
 99 -3.46437
 100 -3.16498
 101 -3.39952
 102 -3.24128
 103 -2.954
 104 -2.93676
 105 -3.61414
 106 -3.09928
 107 -2.97797
 108 -3.16097
 109 -3.13736
 110 -3.21135
 111 -3.18753
 112 -2.86235
 113 -2.9918
 114 -2.88593
 115 -2.99775
 116 -3.04339
 117 -2.87494
 118 -2.81611
 119 -2.76138
 120 -3.29641
 121 -3.34199
 122 -3.08763
 123 -2.93282
 124 -3.14556
 125 -3.16133
 126 -3.18615
 127 -3.04588
 128 -3.05792
 129 -3.55146
 130 -3.24402
 131 -3.40519
 132 -3.29477
 133 -3.3347
 134 -3.24262
 135 -3.31878
 136 -3.47059
 137 -3.45455
 138 -3.08191
 139 -3.02184
 140 -3.17735
 141 -3.21087
 142 -3.45596
 143 -3.5222
 144 -3.22236
 145 -3.21746
 146 -3.39881
 147 -3.2096
 148 -3.38701
 149 -3.6466
 150 -3.07973
 151 -2.97802
 152 -3.25668
 153 -3.56998
 154 -3.33938
 155 -3.13246
 156 -3.16231
 157 -3.37417
 158 -3.23124
 159 -3.34539
 160 -3.30942
 161 -3.3931
 162 -3.25968
 163 -3.18494
 164 -3.74384
 165 -3.2573
 166 -3.38891
 167 -3.23249
 168 -3.35439
 169 -3.1228
 170 -3.17079
 171 -3.25256
 172 -3.29725
 173 -3.10174
 174 -3.13859
 175 -3.11297
 176 -2.84246
 177 -3.20834
 178 -3.29116
 179 -3.0418
 180 -3.13241
 181 -3.11316
 182 -2.79224
 183 -2.77975
 184 -2.74402
 185 -2.63836
 186 -2.70718
 187 -2.89418
 188 -2.6546
 189 -3.05689
