 1 -6.18283
 2 -5.80454
 3 -5.77574
 4 -7.08774
 5 -5.58229
 6 -6.17599
 7 -5.72809
 8 -5.84233
 9 -7.83879
 10 -6.56017
 11 -5.95238
 12 -6.90915
 13 -5.41499
 14 -5.80633
 15 -5.65176
 16 -5.85318
 17 -5.61129
 18 -6.00185
 19 -5.84129
 20 -6.50852
 21 -5.44807
 22 -5.51884
 23 -5.52407
 24 -5.64444
 25 -5.60583
 26 -5.60569
 27 -6.02119
 28 -7.08325
 29 -5.48581
 30 -5.69326
 31 -5.48022
 32 -5.78369
 33 -5.71251
 34 -5.48214
 35 -5.77033
 36 -6.25555
 37 -5.77967
 38 -5.18457
 39 -5.5217
 40 -5.8997
 41 -5.44241
 42 -5.68761
 43 -5.42435
 44 -6.07795
 45 -5.30184
 46 -5.31195
 47 -5.80534
 48 -6.2368
 49 -5.33839
 50 -5.97114
 51 -5.48768
 52 -6.29463
 53 -6.13707
 54 -5.23397
 55 -5.32972
 56 -5.62637
 57 -5.42729
 58 -5.58098
 59 -6.05536
 60 -5.64847
 61 -5.07703
 62 -5.28166
 63 -5.51683
 64 -5.66426
 65 -5.60006
 66 -5.38257
 67 -5.73026
 68 -6.20066
 69 -5.50755
 70 -5.33552
 71 -5.30178
 72 -5.92991
 73 -5.96141
 74 -5.34616
 75 -5.27667
 76 -5.6004
 77 -5.20581
 78 -5.54475
 79 -5.5107
 80 -6.06708
 81 -6.82014
 82 -4.89328
 83 -4.88316
 84 -5.16932
 85 -5.01424
 86 -5.32253
 87 -5.84303
 88 -5.72618
 89 -5.4471
 90 -5.17082
 91 -4.65935
 92 -5.16852
 93 -5.12826
 94 -5.91372
 95 -5.03227
 96 -6.81398
 97 -5.6315
 98 -5.08499
 99 -4.91454
 100 -5.11145
 101 -5.21028
 102 -5.26054
 103 -4.7977
 104 -6.19875
 105 -5.21673
 106 -5.12276
 107 -6.1636
 108 -5.56046
 109 -5.14026
 110 -5.96307
 111 -5.47018
 112 -5.27162
 113 -5.47059
 114 -4.86298
 115 -5.41594
 116 -5.07667
 117 -5.38575
 118 -5.45709
 119 -5.29527
 120 -5.2392
 121 -5.75081
 122 -5.2684
 123 -5.0368
 124 -5.38703
 125 -6.87106
 126 -6.23422
 127 -6.00596
 128 -4.96269
 129 -5.36803
 130 -5.30078
 131 -5.8784
 132 -5.38302
 133 -5.41585
 134 -5.28686
 135 -5.54593
 136 -5.45702
 137 -5.06835
 138 -5.17888
 139 -4.59993
 140 -5.27268
 141 -5.41706
 142 -6.27207
 143 -6.17991
 144 -6.96744
 145 -6.12394
 146 -5.08979
 147 -5.37612
 148 -6.02615
 149 -5.29981
 150 -5.35752
 151 -6.12633
 152 -8.1461
 153 -6.41103
 154 -5.7638
 155 -5.65572
 156 -5.66549
 157 -5.38656
 158 -6.07373
 159 -5.49455
 160 -5.85869
 161 -5.91932
 162 -6.92153
 163 -5.37483
 164 -5.42116
 165 -4.88991
 166 -5.41602
 167 -5.25917
 168 -5.03511
 169 -5.22426
 170 -6.04191
 171 -5.42145
 172 -5.05742
 173 -5.28309
 174 -5.363
 175 -5.68746
 176 -5.39437
 177 -5.3453
 178 -5.47306
 179 -5.2053
 180 -5.40603
 181 -5.64356
 182 -6.05009
 183 -5.24345
 184 -5.32448
 185 -5.39377
 186 -7.21128
 187 -5.43017
 188 -5.05952
 189 -5.10057
 190 -5.48487
 191 -5.60633
 192 -5.79196
