 1 -2.74573
 2 -4.05378
 3 -3.99071
 4 -3.76258
 5 -3.76744
 6 -4.17185
 7 -4.4618
 8 -3.87606
 9 -3.2426
 10 -3.30266
 11 -3.83241
 12 -3.36132
 13 -3.57497
 14 -3.72108
 15 -3.46674
 16 -3.15952
 17 -3.73201
 18 -3.81758
 19 -3.36601
 20 -3.63451
 21 -3.81744
 22 -3.66469
 23 -3.369
 24 -3.34022
 25 -3.19027
 26 -3.62057
 27 -3.60964
 28 -3.83954
 29 -3.31793
 30 -3.37433
 31 -3.36399
 32 -3.09574
 33 -3.5153
 34 -3.54759
 35 -3.5161
 36 -3.20754
 37 -3.27675
 38 -3.42236
 39 -3.3047
 40 -3.01266
 41 -3.3025
 42 -3.31402
 43 -3.41858
 44 -3.86072
 45 -3.6481
 46 -3.46909
 47 -3.24933
 48 -3.33778
 49 -3.51881
 50 -3.37097
 51 -3.02868
 52 -3.41491
 53 -3.74701
 54 -3.01099
 55 -3.43468
 56 -3.79848
 57 -3.22936
 58 -3.35409
 59 -3.37244
 60 -3.22032
 61 -2.77578
 62 -2.95126
 63 -2.7947
 64 -2.87223
 65 -3.19539
 66 -3.27201
 67 -3.37174
 68 -3.32386
 69 -3.22729
 70 -3.12075
 71 -3.30439
 72 -3.53354
 73 -3.42316
 74 -3.73874
 75 -3.30106
 76 -3.09532
 77 -3.24043
 78 -3.29087
 79 -3.12955
 80 -2.94551
 81 -2.88038
 82 -2.93831
 83 -2.99188
 84 -3.1303
 85 -2.90711
 86 -3.08636
 87 -3.07495
 88 -2.85908
 89 -2.81971
 90 -2.91262
 91 -2.98985
 92 -3.11559
 93 -2.98524
 94 -3.23943
 95 -3.18135
 96 -2.90199
 97 -3.02089
 98 -3.06081
 99 -3.15719
 100 -3.16879
 101 -3.00811
 102 -2.91611
 103 -3.05102
 104 -3.08626
 105 -3.27158
 106 -3.11269
 107 -3.33458
 108 -2.77445
 109 -3.08828
 110 -2.91312
 111 -2.83752
 112 -3.00616
 113 -2.82214
 114 -3.11724
 115 -3.5307
 116 -3.27215
 117 -3.01017
 118 -3.01201
 119 -3.12706
 120 -2.78386
 121 -2.98401
 122 -3.07538
 123 -3.21313
 124 -2.8498
 125 -3.11981
 126 -3.21107
 127 -3.96764
 128 -3.17578
 129 -3.1313
 130 -2.62748
 131 -3.12133
 132 -2.91364
 133 -3.03717
 134 -2.91012
 135 -2.65522
 136 -2.72036
 137 -2.93828
 138 -2.99871
 139 -2.98408
 140 -2.88859
 141 -2.79387
 142 -3.01152
 143 -3.68052
 144 -2.91956
 145 -2.9763
 146 -2.46746
 147 -2.46661
 148 -2.63371
 149 -2.68602
 150 -2.65831
 151 -2.55875
 152 -2.61614
