 1 -5.45458
 2 -4.92643
 3 -3.7099
 4 -5.7596
 5 -4.62906
 6 -4.4661
 7 -4.66014
 8 -4.1623
 9 -4.28744
 10 -5.23096
 11 -4.63238
 12 -2.72313
 13 -5.27097
 14 -4.79282
 15 -3.86554
 16 -4.84728
 17 -5.5511
 18 -2.66471
 19 -3.73217
 20 -4.15299
 21 -5.83058
 22 -3.01051
 23 -2.69441
 24 -4.26248
 25 -3.74352
 26 -4.39823
 27 -3.79956
 28 -3.8279
 29 -3.82093
 30 -4.03024
 31 -4.33843
 32 -4.27692
 33 -4.31386
 34 -4.14662
 35 -4.09033
 36 -4.19664
 37 -4.16658
 38 -3.98345
 39 -4.44076
 40 -4.48158
 41 -4.10721
 42 -4.0403
 43 -3.86387
 44 -4.22155
 45 -4.95272
 46 -4.51018
 47 -4.26348
 48 -3.56684
 49 -4.09812
 50 -4.01038
 51 -3.73696
 52 -3.64858
 53 -3.97364
 54 -3.61008
 55 -3.24642
 56 -3.02255
 57 -3.37371
 58 -3.73586
 59 -4.24783
 60 -3.9631
 61 -3.55612
 62 -3.74126
 63 -4.39993
 64 -3.48227
 65 -3.45941
 66 -3.58432
 67 -3.86129
 68 -4.16499
 69 -3.38987
 70 -3.64701
 71 -3.80701
 72 -3.67395
 73 -3.53732
 74 -3.30804
 75 -3.24679
 76 -3.43752
 77 -3.61302
 78 -3.66526
 79 -3.29441
 80 -2.83916
 81 -3.77187
 82 -4.4544
 83 -3.5778
 84 -3.73444
 85 -2.79129
 86 -4.04861
 87 -3.92666
 88 -3.09145
 89 -2.74074
 90 -3.80052
 91 -3.63209
 92 -3.58686
 93 -3.53025
 94 -3.33695
 95 -3.76231
 96 -3.39004
 97 -3.02405
 98 -3.86924
 99 -3.70829
 100 -3.79576
 101 -3.16968
 102 -3.27017
 103 -4.18449
 104 -3.06056
 105 -3.53422
 106 -3.20645
 107 -3.50553
 108 -3.25588
 109 -3.45734
 110 -3.38108
 111 -3.34174
 112 -2.95723
 113 -3.29637
 114 -3.60454
 115 -3.71313
 116 -3.86266
 117 -3.76043
 118 -3.4805
 119 -3.64805
 120 -3.40219
 121 -3.69595
 122 -3.83036
 123 -3.57451
 124 -4.16263
 125 -3.68897
 126 -3.94023
 127 -4.16859
 128 -3.59621
 129 -4.41374
 130 -3.69508
 131 -4.0212
 132 -3.45369
 133 -3.48811
 134 -3.08375
 135 -3.65606
 136 -3.55493
 137 -3.46651
 138 -3.53736
 139 -3.64237
 140 -3.47592
 141 -3.5788
 142 -3.73818
 143 -3.71913
 144 -3.59179
 145 -3.42467
 146 -3.69432
 147 -4.06181
 148 -3.7491
 149 -3.54577
 150 -3.78395
 151 -3.9614
 152 -3.80608
 153 -3.64539
 154 -3.92158
 155 -4.17395
 156 -3.61722
 157 -4.14031
 158 -4.20959
 159 -3.80842
 160 -3.61516
 161 -3.62632
 162 -3.58358
 163 -3.7047
 164 -3.72565
 165 -3.48962
 166 -3.4257
 167 -3.56722
 168 -3.4634
 169 -3.95619
 170 -3.82807
 171 -3.59225
 172 -3.14673
 173 -3.20924
 174 -3.47033
 175 -3.7545
 176 -3.25584
 177 -2.74896
 178 -2.90994
 179 -3.13861
 180 -3.45768
 181 -3.45463
 182 -3.66826
