 1 -4.23003
 2 -4.1164
 3 -4.33033
 4 -4.53357
 5 -4.60624
 6 -4.75807
 7 -4.39266
 8 -4.63811
 9 -5.22794
 10 -4.70486
 11 -4.75702
 12 -5.46037
 13 -4.64391
 14 -5.09573
 15 -4.85286
 16 -4.16713
 17 -5.57978
 18 -5.08964
 19 -4.42174
 20 -4.66379
 21 -5.01365
 22 -5.00619
 23 -4.47801
 24 -4.86141
 25 -5.22937
 26 -4.79155
 27 -6.2812
 28 -5.12725
 29 -4.02772
 30 -4.43379
 31 -4.26489
 32 -3.83818
 33 -3.86282
 34 -4.46806
 35 -4.87192
 36 -5.10505
 37 -4.58837
 38 -4.26011
 39 -4.20661
 40 -4.01084
 41 -3.96277
 42 -4.30889
 43 -3.95251
 44 -3.94108
 45 -3.7075
 46 -4.12834
 47 -3.76613
 48 -3.98262
 49 -5.09856
 50 -4.64162
 51 -4.2484
 52 -4.58368
 53 -4.35956
 54 -4.43454
 55 -4.48803
 56 -4.53156
 57 -4.41254
 58 -4.60535
 59 -3.99411
 60 -4.36425
 61 -4.45763
 62 -4.50154
 63 -4.39844
 64 -4.11949
 65 -4.07938
 66 -4.07368
 67 -4.09064
 68 -4.1593
 69 -4.21706
 70 -4.03279
 71 -4.4761
 72 -4.42431
 73 -4.38955
 74 -4.57725
 75 -4.44824
 76 -4.526
 77 -4.14262
 78 -4.35841
 79 -4.43163
 80 -4.22526
 81 -4.3274
 82 -4.34451
 83 -4.2318
 84 -4.13115
 85 -3.86704
 86 -4.03363
 87 -3.93368
 88 -4.027
 89 -4.22727
 90 -4.12645
 91 -4.16934
 92 -4.09473
 93 -3.90223
 94 -3.9353
 95 -4.26957
 96 -5.02205
 97 -4.13982
 98 -4.01754
 99 -4.26842
 100 -4.36341
 101 -4.16811
 102 -4.16268
 103 -3.91843
 104 -4.37208
 105 -4.21164
 106 -4.28088
 107 -4.20514
 108 -4.09718
 109 -3.87007
 110 -4.36625
 111 -4.23757
 112 -3.88122
 113 -3.82482
 114 -3.92812
 115 -4.01107
 116 -4.11995
 117 -3.98563
 118 -4.15996
 119 -3.88006
 120 -3.55286
 121 -3.93327
 122 -4.04691
 123 -4.00074
 124 -3.742
 125 -3.92161
 126 -3.99755
 127 -4.05029
 128 -3.75246
 129 -3.95087
 130 -3.928
 131 -3.98569
 132 -3.70683
 133 -4.07416
 134 -4.07121
 135 -3.51019
 136 -3.35311
 137 -3.66142
 138 -3.75057
 139 -3.44863
 140 -3.4918
 141 -3.74168
