 1 -5.04691
 2 -5.25121
 3 -5.52119
 4 -5.66505
 5 -5.38508
 6 -5.37342
 7 -4.42998
 8 -4.76163
 9 -5.43176
 10 -5.03523
 11 -4.89923
 12 -5.47299
 13 -4.98958
 14 -5.87639
 15 -5.08566
 16 -4.58613
 17 -4.1229
 18 -5.09824
 19 -4.89879
 20 -4.52934
 21 -5.33634
 22 -4.91849
 23 -4.62076
 24 -4.96051
 25 -5.57004
 26 -5.97458
 27 -4.0868
 28 -4.52707
 29 -5.31356
 30 -4.86995
 31 -4.9942
 32 -4.25181
 33 -4.01234
 34 -4.35148
 35 -4.20619
 36 -4.36347
 37 -4.35535
 38 -4.45368
 39 -4.12401
 40 -4.46282
 41 -4.44511
 42 -3.90769
 43 -3.6353
 44 -4.02974
 45 -3.99346
 46 -4.03379
 47 -3.83195
 48 -4.21249
 49 -4.15601
 50 -4.49285
 51 -4.2445
 52 -4.45732
 53 -4.29965
 54 -3.44531
 55 -4.22232
 56 -4.40229
 57 -4.17791
 58 -4.29033
 59 -4.30954
 60 -3.19445
 61 -4.52668
 62 -4.20724
 63 -5.39123
 64 -4.28777
 65 -4.49012
 66 -4.36717
 67 -4.61404
 68 -4.7701
 69 -4.62144
 70 -4.22558
 71 -4.50386
 72 -5.04005
 73 -4.0288
 74 -4.09281
 75 -4.49845
 76 -3.84357
 77 -3.94577
 78 -4.09722
 79 -4.73045
 80 -4.27666
 81 -4.0822
 82 -4.2094
 83 -4.10405
 84 -3.76615
 85 -4.56569
 86 -4.58841
 87 -4.21002
 88 -4.39733
 89 -4.45619
 90 -4.62563
 91 -4.45173
 92 -4.81458
 93 -4.38179
 94 -4.44333
 95 -4.49184
 96 -4.7138
 97 -4.38803
 98 -4.57746
 99 -4.71292
 100 -5.13687
 101 -4.46043
 102 -4.45758
 103 -4.55477
 104 -4.41884
 105 -4.34966
 106 -4.65097
 107 -4.70835
 108 -4.29641
 109 -4.405
 110 -4.13973
 111 -4.29102
 112 -4.41936
 113 -4.66373
 114 -4.39686
 115 -4.51309
 116 -5.08153
 117 -4.97044
 118 -4.61811
 119 -4.68878
 120 -4.51203
 121 -4.46908
 122 -4.45476
 123 -4.84819
 124 -4.43607
 125 -4.446
 126 -4.48317
 127 -4.82054
 128 -4.62943
 129 -4.63262
 130 -4.67751
 131 -4.6499
 132 -4.42332
 133 -4.60947
 134 -4.55754
 135 -4.65301
 136 -4.42509
 137 -4.34575
 138 -4.31324
 139 -4.69048
 140 -4.578
 141 -4.30003
 142 -4.78867
 143 -4.43033
 144 -4.68557
 145 -4.52744
 146 -4.63394
 147 -4.6701
 148 -4.57121
 149 -4.16154
 150 -4.30365
 151 -4.53494
 152 -4.55115
 153 -4.13389
 154 -4.02356
 155 -4.1276
 156 -3.96964
 157 -3.85255
 158 -3.48202
 159 -4.20908
