 1 -4.55366
 2 -3.40669
 3 -3.48834
 4 -4.27553
 5 -4.00376
 6 -3.79992
 7 -3.35319
 8 -3.83017
 9 -2.75712
 10 -4.32488
 11 -3.82835
 12 -3.82399
 13 -4.08947
 14 -3.51729
 15 -3.66676
 16 -4.84937
 17 -3.54987
 18 -4.7823
 19 -3.3135
 20 -4.50187
 21 -3.41259
 22 -4.87358
 23 -3.70098
 24 -4.13683
 25 -3.8464
 26 -4.61642
 27 -3.67553
 28 -3.14955
 29 -4.00395
 30 -3.4202
 31 -3.51139
 32 -3.66908
 33 -3.65677
 34 -3.29749
 35 -3.88859
 36 -3.65225
 37 -2.94114
 38 -3.82884
 39 -3.70953
 40 -3.11671
 41 -3.60865
 42 -3.7301
 43 -2.71289
 44 -2.78717
 45 -3.91166
 46 -3.23546
 47 -3.7932
 48 -3.75024
 49 -3.3364
 50 -3.24204
 51 -4.00788
 52 -3.31151
 53 -3.62452
 54 -2.99727
 55 -2.87954
 56 -3.55205
 57 -3.20428
 58 -2.76431
 59 -2.96334
 60 -3.95275
 61 -3.0161
 62 -3.35834
 63 -2.85496
 64 -2.81494
 65 -3.15114
 66 -3.23063
 67 -3.01512
 68 -3.03048
 69 -2.86159
 70 -2.57133
 71 -2.79893
 72 -3.09113
 73 -3.0015
 74 -2.90209
 75 -2.81645
 76 -3.12947
 77 -3.40606
 78 -3.265
 79 -3.48457
 80 -3.81581
 81 -3.48375
 82 -3.19057
 83 -2.93464
 84 -3.31193
 85 -3.15186
 86 -2.81603
 87 -3.2063
 88 -2.67811
 89 -3.01048
 90 -3.29519
 91 -3.08129
 92 -2.79544
 93 -2.61717
 94 -3.52024
 95 -3.65343
 96 -3.50221
 97 -3.94497
 98 -3.58375
 99 -3.53392
 100 -2.9498
 101 -3.33528
 102 -3.53409
 103 -3.60891
 104 -2.8678
 105 -4.02669
 106 -3.22323
 107 -3.03265
 108 -3.13952
 109 -3.88475
 110 -2.68966
 111 -3.18276
 112 -4.28098
 113 -2.78836
 114 -2.90381
 115 -3.90318
 116 -2.50929
 117 -2.34288
 118 -3.20876
 119 -4.93133
 120 -2.67423
 121 -3.24046
 122 -3.73821
 123 -2.88432
 124 -2.97099
 125 -4.61896
 126 -2.81367
 127 -2.8345
 128 -6.1765
 129 -2.96963
 130 -3.33285
 131 -4.03568
 132 -2.69009
 133 -2.53084
 134 -4.17093
 135 -2.7015
 136 -3.35579
 137 -3.15691
 138 -3.12775
 139 -3.2213
 140 -3.96581
 141 -2.52236
 142 -3.60219
 143 -4.13345
 144 -2.87193
 145 -3.98207
 146 -4.15621
 147 -3.04838
 148 -4.16966
 149 -2.86719
 150 -2.96716
 151 -2.9713
 152 -3.69015
 153 -2.63162
 154 -2.99586
 155 -3.43914
 156 -2.60322
 157 -3.48601
