 1 -4.70586
 2 -5.45982
 3 -5.09212
 4 -4.94694
 5 -8.59266
 6 -7.08755
 7 -6.07879
 8 -7.44776
 9 -6.21246
 10 -5.45794
 11 -5.9323
 12 -6.71264
 13 -4.79508
 14 -5.93578
 15 -6.36107
 16 -7.92927
 17 -5.21959
 18 -5.12893
 19 -4.37684
 20 -6.81963
 21 -6.41196
 22 -5.73307
 23 -5.62539
 24 -6.51433
 25 -5.02063
 26 -5.03624
 27 -4.55964
 28 -5.73201
 29 -5.203
 30 -5.56652
 31 -4.99162
 32 -4.73809
 33 -4.45138
 34 -4.29692
 35 -3.96203
 36 -4.66246
 37 -4.2626
 38 -5.04534
 39 -4.28545
 40 -5.59482
 41 -4.16684
 42 -3.97904
 43 -5.53988
 44 -4.90579
 45 -4.61959
 46 -3.1135
 47 -3.56373
 48 -3.76502
 49 -3.98875
 50 -3.66582
 51 -3.33109
 52 -4.18381
 53 -4.33822
 54 -4.03101
 55 -3.83504
 56 -4.01297
 57 -3.88047
 58 -2.80085
 59 -3.36137
 60 -3.27727
 61 -3.13935
 62 -3.6616
 63 -4.4055
 64 -3.15237
 65 -3.65845
 66 -3.94978
 67 -2.82075
 68 -3.82159
 69 -3.09678
 70 -4.11775
 71 -3.26174
 72 -4.8529
 73 -3.49697
 74 -3.56286
 75 -3.16018
 76 -3.81526
 77 -3.58335
 78 -3.4935
 79 -3.2399
 80 -3.13092
 81 -4.07836
 82 -2.74471
 83 -2.94198
 84 -2.4897
 85 -2.85364
 86 -2.58504
 87 -3.31253
 88 -3.29367
 89 -3.50412
 90 -2.77806
 91 -3.5647
 92 -2.94297
 93 -2.95606
 94 -3.71533
 95 -4.76581
 96 -3.31357
 97 -3.55932
 98 -2.29557
 99 -2.92256
 100 -2.98804
 101 -3.48649
 102 -2.86138
 103 -4.0832
 104 -3.07739
 105 -3.57707
 106 -3.38316
 107 -4.80158
 108 -7.46081
 109 -4.32546
 110 -4.5865
 111 -4.86631
 112 -5.12615
 113 -3.21099
 114 -3.3457
 115 -3.88212
 116 -3.90318
 117 -4.6213
