 1 -3.64212
 2 -3.55288
 3 -3.32397
 4 -3.36006
 5 -3.89186
 6 -3.86414
 7 -3.56717
 8 -3.12964
 9 -3.79643
 10 -3.70322
 11 -3.67374
 12 -2.92097
 13 -3.65833
 14 -3.75395
 15 -3.65902
 16 -3.14433
 17 -3.32805
 18 -3.71506
 19 -3.86032
 20 -3.12766
 21 -3.56372
 22 -3.53157
 23 -3.58876
 24 -3.02876
 25 -3.52029
 26 -3.41029
 27 -3.76124
 28 -3.91296
 29 -2.88543
 30 -3.20892
 31 -3.4132
 32 -2.96097
 33 -2.75535
 34 -3.40821
 35 -3.51372
 36 -3.3603
 37 -3.15454
 38 -3.24531
 39 -3.72593
 40 -3.11266
 41 -3.39951
 42 -3.95711
 43 -3.64856
 44 -3.10692
 45 -3.4429
 46 -3.6446
 47 -3.86889
 48 -3.64296
 49 -3.50347
 50 -3.64243
 51 -3.54803
 52 -3.75344
 53 -3.4617
 54 -3.54056
 55 -4.08102
 56 -4.34524
 57 -3.66729
 58 -3.60945
 59 -4.00276
 60 -4.38553
 61 -3.76796
 62 -4.00689
 63 -4.14087
 64 -3.86821
 65 -3.52035
 66 -3.75696
 67 -3.78087
 68 -3.60782
 69 -3.77265
 70 -3.71896
 71 -3.78566
 72 -3.99211
 73 -3.6195
 74 -3.56474
 75 -3.72457
 76 -3.79277
 77 -3.67965
 78 -3.6098
 79 -3.49007
 80 -3.76563
 81 -3.51409
 82 -3.38006
 83 -3.75227
 84 -4.17777
 85 -3.30051
 86 -3.26225
 87 -3.41972
 88 -3.75561
 89 -3.60256
 90 -3.47097
 91 -3.60054
 92 -3.94183
 93 -3.13186
 94 -3.51507
 95 -3.72817
 96 -3.865
 97 -3.51156
 98 -3.0665
 99 -3.57316
 100 -3.93407
 101 -3.38189
 102 -3.40496
 103 -3.78381
 104 -3.8632
 105 -3.25044
 106 -3.65685
 107 -3.7266
 108 -3.76757
 109 -3.66482
 110 -3.6073
 111 -3.50462
 112 -3.66484
 113 -3.49046
 114 -3.3676
 115 -3.66056
 116 -3.4305
 117 -3.93348
 118 -3.79693
 119 -3.91955
 120 -3.89979
 121 -3.05935
 122 -3.38889
 123 -3.62897
 124 -3.91755
 125 -2.30243
 126 -3.30636
 127 -3.65473
 128 -3.4876
 129 -3.16365
 130 -3.52752
 131 -3.46166
 132 -3.33354
 133 -3.18575
 134 -3.30353
 135 -3.85487
 136 -3.69203
 137 -3.27876
 138 -3.5186
 139 -3.85287
 140 -3.95065
 141 -3.70288
 142 -3.52702
 143 -3.70341
 144 -3.3694
 145 -3.51826
 146 -2.99397
 147 -3.21318
 148 -2.64197
 149 -2.82392
 150 -3.35787
 151 -3.29163
 152 -3.08697
 153 -3.1742
 154 -3.238
 155 -3.46413
 156 -3.33709
 157 -3.2815
 158 -3.17714
 159 -3.72536
 160 -3.86518
 161 -3.50351
 162 -3.47517
 163 -3.64836
 164 -3.60256
 165 -2.99631
 166 -3.22866
 167 -3.6608
 168 -3.63562
 169 -2.97011
 170 -3.1543
 171 -3.69886
 172 -3.25756
 173 -2.55193
 174 -2.94699
 175 -3.54762
 176 -2.63046
 177 -2.94513
 178 -3.19719
 179 -3.62452
 180 -3.49261
 181 -2.9849
 182 -3.03534
 183 -3.39596
 184 -3.80031
 185 -3.2041
 186 -3.06475
 187 -3.49078
 188 -3.2517
 189 -3.54524
 190 -3.79224
 191 -3.56073
 192 -3.91587
 193 -3.59287
 194 -2.95866
 195 -3.50705
 196 -3.98517
 197 -3.52593
 198 -3.60109
 199 -3.33573
 200 -2.64263
