 1 -4.48355
 2 -8.8764
 3 -7.88386
 4 -7.16911
 5 -5.71729
 6 -5.09327
 7 -5.66235
 8 -4.82066
 9 -6.04903
 10 -5.42281
 11 -6.08923
 12 -6.18744
 13 -5.80261
 14 -6.82578
 15 -5.45048
 16 -6.47744
 17 -5.43476
 18 -6.61319
 19 -5.7861
 20 -5.94054
 21 -5.98875
 22 -5.24387
 23 -5.83273
 24 -6.04802
 25 -5.34561
 26 -7.30356
 27 -4.73174
 28 -6.69351
 29 -5.47178
 30 -5.12969
 31 -6.51292
 32 -4.76289
 33 -4.93005
 34 -3.73037
 35 -5.81051
 36 -8.87964
 37 -9.11569
 38 -8.98653
 39 -7.04439
 40 -8.53252
 41 -8.1862
 42 -10.3685
 43 -9.78817
 44 -8.76905
 45 -9.49399
 46 -9.08637
 47 -8.97383
 48 -9.16808
 49 -8.50333
 50 -7.41226
 51 -8.48088
 52 -7.6017
 53 -5.81678
 54 -5.77523
 55 -9.63245
 56 -5.96098
 57 -5.68841
 58 -4.85257
 59 -4.47663
 60 -5.5667
 61 -6.04
 62 -7.11218
 63 -10.4567
 64 -8.58832
 65 -7.05341
 66 -7.69506
 67 -6.27559
 68 -8.04039
 69 -6.28836
 70 -5.97197
 71 -9.14901
 72 -7.65167
 73 -7.33011
 74 -6.88246
 75 -7.96728
 76 -8.39439
 77 -10.0727
 78 -8.75511
 79 -7.84812
 80 -10.3981
 81 -8.14266
 82 -7.32346
 83 -10.4224
 84 -9.63293
 85 -8.58212
 86 -10.6995
 87 -11.3226
 88 -9.58283
 89 -11.2216
 90 -9.10122
 91 -11.8521
 92 -10.1151
 93 -7.84554
 94 -10.7513
 95 -7.69415
 96 -11.5775
 97 -11.4894
 98 -6.93628
 99 -11.4688
 100 -7.68437
 101 -11.5564
 102 -8.32447
 103 -6.80282
 104 -10.6273
 105 -8.36162
 106 -8.47306
 107 -8.09721
 108 -5.07137
 109 -11.2252
 110 -10.8084
 111 -5.71725
 112 -8.0388
 113 -4.80471
 114 -6.47289
 115 -8.21924
 116 -8.70678
 117 -7.02268
 118 -5.85311
