 1 -4.37022
 2 -4.35697
 3 -4.34423
 4 -4.3202
 5 -4.30888
 6 -4.28756
 7 -4.27752
 8 -4.2586
 9 -4.24968
 10 -4.24111
 11 -4.20991
 12 -4.1893
 13 -4.18288
 14 -4.17666
 15 -4.17062
 16 -4.15348
 17 -4.13749
 18 -4.13236
 19 -4.11741
 20 -4.11253
 21 -4.10769
 22 -4.10288
 23 -4.09809
 24 -4.0933
 25 -4.08852
 26 -4.08373
 27 -4.07893
 28 -4.07411
 29 -4.06927
 30 -4.06439
 31 -4.05947
 32 -4.05451
 33 -4.04445
 34 -4.03935
 35 -4.03418
 36 -4.02895
 37 -4.02366
 38 -4.01831
 39 -4.01289
 40 -4.00741
 41 -4.00186
 42 -3.99624
 43 -3.99056
 44 -3.98481
 45 -3.97899
 46 -3.97311
 47 -3.96717
 48 -3.96117
 49 -3.95511
 50 -3.94899
 51 -3.94282
 52 -3.9366
 53 -3.93034
 54 -3.92403
 55 -3.91768
 56 -3.9113
 57 -3.90489
 58 -3.89845
 59 -3.892
 60 -3.88552
 61 -3.87904
 62 -3.87255
 63 -3.86605
 64 -3.85957
 65 -3.85309
 66 -3.84662
 67 -3.84018
 68 -3.83377
 69 -3.82738
 70 -3.82104
 71 -3.81473
 72 -3.80848
 73 -3.80228
 74 -3.79614
 75 -3.79006
 76 -3.78406
 77 -3.77813
 78 -3.77228
 79 -3.76652
 80 -3.76085
 81 -3.75527
 82 -3.74979
 83 -3.74442
 84 -3.73916
 85 -3.73401
 86 -3.72897
 87 -3.72405
 88 -3.71926
 89 -3.71459
 90 -3.71004
 91 -3.70563
 92 -3.70135
 93 -3.69721
 94 -3.6932
 95 -3.68933
 96 -3.6856
 97 -3.682
 98 -3.67854
 99 -3.67522
 100 -3.67204
 101 -3.669
 102 -3.66609
 103 -3.66332
 104 -3.66068
 105 -3.65817
 106 -3.65578
 107 -3.65352
 108 -3.65138
 109 -3.64936
 110 -3.64745
 111 -3.64564
 112 -3.64394
 113 -3.64234
 114 -3.64083
 115 -3.63941
 116 -3.63807
 117 -3.6368
 118 -3.63559
 119 -3.63445
 120 -3.63335
 121 -3.6323
 122 -3.63128
 123 -3.63029
 124 -3.62932
 125 -3.62836
 126 -3.62739
 127 -3.62642
 128 -3.62543
 129 -3.6244
 130 -3.62334
 131 -3.62223
 132 -3.62106
 133 -3.61982
 134 -3.6185
 135 -3.61709
 136 -3.61558
 137 -3.61396
 138 -3.61222
 139 -3.61035
 140 -3.60834
 141 -3.60617
 142 -3.60385
 143 -3.60136
 144 -3.59869
 145 -3.59584
 146 -3.59279
 147 -3.58953
 148 -3.58607
 149 -3.58239
 150 -3.57849
 151 -3.57436
 152 -3.56999
 153 -3.56539
 154 -3.56054
 155 -3.55545
 156 -3.55012
 157 -3.54454
 158 -3.53871
 159 -3.53264
 160 -3.52632
 161 -3.51977
 162 -3.51298
 163 -3.50596
 164 -3.49873
 165 -3.49128
 166 -3.48363
 167 -3.4758
 168 -3.46779
 169 -3.45963
 170 -3.45133
 171 -3.4429
 172 -3.43439
 173 -3.4258
 174 -3.41716
 175 -3.40851
 176 -3.39987
 177 -3.39127
 178 -3.38277
 179 -3.37439
 180 -3.36617
 181 -3.35817
 182 -3.35042
