 1 -4.85215
 2 -4.85513
 3 -4.85644
 4 -4.85619
 5 -4.85453
 6 -4.85157
 7 -4.84742
 8 -4.8422
 9 -4.83601
 10 -4.82895
 11 -4.8211
 12 -4.81257
 13 -4.80344
 14 -4.79379
 15 -4.78369
 16 -4.77321
 17 -4.76243
 18 -4.75141
 19 -4.7402
 20 -4.72887
 21 -4.71747
 22 -4.70604
 23 -4.69463
 24 -4.68328
 25 -4.67203
 26 -4.66092
 27 -4.64998
 28 -4.63924
 29 -4.62873
 30 -4.61847
 31 -4.60848
 32 -4.58033
 33 -4.57161
 34 -4.56323
 35 -4.5552
 36 -4.54754
 37 -4.54025
 38 -4.53333
 39 -4.52677
 40 -4.52059
 41 -4.51478
 42 -4.50934
 43 -4.50427
 44 -4.49955
 45 -4.49518
 46 -4.49116
 47 -4.48748
 48 -4.48412
 49 -4.48108
 50 -4.47835
 51 -4.47592
 52 -4.47377
 53 -4.4719
 54 -4.46892
 55 -4.46778
 56 -4.46687
 57 -4.46616
 58 -4.46565
 59 -4.46532
 60 -4.46515
 61 -4.46514
 62 -4.46526
 63 -4.46551
 64 -4.46586
 65 -4.46632
 66 -4.46686
 67 -4.46747
 68 -4.46815
 69 -4.46887
 70 -4.46963
 71 -4.47042
 72 -4.47122
 73 -4.47202
 74 -4.47282
 75 -4.47361
 76 -4.47438
 77 -4.47512
 78 -4.47582
 79 -4.47648
 80 -4.4771
 81 -4.47765
 82 -4.47815
 83 -4.47859
 84 -4.47896
 85 -4.47926
 86 -4.47949
 87 -4.47964
 88 -4.47973
 89 -4.47974
 90 -4.47967
 91 -4.47953
 92 -4.47932
 93 -4.47904
 94 -4.4787
 95 -4.47829
 96 -4.47782
 97 -4.47729
 98 -4.47671
 99 -4.47607
 100 -4.4754
 101 -4.47468
 102 -4.47394
 103 -4.47316
 104 -4.47236
 105 -4.47154
 106 -4.47071
 107 -4.46987
 108 -4.46902
 109 -4.46818
 110 -4.46735
 111 -4.46653
 112 -4.46572
 113 -4.46493
 114 -4.46416
 115 -4.46341
 116 -4.46268
 117 -4.46198
 118 -4.4613
 119 -4.46064
 120 -4.46
 121 -4.45937
 122 -4.45875
 123 -4.45813
 124 -4.4575
 125 -4.45685
 126 -4.45616
 127 -4.45543
 128 -4.45463
 129 -4.45375
 130 -4.45277
 131 -4.45165
 132 -4.45038
 133 -4.44892
 134 -4.44724
 135 -4.44531
 136 -4.44308
 137 -4.44051
 138 -4.43756
 139 -4.43418
 140 -4.43031
 141 -4.42589
 142 -4.42086
 143 -4.41516
 144 -4.40871
 145 -4.40143
 146 -4.39324
 147 -4.38405
 148 -4.37378
 149 -4.36232
 150 -4.34956
 151 -4.33541
 152 -4.31973
 153 -4.3024
 154 -4.2833
 155 -4.26228
 156 -4.23921
 157 -4.21392
 158 -4.18626
 159 -4.15605
