 1 -3.52877
 2 -3.52877
 3 -3.52877
 4 -3.52877
 5 -3.52877
 6 -3.52877
 7 -3.52877
 8 -3.52877
 9 -3.52877
 10 -3.52877
 11 -3.52877
 12 -3.52877
 13 -3.52877
 14 -3.52877
 15 -3.52877
 16 -3.52877
 17 -3.52877
 18 -3.52877
 19 -3.52877
 20 -3.52877
 21 -3.52877
 22 -3.52877
 23 -3.52877
 24 -3.52877
 25 -3.52877
 26 -3.52877
 27 -3.52877
 28 -3.52877
 29 -3.52877
 30 -3.52877
 31 -3.52877
 32 -3.52877
 33 -3.52877
 34 -3.52877
 35 -3.52877
 36 -3.52877
 37 -3.52877
 38 -3.52877
 39 -3.52877
 40 -3.52877
 41 -3.52877
 42 -3.52877
 43 -3.52877
 44 -3.52877
 45 -3.52877
 46 -3.52877
 47 -3.52877
 48 -3.52877
 49 -3.52877
 50 -3.52877
 51 -3.52877
 52 -3.52877
 53 -3.52877
 54 -3.52877
 55 -3.52877
 56 -3.52877
 57 -3.52877
 58 -3.52877
 59 -3.52877
 60 -3.52877
 61 -3.52877
 62 -3.52877
 63 -3.52877
 64 -3.52877
 65 -3.52877
 66 -3.52877
 67 -3.52877
 68 -3.52877
 69 -3.52877
 70 -3.52877
 71 -3.52877
 72 -3.52877
 73 -3.52877
 74 -3.52877
 75 -3.52877
 76 -3.52877
 77 -3.52877
 78 -3.52877
 79 -3.52877
 80 -3.52877
 81 -3.52877
 82 -3.52877
 83 -3.52877
 84 -3.52877
 85 -3.52877
 86 -3.52877
 87 -3.52877
 88 -3.52877
 89 -3.52877
 90 -3.52877
 91 -3.52877
 92 -3.52877
 93 -3.52877
 94 -3.52877
 95 -3.52877
 96 -3.52877
 97 -3.52877
 98 -3.52877
 99 -3.52877
 100 -3.52877
 101 -3.52877
 102 -3.52877
 103 -3.52877
 104 -3.52877
 105 -3.52877
 106 -3.52877
 107 -3.52877
 108 -3.52877
 109 -3.52877
 110 -3.52877
 111 -3.52877
 112 -3.52877
 113 -3.52877
 114 -3.52877
 115 -3.52877
 116 -3.52877
 117 -3.52877
 118 -3.52877
 119 -3.52877
 120 -3.52877
 121 -3.52877
 122 -3.52877
 123 -3.52877
 124 -3.52877
 125 -3.52877
 126 -3.52877
 127 -3.52877
 128 -3.52877
 129 -3.52877
 130 -3.52877
 131 -3.52877
 132 -3.52877
 133 -3.52877
 134 -3.52877
 135 -3.52877
 136 -3.52877
 137 -3.52877
 138 -3.52877
 139 -3.52877
 140 -3.52877
 141 -3.52877
 142 -3.52877
 143 -3.52877
 144 -3.52877
 145 -3.52877
 146 -3.52877
 147 -3.52877
 148 -3.52877
 149 -3.52877
 150 -3.52877
 151 -3.52877
 152 -3.52877
 153 -3.52877
 154 -3.52877
 155 -3.52877
 156 -3.52877
 157 -3.52877
 158 -3.52877
 159 -3.52877
 160 -3.52877
 161 -3.52877
 162 -3.52877
 163 -3.52877
 164 -3.52877
 165 -3.52877
 166 -3.52877
 167 -3.52877
 168 -3.52877
 169 -3.52877
 170 -3.52877
 171 -3.52877
 172 -3.52877
 173 -3.52877
 174 -3.52877
 175 -3.52877
 176 -3.52877
 177 -3.52877
 178 -3.52877
 179 -3.52877
 180 -3.52877
 181 -3.52877
 182 -3.52877
 183 -3.52877
 184 -3.52877
 185 -3.52877
 186 -3.52877
 187 -3.52877
 188 -3.52877
 189 -3.52877
 190 -3.52877
 191 -3.52877
 192 -3.52877
 193 -3.52877
 194 -3.52877
 195 -3.52877
 196 -3.52877
 197 -3.52877
 198 -3.52877
 199 -3.52877
 200 -3.52877
