 1 -5.08556
 2 -5.08556
 3 -5.08556
 4 -5.08556
 5 -5.08556
 6 -5.08556
 7 -5.08556
 8 -5.08556
 9 -5.08556
 10 -5.08556
 11 -5.08556
 12 -5.08556
 13 -5.08556
 14 -5.08556
 15 -5.08556
 16 -5.08556
 17 -5.08556
 18 -5.08556
 19 -5.08556
 20 -5.08556
 21 -5.08556
 22 -5.08556
 23 -5.08556
 24 -5.08556
 25 -5.08556
 26 -5.08556
 27 -5.08556
 28 -5.08556
 29 -5.08556
 30 -5.08556
 31 -5.08556
 32 -5.08556
 33 -5.08556
 34 -5.08556
 35 -5.08556
 36 -5.08556
 37 -5.08556
 38 -5.08556
 39 -5.08556
 40 -5.08556
 41 -5.08556
 42 -5.08556
 43 -5.08556
 44 -5.08556
 45 -5.08556
 46 -5.08556
 47 -5.08556
 48 -5.08556
 49 -5.08556
 50 -5.08556
 51 -5.08556
 52 -5.08556
 53 -5.08556
 54 -5.08556
 55 -5.08556
 56 -5.08556
 57 -5.08556
 58 -5.08556
 59 -5.08556
 60 -5.08556
 61 -5.08556
 62 -5.08556
 63 -5.08556
 64 -5.08556
 65 -5.08556
 66 -5.08556
 67 -5.08556
 68 -5.08556
 69 -5.08556
 70 -5.08556
 71 -5.08556
 72 -5.08556
 73 -5.08556
 74 -5.08556
 75 -5.08556
 76 -5.08556
 77 -5.08556
 78 -5.08556
 79 -5.08556
 80 -5.08556
 81 -5.08556
 82 -5.08556
 83 -5.08556
 84 -5.08556
 85 -5.08556
 86 -5.08556
 87 -5.08556
 88 -5.08556
 89 -5.08556
 90 -5.08556
 91 -5.08556
 92 -5.08556
 93 -5.08556
 94 -5.08556
 95 -5.08556
 96 -5.08556
 97 -5.08556
 98 -5.08556
 99 -5.08556
 100 -5.08556
 101 -5.08556
 102 -5.08556
 103 -5.08556
 104 -5.08556
 105 -5.08556
 106 -5.08556
 107 -5.08556
 108 -5.08556
 109 -5.08556
 110 -5.08556
 111 -5.08556
 112 -5.08556
 113 -5.08556
 114 -5.08556
 115 -5.08556
 116 -5.08556
 117 -5.08556
 118 -5.08556
 119 -5.08556
 120 -5.08556
 121 -5.08556
 122 -5.08556
 123 -5.08556
 124 -5.08556
 125 -5.08556
 126 -5.08556
 127 -5.08556
 128 -5.08556
 129 -5.08556
 130 -5.08556
 131 -5.08556
 132 -5.08556
 133 -5.08556
 134 -5.08556
 135 -5.08556
 136 -5.08556
 137 -5.08556
 138 -5.08556
 139 -5.08556
 140 -5.08556
 141 -5.08556
 142 -5.08556
 143 -5.08556
 144 -5.08556
 145 -5.08556
 146 -5.08556
 147 -5.08556
 148 -5.08556
 149 -5.08556
 150 -5.08556
 151 -5.08556
 152 -5.08556
 153 -5.08556
 154 -5.08556
 155 -5.08556
 156 -5.08556
 157 -5.08556
 158 -5.08556
 159 -5.08556
 160 -5.08556
 161 -5.08556
 162 -5.08556
 163 -5.08556
 164 -5.08556
 165 -5.08556
 166 -5.08556
 167 -5.08556
 168 -5.08556
 169 -5.08556
 170 -5.08556
 171 -5.08556
 172 -5.08556
 173 -5.08556
 174 -5.08556
 175 -5.08556
 176 -5.08556
 177 -5.08556
 178 -5.08556
 179 -5.08556
 180 -5.08556
 181 -5.08556
 182 -5.08556
 183 -5.08556
 184 -5.08556
 185 -5.08556
 186 -5.08556
