 1 -3.37026
 2 -3.37026
 3 -3.37026
 4 -3.37026
 5 -3.37026
 6 -3.37026
 7 -3.37026
 8 -3.37026
 9 -3.37026
 10 -3.37026
 11 -3.37026
 12 -3.37026
 13 -3.37026
 14 -3.37026
 15 -3.37026
 16 -3.37026
 17 -3.37026
 18 -3.37026
 19 -3.37026
 20 -3.37026
 21 -3.37026
 22 -3.37026
 23 -3.37026
 24 -3.37026
 25 -3.37026
 26 -3.37026
 27 -3.37026
 28 -3.37026
 29 -3.37026
 30 -3.37026
 31 -3.37026
 32 -3.37026
 33 -3.37026
 34 -3.37026
 35 -3.37026
 36 -3.37026
 37 -3.37026
 38 -3.37026
 39 -3.37026
 40 -3.37026
 41 -3.37026
 42 -3.37026
 43 -3.37026
 44 -3.37026
 45 -3.37026
 46 -3.37026
 47 -3.37026
 48 -3.37026
 49 -3.37026
 50 -3.37026
 51 -3.37026
 52 -3.37026
 53 -3.37026
 54 -3.37026
 55 -3.37026
 56 -3.37026
 57 -3.37026
 58 -3.37026
 59 -3.37026
 60 -3.37026
 61 -3.37026
 62 -3.37026
 63 -3.37026
 64 -3.37026
 65 -3.37026
 66 -3.37026
 67 -3.37026
 68 -3.37026
 69 -3.37026
 70 -3.37026
 71 -3.37026
 72 -3.37026
 73 -3.37026
 74 -3.37026
 75 -3.37026
 76 -3.37026
 77 -3.37026
 78 -3.37026
 79 -3.37026
 80 -3.37026
 81 -3.37026
 82 -3.37026
 83 -3.37026
 84 -3.37026
 85 -3.37026
 86 -3.37026
 87 -3.37026
 88 -3.37026
 89 -3.37026
 90 -3.37026
 91 -3.37026
 92 -3.37026
 93 -3.37026
 94 -3.37026
 95 -3.37026
 96 -3.37026
 97 -3.37026
 98 -3.37026
 99 -3.37026
 100 -3.37026
 101 -3.37026
 102 -3.37026
 103 -3.37026
 104 -3.37026
 105 -3.37026
 106 -3.37026
 107 -3.37026
 108 -3.37026
 109 -3.37026
 110 -3.37026
 111 -3.37026
 112 -3.37026
 113 -3.37026
 114 -3.37026
 115 -3.37026
 116 -3.37026
 117 -3.37026
 118 -3.37026
 119 -3.37026
 120 -3.37026
 121 -3.37026
 122 -3.37026
 123 -3.37026
 124 -3.37026
 125 -3.37026
 126 -3.37026
 127 -3.37026
 128 -3.37026
 129 -3.37026
 130 -3.37026
 131 -3.37026
 132 -3.37026
 133 -3.37026
 134 -3.37026
 135 -3.37026
 136 -3.37026
 137 -3.37026
 138 -3.37026
 139 -3.37026
 140 -3.37026
 141 -3.37026
 142 -3.37026
 143 -3.37026
 144 -3.37026
 145 -3.37026
 146 -3.37026
 147 -3.37026
 148 -3.37026
 149 -3.37026
 150 -3.37026
 151 -3.37026
 152 -3.37026
 153 -3.37026
 154 -3.37026
 155 -3.37026
 156 -3.37026
 157 -3.37026
