 1 -4.21481
 2 -4.18723
 3 -4.16073
 4 -4.11095
 5 -4.08765
 6 -4.02391
 7 -4.00467
 8 -3.95268
 9 -3.9372
 10 -3.92261
 11 -3.90889
 12 -3.896
 13 -3.88394
 14 -3.87267
 15 -3.86217
 16 -3.85241
 17 -3.84338
 18 -3.83504
 19 -3.82737
 20 -3.82034
 21 -3.81393
 22 -3.79816
 23 -3.79397
 24 -3.78702
 25 -3.78422
 26 -3.78184
 27 -3.77985
 28 -3.77822
 29 -3.77693
 30 -3.77596
 31 -3.77529
 32 -3.77489
 33 -3.77475
 34 -3.77483
 35 -3.77512
 36 -3.7756
 37 -3.77624
 38 -3.77703
 39 -3.77898
 40 -3.78011
 41 -3.78131
 42 -3.78386
 43 -3.78519
 44 -3.78652
 45 -3.78786
 46 -3.78918
 47 -3.79172
 48 -3.79293
 49 -3.79406
 50 -3.7978
 51 -3.79848
 52 -3.79984
 53 -3.80003
 54 -3.8001
 55 -3.80002
 56 -3.7998
 57 -3.79944
 58 -3.79893
 59 -3.79827
 60 -3.79746
 61 -3.7965
 62 -3.7954
 63 -3.79414
 64 -3.79274
 65 -3.79119
 66 -3.78949
 67 -3.78568
 68 -3.78133
 69 -3.77896
 70 -3.77646
 71 -3.76828
 72 -3.76534
 73 -3.76231
 74 -3.75267
 75 -3.74931
 76 -3.74588
 77 -3.74239
 78 -3.73885
 79 -3.73526
 80 -3.73164
 81 -3.72799
 82 -3.72431
 83 -3.72062
 84 -3.71323
 85 -3.70953
 86 -3.70585
 87 -3.69855
 88 -3.69495
 89 -3.69139
 90 -3.68787
 91 -3.68441
 92 -3.681
 93 -3.67439
 94 -3.67119
 95 -3.66807
 96 -3.66503
 97 -3.66208
 98 -3.65923
 99 -3.6538
 100 -3.65124
 101 -3.64878
 102 -3.64642
 103 -3.64418
 104 -3.63809
 105 -3.63628
 106 -3.63298
 107 -3.63149
 108 -3.6301
 109 -3.62882
 110 -3.62763
 111 -3.62654
 112 -3.62553
 113 -3.62461
 114 -3.62377
 115 -3.62301
 116 -3.62231
 117 -3.62168
 118 -3.6211
 119 -3.62057
 120 -3.62007
 121 -3.61961
 122 -3.61917
 123 -3.61874
 124 -3.61831
 125 -3.61788
 126 -3.61742
 127 -3.61693
 128 -3.6164
 129 -3.61582
 130 -3.61517
 131 -3.61444
 132 -3.61362
 133 -3.61269
 134 -3.61164
 135 -3.61046
 136 -3.60913
 137 -3.60764
 138 -3.60598
 139 -3.60412
 140 -3.60206
 141 -3.59978
 142 -3.59726
 143 -3.5945
 144 -3.59147
 145 -3.58816
 146 -3.58456
 147 -3.58065
 148 -3.57642
 149 -3.57186
 150 -3.56695
 151 -3.56168
 152 -3.55603
 153 -3.55
 154 -3.54357
 155 -3.53674
 156 -3.52948
 157 -3.5218
 158 -3.51369
 159 -3.50513
 160 -3.49612
 161 -3.48665
 162 -3.47672
 163 -3.46634
 164 -3.45548
 165 -3.44416
 166 -3.43237
 167 -3.42012
 168 -3.40741
