 1 -5.57356
 2 -5.57356
 3 -5.57356
 4 -5.57356
 5 -5.57356
 6 -5.57356
 7 -5.57356
 8 -5.57356
 9 -5.57356
 10 -5.57356
 11 -5.57356
 12 -5.57356
 13 -5.57356
 14 -5.57356
 15 -5.57356
 16 -5.57356
 17 -5.57356
 18 -5.57356
 19 -5.57356
 20 -5.57356
 21 -5.57356
 22 -5.57356
 23 -5.57356
 24 -5.57356
 25 -5.57356
 26 -5.57356
 27 -5.57356
 28 -5.57356
 29 -5.57356
 30 -5.57356
 31 -5.57356
 32 -5.57356
 33 -5.57356
 34 -5.57356
 35 -5.57356
 36 -5.57356
 37 -5.57356
 38 -5.57356
 39 -5.57356
 40 -5.57356
 41 -5.57356
 42 -5.57356
 43 -5.57356
 44 -5.57356
 45 -5.57356
 46 -5.57356
 47 -5.57356
 48 -5.57356
 49 -5.57356
 50 -5.57356
 51 -5.57356
 52 -5.57356
 53 -5.57356
 54 -5.57356
 55 -5.57356
 56 -5.57356
 57 -5.57356
 58 -5.57356
 59 -5.57356
 60 -5.57356
 61 -5.57356
 62 -5.57356
 63 -5.57356
 64 -5.57356
 65 -5.57356
 66 -5.57356
 67 -5.57356
 68 -5.57356
 69 -5.57356
 70 -5.57356
 71 -5.57356
 72 -5.57356
 73 -5.57356
 74 -5.57356
 75 -5.57356
 76 -5.57356
 77 -5.57356
 78 -5.57356
 79 -5.57356
 80 -5.57356
 81 -5.57356
 82 -5.57356
 83 -5.57356
 84 -5.57356
 85 -5.57356
 86 -5.57356
 87 -5.57356
 88 -5.57356
 89 -5.57356
 90 -5.57356
 91 -5.57356
 92 -5.57356
 93 -5.57356
 94 -5.57356
 95 -5.57356
 96 -5.57356
 97 -5.57356
 98 -5.57356
 99 -5.57356
 100 -5.57356
 101 -5.57356
 102 -5.57356
 103 -5.57356
 104 -5.57356
 105 -5.57356
 106 -5.57356
 107 -5.57356
 108 -5.57356
 109 -5.57356
 110 -5.57356
 111 -5.57356
 112 -5.57356
 113 -5.57356
 114 -5.57356
 115 -5.57356
 116 -5.57356
 117 -5.57356
 118 -5.57356
 119 -5.57356
 120 -5.57356
 121 -5.57356
 122 -5.57356
 123 -5.57356
 124 -5.57356
 125 -5.57356
 126 -5.57356
 127 -5.57356
 128 -5.57356
 129 -5.57356
 130 -5.57356
 131 -5.57356
 132 -5.57356
 133 -5.57356
 134 -5.57356
 135 -5.57356
 136 -5.57356
 137 -5.57356
 138 -5.57356
 139 -5.57356
 140 -5.57356
 141 -5.57356
 142 -5.57356
 143 -5.57356
 144 -5.57356
 145 -5.57356
 146 -5.57356
 147 -5.57356
 148 -5.57356
 149 -5.57356
 150 -5.57356
 151 -5.57356
 152 -5.57356
 153 -5.57356
 154 -5.57356
 155 -5.57356
 156 -5.57356
 157 -5.57356
 158 -5.57356
 159 -5.57356
 160 -5.57356
 161 -5.57356
 162 -5.57356
 163 -5.57356
 164 -5.57356
 165 -5.57356
 166 -5.57356
 167 -5.57356
 168 -5.57356
 169 -5.57356
 170 -5.57356
 171 -5.57356
 172 -5.57356
 173 -5.57356
 174 -5.57356
 175 -5.57356
 176 -5.57356
 177 -5.57356
 178 -5.57356
 179 -5.57356
 180 -5.57356
 181 -5.57356
 182 -5.57356
 183 -5.57356
 184 -5.57356
 185 -5.57356
 186 -5.57356
 187 -5.57356
 188 -5.57356
 189 -5.57356
 190 -5.57356
 191 -5.57356
 192 -5.57356
