 1 -5.14006
 2 -5.14006
 3 -5.14006
 4 -5.14006
 5 -5.14006
 6 -5.14006
 7 -5.14006
 8 -5.14006
 9 -5.14006
 10 -5.14006
 11 -5.14006
 12 -5.14006
 13 -5.14006
 14 -5.14006
 15 -5.14006
 16 -5.14006
 17 -5.14006
 18 -5.14006
 19 -5.14006
 20 -5.14006
 21 -5.14006
 22 -5.14006
 23 -5.14006
 24 -5.14006
 25 -5.14006
 26 -5.14006
 27 -5.14006
 28 -5.14006
 29 -5.14006
 30 -5.14006
 31 -5.14006
 32 -5.14006
 33 -5.14006
 34 -5.14006
 35 -5.14006
 36 -5.14006
 37 -5.14006
 38 -5.14006
 39 -5.14006
 40 -5.14006
 41 -5.14006
 42 -5.14006
 43 -5.14006
 44 -5.14006
 45 -5.14006
 46 -5.14006
 47 -5.14006
 48 -5.14006
 49 -5.14006
 50 -5.14006
 51 -5.14006
 52 -5.14006
 53 -5.14006
 54 -5.14006
 55 -5.14006
 56 -5.14006
 57 -5.14006
 58 -5.14006
 59 -5.14006
 60 -5.14006
 61 -5.14006
 62 -5.14006
 63 -5.14006
 64 -5.14006
 65 -5.14006
 66 -5.14006
 67 -5.14006
 68 -5.14006
 69 -5.14006
 70 -5.14006
 71 -5.14006
 72 -5.14006
 73 -5.14006
 74 -5.14006
 75 -5.14006
 76 -5.14006
 77 -5.14006
 78 -5.14006
 79 -5.14006
 80 -5.14006
 81 -5.14006
 82 -5.14006
 83 -5.14006
 84 -5.14006
