 1 -4.6785
 2 -4.6785
 3 -4.6785
 4 -4.6785
 5 -4.6785
 6 -4.6785
 7 -4.6785
 8 -4.6785
 9 -4.6785
 10 -4.6785
 11 -4.6785
 12 -4.6785
 13 -4.6785
 14 -4.6785
 15 -4.6785
 16 -4.6785
 17 -4.6785
 18 -4.6785
 19 -4.6785
 20 -4.6785
 21 -4.6785
 22 -4.6785
 23 -4.6785
 24 -4.6785
 25 -4.6785
 26 -4.6785
 27 -4.6785
 28 -4.6785
 29 -4.6785
 30 -4.6785
 31 -4.6785
 32 -4.6785
 33 -4.6785
 34 -4.6785
 35 -4.6785
 36 -4.6785
 37 -4.6785
 38 -4.6785
 39 -4.6785
 40 -4.6785
 41 -4.6785
 42 -4.6785
 43 -4.6785
 44 -4.6785
 45 -4.6785
 46 -4.6785
 47 -4.6785
 48 -4.6785
 49 -4.6785
 50 -4.6785
 51 -4.6785
 52 -4.6785
 53 -4.6785
 54 -4.6785
 55 -4.6785
 56 -4.6785
 57 -4.6785
 58 -4.6785
 59 -4.6785
 60 -4.6785
 61 -4.6785
 62 -4.6785
 63 -4.6785
 64 -4.6785
 65 -4.6785
 66 -4.6785
 67 -4.6785
 68 -4.6785
 69 -4.6785
 70 -4.6785
 71 -4.6785
 72 -4.6785
 73 -4.6785
 74 -4.6785
 75 -4.6785
 76 -4.6785
 77 -4.6785
 78 -4.6785
 79 -4.6785
 80 -4.6785
 81 -4.6785
 82 -4.6785
 83 -4.6785
 84 -4.6785
 85 -4.6785
 86 -4.6785
 87 -4.6785
 88 -4.6785
 89 -4.6785
 90 -4.6785
 91 -4.6785
 92 -4.6785
 93 -4.6785
 94 -4.6785
 95 -4.6785
 96 -4.6785
 97 -4.6785
 98 -4.6785
 99 -4.6785
 100 -4.6785
 101 -4.6785
 102 -4.6785
 103 -4.6785
 104 -4.6785
 105 -4.6785
 106 -4.6785
 107 -4.6785
 108 -4.6785
 109 -4.6785
 110 -4.6785
 111 -4.6785
 112 -4.6785
 113 -4.6785
 114 -4.6785
 115 -4.6785
 116 -4.6785
 117 -4.6785
 118 -4.6785
 119 -4.6785
 120 -4.6785
 121 -4.6785
 122 -4.6785
 123 -4.6785
 124 -4.6785
 125 -4.6785
 126 -4.6785
 127 -4.6785
 128 -4.6785
 129 -4.6785
 130 -4.6785
 131 -4.6785
 132 -4.6785
 133 -4.6785
 134 -4.6785
 135 -4.6785
 136 -4.6785
 137 -4.6785
 138 -4.6785
 139 -4.6785
 140 -4.6785
 141 -4.6785
 142 -4.6785
 143 -4.6785
 144 -4.6785
 145 -4.6785
 146 -4.6785
 147 -4.6785
 148 -4.6785
 149 -4.6785
 150 -4.6785
 151 -4.6785
 152 -4.6785
 153 -4.6785
 154 -4.6785
 155 -4.6785
 156 -4.6785
 157 -4.6785
 158 -4.6785
 159 -4.6785
 160 -4.6785
 161 -4.6785
 162 -4.6785
 163 -4.6785
 164 -4.6785
 165 -4.6785
 166 -4.6785
 167 -4.6785
 168 -4.6785
 169 -4.6785
 170 -4.6785
 171 -4.6785
 172 -4.6785
 173 -4.6785
 174 -4.6785
 175 -4.6785
 176 -4.6785
 177 -4.6785
 178 -4.6785
 179 -4.6785
 180 -4.6785
 181 -4.6785
 182 -4.6785
 183 -4.6785
 184 -4.6785
 185 -4.6785
