 1 -3.66536
 2 -3.67546
 3 -3.67594
 4 -3.67035
 5 -3.66651
 6 -3.65645
 7 -3.6504
 8 -3.64378
 9 -3.63666
 10 -3.62911
 11 -3.62121
 12 -3.613
 13 -3.60455
 14 -3.59591
 15 -3.58712
 16 -3.57824
 17 -3.5693
 18 -3.56034
 19 -3.5514
 20 -3.54251
 21 -3.5337
 22 -3.52499
 23 -3.5164
 24 -3.50796
 25 -3.49969
 26 -3.4916
 27 -3.4837
 28 -3.47601
 29 -3.46853
 30 -3.46127
 31 -3.45425
 32 -3.44746
 33 -3.4409
 34 -3.43458
 35 -3.4285
 36 -3.42266
 37 -3.41705
 38 -3.41167
 39 -3.40651
 40 -3.40158
 41 -3.39686
 42 -3.39235
 43 -3.38804
 44 -3.37999
 45 -3.37623
 46 -3.37263
 47 -3.36919
 48 -3.3659
 49 -3.36274
 50 -3.3597
 51 -3.35677
 52 -3.35395
 53 -3.35122
 54 -3.34599
 55 -3.34347
 56 -3.33857
 57 -3.33617
 58 -3.33378
 59 -3.33141
 60 -3.32183
 61 -3.31937
 62 -3.31433
 63 -3.31173
 64 -3.30634
 65 -3.30355
 66 -3.30067
 67 -3.29468
 68 -3.29156
 69 -3.26708
 70 -3.25923
 71 -3.22896
 72 -3.21485
 73 -3.21003
 74 -3.20516
 75 -3.1853
 76 -3.18027
 77 -3.17018
 78 -3.15507
 79 -3.12569
 80 -3.12098
 81 -3.11634
 82 -3.11178
 83 -3.10731
 84 -3.09039
 85 -3.07886
 86 -3.07526
 87 -3.07179
 88 -3.05925
 89 -3.05645
 90 -3.05379
 91 -3.05127
 92 -3.04889
 93 -3.04664
 94 -3.04453
 95 -3.04254
 96 -3.04068
 97 -3.03894
 98 -3.03732
 99 -3.03581
 100 -3.03441
 101 -3.0331
 102 -3.03188
 103 -3.03074
 104 -3.02967
 105 -3.02867
 106 -3.02771
 107 -3.02679
 108 -3.02589
 109 -3.025
 110 -3.02411
 111 -3.0232
 112 -3.02225
 113 -3.02125
 114 -3.02018
 115 -3.01902
 116 -3.01775
 117 -3.01636
 118 -3.01481
 119 -3.01309
 120 -3.01117
 121 -3.00904
 122 -3.00666
 123 -3.00401
 124 -3.00107
 125 -2.99781
 126 -2.99421
 127 -2.99023
 128 -2.98584
 129 -2.98102
 130 -2.97575
 131 -2.96998
 132 -2.96368
 133 -2.95684
 134 -2.94941
 135 -2.94136
 136 -2.93266
 137 -2.92328
 138 -2.91319
 139 -2.90235
 140 -2.89073
 141 -2.8783
 142 -2.86502
 143 -2.85086
 144 -2.83579
 145 -2.81977
 146 -2.80278
 147 -2.78477
 148 -2.76572
 149 -2.7456
 150 -2.72436
 151 -2.702
 152 -2.67846
