 1 -3.51915
 2 -3.51915
 3 -3.51915
 4 -3.51915
 5 -3.51915
 6 -3.51915
 7 -3.51915
 8 -3.51915
 9 -3.51915
 10 -3.51915
 11 -3.51915
 12 -3.51915
 13 -3.51915
 14 -3.51915
 15 -3.51915
 16 -3.51915
 17 -3.51915
 18 -3.51915
 19 -3.51915
 20 -3.51915
 21 -3.51915
 22 -3.51915
 23 -3.51915
 24 -3.51915
 25 -3.51915
 26 -3.51915
 27 -3.51915
 28 -3.51915
 29 -3.51915
 30 -3.51915
 31 -3.51915
 32 -3.51915
 33 -3.51915
 34 -3.51915
 35 -3.51915
 36 -3.51915
 37 -3.51915
 38 -3.51915
 39 -3.51915
 40 -3.51915
 41 -3.51915
 42 -3.51915
 43 -3.51915
 44 -3.51915
 45 -3.51915
 46 -3.51915
 47 -3.51915
 48 -3.51915
 49 -3.51915
 50 -3.51915
 51 -3.51915
 52 -3.51915
 53 -3.51915
 54 -3.51915
 55 -3.51915
 56 -3.51915
 57 -3.51915
 58 -3.51915
 59 -3.51915
 60 -3.51915
 61 -3.51915
 62 -3.51915
 63 -3.51915
 64 -3.51915
 65 -3.51915
 66 -3.51915
 67 -3.51915
 68 -3.51915
 69 -3.51915
 70 -3.51915
 71 -3.51915
 72 -3.51915
 73 -3.51915
 74 -3.51915
 75 -3.51915
 76 -3.51915
 77 -3.51915
 78 -3.51915
 79 -3.51915
 80 -3.51915
 81 -3.51915
 82 -3.51915
 83 -3.51915
 84 -3.51915
 85 -3.51915
 86 -3.51915
 87 -3.51915
 88 -3.51915
 89 -3.51915
 90 -3.51915
 91 -3.51915
 92 -3.51915
 93 -3.51915
 94 -3.51915
 95 -3.51915
 96 -3.51915
 97 -3.51915
 98 -3.51915
 99 -3.51915
 100 -3.51915
 101 -3.51915
 102 -3.51915
 103 -3.51915
 104 -3.51915
 105 -3.51915
 106 -3.51915
 107 -3.51915
 108 -3.51915
 109 -3.51915
 110 -3.51915
 111 -3.51915
 112 -3.51915
 113 -3.51915
 114 -3.51915
 115 -3.51915
 116 -3.51915
 117 -3.51915
 118 -3.51915
 119 -3.51915
 120 -3.51915
 121 -3.51915
 122 -3.51915
 123 -3.51915
 124 -3.51915
 125 -3.51915
 126 -3.51915
 127 -3.51915
 128 -3.51915
 129 -3.51915
 130 -3.51915
 131 -3.51915
 132 -3.51915
 133 -3.51915
 134 -3.51915
 135 -3.51915
 136 -3.51915
 137 -3.51915
 138 -3.51915
 139 -3.51915
 140 -3.51915
 141 -3.51915
 142 -3.51915
 143 -3.51915
 144 -3.51915
 145 -3.51915
 146 -3.51915
 147 -3.51915
 148 -3.51915
 149 -3.51915
 150 -3.51915
 151 -3.51915
 152 -3.51915
 153 -3.51915
 154 -3.51915
 155 -3.51915
 156 -3.51915
 157 -3.51915
 158 -3.51915
 159 -3.51915
 160 -3.51915
 161 -3.51915
 162 -3.51915
 163 -3.51915
 164 -3.51915
 165 -3.51915
 166 -3.51915
 167 -3.51915
 168 -3.51915
 169 -3.51915
 170 -3.51915
 171 -3.51915
 172 -3.51915
 173 -3.51915
 174 -3.51915
 175 -3.51915
 176 -3.51915
 177 -3.51915
 178 -3.51915
 179 -3.51915
 180 -3.51915
 181 -3.51915
 182 -3.51915
 183 -3.51915
 184 -3.51915
 185 -3.51915
 186 -3.51915
 187 -3.51915
 188 -3.51915
 189 -3.51915
 190 -3.51915
 191 -3.51915
 192 -3.51915
 193 -3.51915
 194 -3.51915
 195 -3.51915
 196 -3.51915
 197 -3.51915
 198 -3.51915
 199 -3.51915
 200 -3.51915
