 1 -4.42444
 2 -4.53484
 3 -4.57933
 4 -4.61743
 5 -4.64965
 6 -4.67648
 7 -4.69837
 8 -4.71577
 9 -4.72907
 10 -4.73866
 11 -4.74491
 12 -4.74815
 13 -4.7487
 14 -4.74686
 15 -4.7429
 16 -4.72964
 17 -4.7208
 18 -4.71078
 19 -4.69975
 20 -4.6879
 21 -4.67538
 22 -4.66235
 23 -4.64894
 24 -4.62146
 25 -4.60759
 26 -4.59378
 27 -4.58008
 28 -4.55333
 29 -4.52782
 30 -4.51563
 31 -4.50387
 32 -4.49257
 33 -4.48174
 34 -4.4714
 35 -4.46156
 36 -4.45222
 37 -4.44339
 38 -4.43507
 39 -4.42724
 40 -4.4199
 41 -4.41304
 42 -4.40664
 43 -4.40069
 44 -4.39516
 45 -4.39004
 46 -4.38094
 47 -4.3732
 48 -4.36661
 49 -4.36368
 50 -4.36097
 51 -4.35844
 52 -4.35607
 53 -4.35384
 54 -4.35173
 55 -4.34969
 56 -4.34773
 57 -4.3458
 58 -4.342
 59 -4.34007
 60 -4.33811
 61 -4.33401
 62 -4.33184
 63 -4.32957
 64 -4.32719
 65 -4.31635
 66 -4.31004
 67 -4.29142
 68 -4.27832
 69 -4.27365
 70 -4.26884
 71 -4.26389
 72 -4.25881
 73 -4.25361
 74 -4.2483
 75 -4.24288
 76 -4.23737
 77 -4.2261
 78 -4.21456
 79 -4.20872
 80 -4.20284
 81 -4.19693
 82 -4.19101
 83 -4.18508
 84 -4.17915
 85 -4.17323
 86 -4.16733
 87 -4.16145
 88 -4.15561
 89 -4.1498
 90 -4.14403
 91 -4.13831
 92 -4.13265
 93 -4.12703
 94 -4.12147
 95 -4.11596
 96 -4.11051
 97 -4.10512
 98 -4.09977
 99 -4.09446
 100 -4.0892
 101 -4.08398
 102 -4.07878
 103 -4.0736
 104 -4.06842
 105 -4.06324
 106 -4.05805
 107 -4.05283
 108 -4.04757
 109 -4.04224
 110 -4.03684
 111 -4.03135
 112 -4.02574
 113 -4.02
 114 -4.01411
 115 -4.00805
 116 -4.00179
 117 -3.99531
 118 -3.9886
 119 -3.98162
 120 -3.97436
 121 -3.96679
 122 -3.95889
 123 -3.95064
 124 -3.94202
 125 -3.933
 126 -3.92357
 127 -3.91371
 128 -3.9034
 129 -3.89262
 130 -3.88137
 131 -3.86963
 132 -3.8574
 133 -3.84466
 134 -3.83142
 135 -3.81767
 136 -3.80343
 137 -3.78869
 138 -3.77348
 139 -3.75781
 140 -3.7417
 141 -3.72519
