 1 -4.1391
 2 -4.1391
 3 -4.1391
 4 -4.1391
 5 -4.1391
 6 -4.1391
 7 -4.1391
 8 -4.1391
 9 -4.1391
 10 -4.1391
 11 -4.1391
 12 -4.1391
 13 -4.1391
 14 -4.1391
 15 -4.1391
 16 -4.1391
 17 -4.1391
 18 -4.1391
 19 -4.1391
 20 -4.1391
 21 -4.1391
 22 -4.1391
 23 -4.1391
 24 -4.1391
 25 -4.1391
 26 -4.1391
 27 -4.1391
 28 -4.1391
 29 -4.1391
 30 -4.1391
 31 -4.1391
 32 -4.1391
 33 -4.1391
 34 -4.1391
 35 -4.1391
 36 -4.1391
 37 -4.1391
 38 -4.1391
 39 -4.1391
 40 -4.1391
 41 -4.1391
 42 -4.1391
 43 -4.1391
 44 -4.1391
 45 -4.1391
 46 -4.1391
 47 -4.1391
 48 -4.1391
 49 -4.1391
 50 -4.1391
 51 -4.1391
 52 -4.1391
 53 -4.1391
 54 -4.1391
 55 -4.1391
 56 -4.1391
 57 -4.1391
 58 -4.1391
 59 -4.1391
 60 -4.1391
 61 -4.1391
 62 -4.1391
 63 -4.1391
 64 -4.1391
