 1 -4.11578
 2 -4.11578
 3 -4.11578
 4 -4.11578
 5 -4.11578
 6 -4.11578
 7 -4.11578
 8 -4.11578
 9 -4.11578
 10 -4.11578
 11 -4.11578
 12 -4.11578
 13 -4.11578
 14 -4.11578
 15 -4.11578
 16 -4.11578
 17 -4.11578
 18 -4.11578
 19 -4.11578
 20 -4.11578
 21 -4.11578
 22 -4.11578
 23 -4.11578
 24 -4.11578
 25 -4.11578
 26 -4.11578
 27 -4.11578
 28 -4.11578
 29 -4.11578
 30 -4.11578
 31 -4.11578
 32 -4.11578
 33 -4.11578
 34 -4.11578
 35 -4.11578
 36 -4.11578
 37 -4.11578
 38 -4.11578
 39 -4.11578
 40 -4.11578
 41 -4.11578
 42 -4.11578
 43 -4.11578
 44 -4.11578
 45 -4.11578
 46 -4.11578
 47 -4.11578
 48 -4.11578
 49 -4.11578
 50 -4.11578
 51 -4.11578
 52 -4.11578
 53 -4.11578
 54 -4.11578
 55 -4.11578
 56 -4.11578
 57 -4.11578
 58 -4.11578
 59 -4.11578
 60 -4.11578
 61 -4.11578
 62 -4.11578
 63 -4.11578
 64 -4.11578
 65 -4.11578
 66 -4.11578
 67 -4.11578
 68 -4.11578
 69 -4.11578
 70 -4.11578
 71 -4.11578
 72 -4.11578
 73 -4.11578
 74 -4.11578
 75 -4.11578
 76 -4.11578
 77 -4.11578
 78 -4.11578
 79 -4.11578
 80 -4.11578
 81 -4.11578
 82 -4.11578
 83 -4.11578
 84 -4.11578
 85 -4.11578
 86 -4.11578
 87 -4.11578
