 1 -6.26426
 2 -6.22656
 3 -6.21674
 4 -6.19391
 5 -6.18818
 6 -6.17901
 7 -6.1754
 8 -6.17235
 9 -6.16978
 10 -6.16764
 11 -6.16586
 12 -6.16439
 13 -6.16219
 14 -6.16137
 15 -6.16069
 16 -6.1601
 17 -6.15958
 18 -6.15909
 19 -6.15862
 20 -6.15813
 21 -6.15761
 22 -6.15703
 23 -6.15639
 24 -6.15567
 25 -6.15486
 26 -6.15395
 27 -6.15293
 28 -6.1518
 29 -6.15055
 30 -6.14918
 31 -6.14769
 32 -6.14608
 33 -6.14435
 34 -6.1425
 35 -6.14055
 36 -6.13848
 37 -6.13631
 38 -6.13405
 39 -6.13169
 40 -6.12926
 41 -6.12675
 42 -6.12417
 43 -6.12154
 44 -6.11615
 45 -6.11341
 46 -6.11065
 47 -6.10788
 48 -6.10512
 49 -6.10236
 50 -6.09963
 51 -6.09693
 52 -6.09427
 53 -6.09166
 54 -6.0891
 55 -6.08662
 56 -6.08421
 57 -6.08189
 58 -6.07966
 59 -6.07753
 60 -6.07551
 61 -6.0736
 62 -6.07181
 63 -6.07014
 64 -6.06861
 65 -6.06721
 66 -6.06594
 67 -6.06483
 68 -6.06385
 69 -6.06303
 70 -6.06235
 71 -6.06183
 72 -6.06146
 73 -6.06124
 74 -6.06118
 75 -6.06126
 76 -6.0615
 77 -6.06188
 78 -6.06242
 79 -6.06309
 80 -6.06391
 81 -6.06486
 82 -6.06594
 83 -6.06715
 84 -6.06849
 85 -6.06993
 86 -6.07149
 87 -6.07316
 88 -6.07491
 89 -6.07676
 90 -6.07869
 91 -6.0807
 92 -6.08276
 93 -6.08489
 94 -6.08707
 95 -6.08928
 96 -6.09152
 97 -6.09379
 98 -6.09607
 99 -6.09834
 100 -6.10061
 101 -6.10728
 102 -6.1115
 103 -6.11352
 104 -6.11545
 105 -6.11731
 106 -6.11907
 107 -6.12072
 108 -6.12226
 109 -6.12368
 110 -6.12496
 111 -6.12611
 112 -6.12711
 113 -6.12796
 114 -6.12864
 115 -6.12916
 116 -6.1295
 117 -6.12966
 118 -6.12963
 119 -6.12942
 120 -6.12901
 121 -6.1284
 122 -6.12759
 123 -6.12657
 124 -6.12535
 125 -6.12391
 126 -6.12227
 127 -6.12042
 128 -6.11836
 129 -6.1161
 130 -6.11362
 131 -6.11095
 132 -6.10807
 133 -6.105
 134 -6.10174
 135 -6.0983
 136 -6.09467
 137 -6.09088
 138 -6.08692
 139 -6.08281
 140 -6.07856
 141 -6.06032
 142 -6.05064
 143 -6.04572
 144 -6.04075
 145 -6.03077
 146 -6.02579
 147 -6.02084
 148 -6.01112
 149 -6.00177
 150 -5.98486
 151 -5.97159
 152 -5.96351
 153 -5.96181
 154 -5.96221
 155 -5.96313
 156 -5.9646
 157 -5.96664
 158 -5.96927
 159 -5.97641
 160 -5.98095
 161 -5.98617
 162 -5.9921
 163 -5.99873
 164 -6.01422
 165 -6.03275
 166 -6.04318
 167 -6.05442
 168 -6.06645
