 1 -2.89979
 2 -2.89979
 3 -2.89979
 4 -2.89979
 5 -2.89979
 6 -2.89979
 7 -2.89979
 8 -2.89979
 9 -2.89979
 10 -2.89979
 11 -2.89979
 12 -2.89979
 13 -2.89979
 14 -2.89979
 15 -2.89979
 16 -2.89979
 17 -2.89979
 18 -2.89979
 19 -2.89979
 20 -2.89979
 21 -2.89979
 22 -2.89979
 23 -2.89979
 24 -2.89979
 25 -2.89979
 26 -2.89979
 27 -2.89979
 28 -2.89979
 29 -2.89979
 30 -2.89979
 31 -2.89979
 32 -2.89979
 33 -2.89979
 34 -2.89979
 35 -2.89979
 36 -2.89979
 37 -2.89979
 38 -2.89979
 39 -2.89979
 40 -2.89979
 41 -2.89979
 42 -2.89979
 43 -2.89979
 44 -2.89979
 45 -2.89979
 46 -2.89979
 47 -2.89979
 48 -2.89979
 49 -2.89979
 50 -2.89979
 51 -2.89979
 52 -2.89979
 53 -2.89979
 54 -2.89979
 55 -2.89979
 56 -2.89979
 57 -2.89979
 58 -2.89979
 59 -2.89979
 60 -2.89979
 61 -2.89979
 62 -2.89979
 63 -2.89979
 64 -2.89979
 65 -2.89979
 66 -2.89979
 67 -2.89979
 68 -2.89979
