 1 -3.91101
 2 -3.89033
 3 -3.86758
 4 -3.85969
 5 -3.85168
 6 -3.84359
 7 -3.83544
 8 -3.82725
 9 -3.8026
 10 -3.79441
 11 -3.78625
 12 -3.77815
 13 -3.7701
 14 -3.76211
 15 -3.7542
 16 -3.74637
 17 -3.73862
 18 -3.73096
 19 -3.7234
 20 -3.71592
 21 -3.70855
 22 -3.70127
 23 -3.69409
 24 -3.68701
 25 -3.68003
 26 -3.67315
 27 -3.66635
 28 -3.65965
 29 -3.65305
 30 -3.64652
 31 -3.64009
 32 -3.63373
 33 -3.62745
 34 -3.62124
 35 -3.61511
 36 -3.60904
 37 -3.60303
 38 -3.59708
 39 -3.59118
 40 -3.58533
 41 -3.57953
 42 -3.57376
 43 -3.56804
 44 -3.56234
 45 -3.55668
 46 -3.55104
 47 -3.54543
 48 -3.53983
 49 -3.53425
 50 -3.52868
 51 -3.52312
 52 -3.51757
 53 -3.51202
 54 -3.50647
 55 -3.50093
 56 -3.49539
 57 -3.48984
 58 -3.48429
 59 -3.47873
 60 -3.47317
 61 -3.46761
 62 -3.46204
 63 -3.45646
 64 -3.45088
 65 -3.4453
 66 -3.43971
 67 -3.43412
 68 -3.42853
 69 -3.42294
 70 -3.41736
 71 -3.41177
 72 -3.4062
 73 -3.40063
 74 -3.39508
 75 -3.38954
 76 -3.38403
 77 -3.37853
 78 -3.37306
 79 -3.36761
 80 -3.3622
 81 -3.35683
 82 -3.35149
 83 -3.3462
 84 -3.34096
 85 -3.33577
 86 -3.32557
 87 -3.32056
 88 -3.31562
 89 -3.31076
 90 -3.30598
 91 -3.30128
 92 -3.29666
 93 -3.29214
 94 -3.28771
 95 -3.28338
 96 -3.27915
 97 -3.27503
 98 -3.27102
 99 -3.26713
 100 -3.26335
 101 -3.25969
 102 -3.25616
 103 -3.25275
 104 -3.24947
 105 -3.24632
 106 -3.2433
 107 -3.24042
 108 -3.23767
 109 -3.23506
 110 -3.23259
 111 -3.23025
 112 -3.22806
 113 -3.226
 114 -3.22407
 115 -3.22229
 116 -3.22063
 117 -3.21912
 118 -3.21773
 119 -3.21647
 120 -3.21533
 121 -3.21431
 122 -3.21342
 123 -3.21263
 124 -3.21196
 125 -3.21138
 126 -3.21091
 127 -3.21052
 128 -3.21022
 129 -3.21
 130 -3.20984
 131 -3.20975
 132 -3.20971
 133 -3.20972
 134 -3.20975
 135 -3.20982
 136 -3.20989
 137 -3.20997
 138 -3.21004
 139 -3.21009
 140 -3.21011
 141 -3.21009
 142 -3.21
 143 -3.20984
 144 -3.2096
 145 -3.20926
 146 -3.2088
 147 -3.20822
 148 -3.20749
 149 -3.2066
 150 -3.20554
 151 -3.20428
 152 -3.20282
 153 -3.20113
 154 -3.1992
 155 -3.19701
 156 -3.19455
 157 -3.19179
 158 -3.18873
 159 -3.18534
 160 -3.18161
 161 -3.17751
 162 -3.17304
 163 -3.16818
 164 -3.1629
 165 -3.1572
 166 -3.15105
 167 -3.14445
 168 -3.13737
 169 -3.1298
 170 -3.12173
 171 -3.11313
 172 -3.10401
 173 -3.09434
 174 -3.08412
 175 -3.07332
 176 -3.06195
 177 -3.04999
 178 -3.03743
 179 -3.02427
 180 -3.0105
 181 -2.99611
 182 -2.9811
 183 -2.96546
 184 -2.9492
 185 -2.93232
 186 -2.91482
 187 -2.89669
 188 -2.87796
 189 -2.85862
