 1 -5.28225
 2 -5.33039
 3 -5.41946
 4 -5.44051
 5 -5.59721
 6 -5.79764
 7 -5.81574
 8 -5.87028
 9 -5.88855
 10 -5.94376
 11 -5.9996
 12 -6.01837
 13 -6.03722
 14 -6.05614
 15 -6.09424
 16 -6.11341
 17 -6.17137
 18 -6.19084
 19 -6.24966
 20 -6.57091
 21 -6.63189
 22 -6.67256
 23 -6.77418
 24 -6.81476
 25 -6.83503
 26 -6.87552
 27 -6.91594
 28 -6.93612
 29 -6.97642
 30 -6.99654
 31 -7.01664
 32 -7.05679
 33 -7.07683
 34 -7.09685
 35 -7.13683
 36 -7.1568
 37 -7.19668
 38 -7.2166
 39 -7.23651
 40 -7.2564
 41 -7.29616
 42 -7.31603
 43 -7.33589
 44 -7.3756
 45 -7.41531
 46 -7.43516
 47 -7.45502
 48 -7.47488
 49 -7.49475
 50 -7.51463
 51 -7.55442
 52 -7.57434
 53 -7.61421
 54 -7.63418
 55 -7.65416
 56 -7.67416
 57 -7.69418
 58 -7.71423
 59 -7.7343
 60 -7.75439
 61 -7.7745
 62 -7.79464
 63 -7.81481
 64 -7.835
 65 -7.85521
 66 -7.87545
 67 -7.89571
 68 -7.916
 69 -7.93631
 70 -7.95664
 71 -7.97699
 72 -7.99737
 73 -8.01776
 74 -8.03816
 75 -8.05859
 76 -8.07902
 77 -8.09946
 78 -8.11991
 79 -8.14037
 80 -8.16082
 81 -8.18128
 82 -8.20173
 83 -8.24259
 84 -8.263
 85 -8.28338
 86 -8.30374
 87 -8.32407
 88 -8.34436
 89 -8.3646
 90 -8.3848
 91 -8.40495
 92 -8.42503
 93 -8.44505
 94 -8.46499
 95 -8.50463
 96 -8.52432
 97 -8.56338
 98 -8.58274
 99 -8.60198
 100 -8.62109
 101 -8.64006
 102 -8.65888
 103 -8.67755
 104 -8.69606
 105 -8.71439
 106 -8.73255
 107 -8.75052
 108 -8.76829
 109 -8.78587
 110 -8.80323
 111 -8.82037
 112 -8.85396
 113 -8.8704
 114 -8.88659
 115 -8.91819
 116 -8.93359
 117 -8.94871
 118 -8.99234
