 1 -6.87959
 2 -6.84107
 3 -6.79994
 4 -6.79125
 5 -6.78312
 6 -6.77554
 7 -6.74992
 8 -6.73954
 9 -6.73485
 10 -6.73046
 11 -6.72635
 12 -6.72249
 13 -6.71885
 14 -6.71542
 15 -6.71216
 16 -6.70907
 17 -6.70611
 18 -6.70326
 19 -6.70052
 20 -6.69785
 21 -6.69525
 22 -6.69269
 23 -6.69016
 24 -6.68764
 25 -6.68512
 26 -6.68259
 27 -6.68004
 28 -6.67744
 29 -6.6748
 30 -6.6721
 31 -6.66648
 32 -6.66355
 33 -6.6574
 34 -6.65418
 35 -6.6474
 36 -6.64383
 37 -6.64015
 38 -6.63635
 39 -6.63242
 40 -6.62837
 41 -6.62419
 42 -6.61989
 43 -6.61547
 44 -6.61093
 45 -6.60626
 46 -6.60148
 47 -6.59658
 48 -6.59157
 49 -6.58645
 50 -6.58123
 51 -6.5759
 52 -6.57049
 53 -6.56498
 54 -6.55939
 55 -6.55372
 56 -6.54798
 57 -6.54217
 58 -6.53631
 59 -6.53039
 60 -6.52443
 61 -6.51843
 62 -6.51239
 63 -6.50634
 64 -6.50027
 65 -6.4942
 66 -6.48812
 67 -6.48205
 68 -6.476
 69 -6.46997
 70 -6.46397
 71 -6.45801
 72 -6.4521
 73 -6.44624
 74 -6.44044
 75 -6.43471
 76 -6.42349
 77 -6.41801
 78 -6.41263
 79 -6.40735
 80 -6.40217
 81 -6.39712
 82 -6.39218
 83 -6.38737
 84 -6.38269
 85 -6.37373
 86 -6.36535
 87 -6.35041
 88 -6.34707
 89 -6.34086
 90 -6.338
 91 -6.3353
 92 -6.33276
 93 -6.3193
 94 -6.31567
 95 -6.31472
 96 -6.31388
 97 -6.31315
 98 -6.31199
 99 -6.31154
 100 -6.31117
 101 -6.31088
 102 -6.31064
 103 -6.31046
 104 -6.31032
 105 -6.31021
 106 -6.31013
 107 -6.31006
 108 -6.30999
 109 -6.30991
 110 -6.30981
 111 -6.30951
 112 -6.30929
 113 -6.309
 114 -6.30863
 115 -6.30818
 116 -6.30763
 117 -6.30697
 118 -6.30422
 119 -6.30302
 120 -6.30011
 121 -6.29839
 122 -6.28684
 123 -6.28389
 124 -6.28071
 125 -6.27731
 126 -6.27367
 127 -6.26981
 128 -6.26139
 129 -6.25684
 130 -6.25207
 131 -6.24189
 132 -6.2365
 133 -6.21317
 134 -6.20698
 135 -6.20069
 136 -6.19432
 137 -6.18789
 138 -6.18144
 139 -6.17499
 140 -6.16859
 141 -6.16226
 142 -6.15606
 143 -6.15001
 144 -6.14417
 145 -6.1386
 146 -6.13333
 147 -6.12003
 148 -6.11663
 149 -6.11186
