 1 -4.20061
 2 -4.20061
 3 -4.20061
 4 -4.20061
 5 -4.20061
 6 -4.20061
 7 -4.20061
 8 -4.20061
 9 -4.20061
 10 -4.20061
 11 -4.20061
 12 -4.20061
 13 -4.20061
 14 -4.20061
 15 -4.20061
 16 -4.20061
 17 -4.20061
 18 -4.20061
 19 -4.20061
 20 -4.20061
 21 -4.20061
 22 -4.20061
 23 -4.20061
 24 -4.20061
 25 -4.20061
 26 -4.20061
 27 -4.20061
 28 -4.20061
 29 -4.20061
 30 -4.20061
 31 -4.20061
 32 -4.20061
 33 -4.20061
 34 -4.20061
 35 -4.20061
 36 -4.20061
 37 -4.20061
 38 -4.20061
 39 -4.20061
 40 -4.20061
 41 -4.20061
 42 -4.20061
 43 -4.20061
 44 -4.20061
 45 -4.20061
 46 -4.20061
 47 -4.20061
 48 -4.20061
 49 -4.20061
 50 -4.20061
 51 -4.20061
 52 -4.20061
 53 -4.20061
 54 -4.20061
 55 -4.20061
 56 -4.20061
 57 -4.20061
 58 -4.20061
 59 -4.20061
 60 -4.20061
 61 -4.20061
 62 -4.20061
 63 -4.20061
 64 -4.20061
 65 -4.20061
 66 -4.20061
 67 -4.20061
 68 -4.20061
 69 -4.20061
 70 -4.20061
 71 -4.20061
 72 -4.20061
 73 -4.20061
 74 -4.20061
 75 -4.20061
 76 -4.20061
 77 -4.20061
 78 -4.20061
 79 -4.20061
 80 -4.20061
 81 -4.20061
 82 -4.20061
 83 -4.20061
 84 -4.20061
 85 -4.20061
 86 -4.20061
 87 -4.20061
 88 -4.20061
 89 -4.20061
 90 -4.20061
 91 -4.20061
 92 -4.20061
 93 -4.20061
 94 -4.20061
 95 -4.20061
 96 -4.20061
 97 -4.20061
 98 -4.20061
 99 -4.20061
 100 -4.20061
 101 -4.20061
 102 -4.20061
 103 -4.20061
 104 -4.20061
 105 -4.20061
 106 -4.20061
 107 -4.20061
 108 -4.20061
 109 -4.20061
 110 -4.20061
 111 -4.20061
 112 -4.20061
 113 -4.20061
 114 -4.20061
 115 -4.20061
 116 -4.20061
 117 -4.20061
