 1 -2.00341
 2 -2.00341
 3 -2.00341
 4 -2.00341
 5 -2.00341
 6 -2.00341
 7 -2.00341
 8 -2.00341
 9 -2.00341
 10 -2.00341
 11 -2.00341
 12 -2.00341
 13 -2.00341
 14 -2.00341
 15 -2.00341
 16 -2.00341
 17 -2.00341
 18 -2.00341
 19 -2.00341
 20 -2.00341
 21 -2.00341
 22 -2.00341
 23 -2.00341
 24 -2.00341
 25 -2.00341
 26 -2.00341
 27 -2.00341
 28 -2.00341
 29 -2.00341
 30 -2.00341
 31 -2.00341
 32 -2.00341
 33 -2.00341
 34 -2.00341
 35 -2.00341
 36 -2.00341
 37 -2.00341
 38 -2.00341
 39 -2.00341
 40 -2.00341
 41 -2.00341
 42 -2.00341
 43 -2.00341
 44 -2.00341
 45 -2.00341
 46 -2.00341
 47 -2.00341
 48 -2.00341
 49 -2.00341
 50 -2.00341
 51 -2.00341
 52 -2.00341
 53 -2.00341
 54 -2.00341
 55 -2.00341
 56 -2.00341
 57 -2.00341
 58 -2.00341
 59 -2.00341
 60 -2.00341
 61 -2.00341
 62 -2.00341
 63 -2.00341
 64 -2.00341
 65 -2.00341
 66 -2.00341
 67 -2.00341
 68 -2.00341
 69 -2.00341
 70 -2.00341
 71 -2.00341
 72 -2.00341
 73 -2.00341
 74 -2.00341
 75 -2.00341
 76 -2.00341
 77 -2.00341
 78 -2.00341
 79 -2.00341
 80 -2.00341
 81 -2.00341
 82 -2.00341
 83 -2.00341
 84 -2.00341
 85 -2.00341
 86 -2.00341
 87 -2.00341
 88 -2.00341
 89 -2.00341
 90 -2.00341
 91 -2.00341
 92 -2.00341
 93 -2.00341
 94 -2.00341
 95 -2.00341
 96 -2.00341
 97 -2.00341
 98 -2.00341
 99 -2.00341
 100 -2.00341
 101 -2.00341
 102 -2.00341
 103 -2.00341
 104 -2.00341
 105 -2.00341
 106 -2.00341
 107 -2.00341
 108 -2.00341
 109 -2.00341
 110 -2.00341
 111 -2.00341
 112 -2.00341
 113 -2.00341
 114 -2.00341
 115 -2.00341
 116 -2.00341
 117 -2.00341
 118 -2.00341
 119 -2.00341
 120 -2.00341
 121 -2.00341
 122 -2.00341
 123 -2.00341
 124 -2.00341
 125 -2.00341
 126 -2.00341
 127 -2.00341
 128 -2.00341
 129 -2.00341
 130 -2.00341
 131 -2.00341
 132 -2.00341
 133 -2.00341
 134 -2.00341
 135 -2.00341
 136 -2.00341
 137 -2.00341
 138 -2.00341
 139 -2.00341
 140 -2.00341
 141 -2.00341
 142 -2.00341
 143 -2.00341
 144 -2.00341
 145 -2.00341
 146 -2.00341
 147 -2.00341
 148 -2.00341
 149 -2.00341
 150 -2.00341
 151 -2.00341
 152 -2.00341
 153 -2.00341
 154 -2.00341
 155 -2.00341
 156 -2.00341
 157 -2.00341
 158 -2.00341
 159 -2.00341
 160 -2.00341
 161 -2.00341
 162 -2.00341
 163 -2.00341
 164 -2.00341
 165 -2.00341
 166 -2.00341
 167 -2.00341
 168 -2.00341
 169 -2.00341
 170 -2.00341
 171 -2.00341
 172 -2.00341
 173 -2.00341
 174 -2.00341
 175 -2.00341
 176 -2.00341
 177 -2.00341
 178 -2.00341
 179 -2.00341
 180 -2.00341
 181 -2.00341
 182 -2.00341
 183 -2.00341
 184 -2.00341
 185 -2.00341
 186 -2.00341
 187 -2.00341
 188 -2.00341
 189 -2.00341
 190 -2.00341
 191 -2.00341
 192 -2.00341
 193 -2.00341
 194 -2.00341
 195 -2.00341
 196 -2.00341
 197 -2.00341
 198 -2.00341
 199 -2.00341
 200 -2.00341
